time,P12,P14,P21,P24,P27,P3,P6,P7,P8
0.0,50.0,0.0,0,2.0,4.0,0.5,0,0,0
0.4,50.0,0.0,0,2.0,4.0,0.5,0,0,0
0.4012,50.0,0.0,0,2.0,4.0,0.5,0,0,0
0.8012,50.0,0.0,0,2.0,4.0,0.5,0,0,0
0.8024,50.0,0.0,0,2.0,4.0,0.5,0,0,0
1.2024,50.0,0.0,0,2.0,4.0,0.5,0,0,0
1.2036,50.0,0.0,0,2.0,4.0,0.5,0,0,0
1.6036000000000001,50.0,0.0,0,2.0,4.0,0.5,0,0,0
1.6048000000000002,40.0,0.0,0,2.0,4.0,0.5,0,0,0
2.0048000000000004,40.0,0.0,0,2.0,4.0,0.5,0,0,0
2.0063000000000004,40.0,0.0,0,2.0,4.0,0.5,0,0,0
2.4063000000000003,40.0,0.0,0,2.0,4.0,0.5,0,0,0
2.4078000000000004,40.0,0.0,0,2.0,4.0,0.5,0,0,0
2.8078000000000003,40.0,0.0,0,2.0,4.0,0.5,0,0,0
2.8093000000000004,40.0,0.0,0,2.0,4.0,0.5,0,0,0
3.2093000000000003,40.0,0.0,0,2.0,4.0,0.5,0,0,0
3.2108000000000003,40.0,0.0,0,2.0,4.0,0.5,0,0,0
3.6108000000000002,40.0,0.0,0,2.0,4.0,0.5,0,0,0
3.6123000000000003,40.0,0.0,0,2.0,4.0,0.5,0,0,0
4.012300000000001,40.0,0.0,0,2.0,4.0,0.5,0,0,0
4.013800000000001,40.0,0.0,0,2.0,4.0,0.5,0,0,0
4.413800000000001,40.0,0.0,0,2.0,4.0,0.5,0,0,0
4.415300000000001,40.0,0.0,0,2.0,4.0,0.5,0,0,0
4.8153000000000015,40.0,0.0,0,2.0,4.0,0.5,0,0,0
4.8168000000000015,40.0,0.0,0,2.0,4.0,0.5,0,0,0
5.216800000000002,40.0,0.0,0,2.0,4.0,0.5,0,0,0
5.218300000000002,40.0,0.0,0,2.0,4.0,0.5,0,0,0
5.618300000000002,40.0,0.0,0,2.0,4.0,0.5,0,0,0
5.619800000000002,40.0,0.0,0,2.0,4.0,0.5,0,0,0
6.019800000000003,40.0,0.0,0,2.0,4.0,0.5,0,0,0
6.021300000000003,40.0,0.0,0,2.0,4.0,0.5,0,0,0
6.421300000000003,40.0,0.0,0,2.0,4.0,0.5,0,0,0
6.422800000000003,40.0,0.0,0,2.0,4.0,0.5,0,0,0
6.8228000000000035,40.0,0.0,0,2.0,4.0,0.5,0,0,0
6.824300000000004,30.0,0.0,0,2.0,4.0,0.5,0,0,0
7.224300000000004,30.0,0.0,0,2.0,4.0,0.5,0,0,0
7.226300000000004,20.0,0.0,0,2.0,4.0,0.5,0,0,0
7.626300000000004,20.0,0.0,0,2.0,4.0,0.5,0,0,0
7.629300000000004,20.0,0.0,0,2.0,4.0,0.5,0,0,0
8.029300000000005,20.0,0.0,0,2.0,4.0,0.5,0,0,0
8.032300000000005,20.0,0.0,0,2.0,4.0,0.5,0,0,0
8.432300000000005,20.0,0.0,0,2.0,4.0,0.5,0,0,0
8.435300000000005,20.0,0.0,0,2.0,4.0,0.5,0,0,0
8.835300000000005,20.0,0.0,0,2.0,4.0,0.5,0,0,0
8.838300000000006,20.0,0.0,0,2.0,4.0,0.5,0,0,0
9.238300000000006,20.0,0.0,0,2.0,4.0,0.5,0,0,0
9.241300000000006,20.0,0.0,0,2.0,4.0,0.5,0,0,0
9.641300000000006,20.0,0.0,0,2.0,4.0,0.5,0,0,0
9.644300000000007,20.0,0.0,0,2.0,4.0,0.5,0,0,0
10.044300000000007,20.0,0.0,0,2.0,4.0,0.5,0,0,0
10.047300000000007,20.0,0.0,0,2.0,4.0,0.5,0,0,0
10.447300000000007,20.0,0.0,0,2.0,4.0,0.5,0,0,0
10.450300000000007,20.0,0.0,0,2.0,4.0,0.5,0,0,0
10.850300000000008,20.0,0.0,0,2.0,4.0,0.5,0,0,0
10.853300000000008,20.0,0.0,0,2.0,5.0,0.5,0,0,0
11.253300000000008,20.0,0.0,0,2.0,5.0,0.5,0,0,0
11.256300000000008,20.0,0.0,0,2.0,5.0,0.5,0,0,0
11.656300000000009,20.0,0.0,0,2.0,5.0,0.5,0,0,0
11.659300000000009,20.0,0.0,0,2.0,5.0,0.5,0,0,0
12.05930000000001,20.0,0.0,0,2.0,5.0,0.5,0,0,0
12.06230000000001,20.0,0.0,0,2.0,5.0,0.5,0,0,0
12.46230000000001,20.0,0.0,0,2.0,5.0,0.5,0,0,0
12.46530000000001,20.0,0.0,0,2.0,5.0,0.5,0,0,0
12.86530000000001,20.0,0.0,0,2.0,5.0,0.5,0,0,0
12.86830000000001,20.0,0.0,0,2.0,5.0,0.5,0,0,0
13.26830000000001,20.0,0.0,0,2.0,5.0,0.5,0,0,0
13.27130000000001,20.0,0.0,0,2.0,5.0,0.5,0,0,0
13.671300000000011,20.0,0.0,0,2.0,5.0,0.5,0,0,0
13.674300000000011,20.0,0.0,0,2.0,5.0,0.5,0,0,0
14.074300000000012,20.0,0.0,0,2.0,5.0,0.5,0,0,0
14.077300000000012,20.0,0.0,0,2.0,5.0,0.5,0,0,0
14.477300000000012,20.0,0.0,0,2.0,5.0,0.5,0,0,0
14.480300000000012,20.0,0.0,0,2.0,5.0,0.5,0,0,0
14.880300000000013,20.0,0.0,0,2.0,5.0,0.5,0,0,0
14.883300000000013,30.0,0.0,0,2.0,5.0,0.5,0,0,0
15.283300000000013,30.0,0.0,0,2.0,5.0,0.5,0,0,0
15.285300000000014,30.0,0.0,0,2.0,5.0,0.5,0,0,0
15.685300000000014,30.0,0.0,0,2.0,5.0,0.5,0,0,0
15.687300000000015,30.0,0.0,0,2.0,5.0,0.5,0,0,0
16.087300000000013,30.0,0.0,0,2.0,5.0,0.5,0,0,0
16.089300000000012,30.0,0.0,0,2.0,5.0,0.5,0,0,0
16.48930000000001,30.0,0.0,0,2.0,5.0,0.5,0,0,0
16.49130000000001,30.0,0.0,0,2.0,5.0,0.5,0,0,0
16.891300000000008,30.0,0.0,0,2.0,5.0,0.5,0,0,0
16.893300000000007,30.0,0.0,0,2.0,5.0,0.5,0,0,0
17.293300000000006,30.0,0.0,0,2.0,5.0,0.5,0,0,0
17.295300000000005,30.0,0.0,0,2.0,5.0,0.5,0,0,0
17.695300000000003,30.0,0.0,0,2.0,5.0,0.5,0,0,0
17.697300000000002,30.0,0.0,0,2.0,5.0,0.5,0,0,0
18.0973,30.0,0.0,0,2.0,5.0,0.5,0,0,0
18.0993,30.0,0.0,0,2.0,5.0,0.5,0,0,0
18.499299999999998,30.0,0.0,0,2.0,5.0,0.5,0,0,0
18.501299999999997,30.0,0.0,0,2.0,5.0,0.5,0,0,0
18.901299999999996,30.0,0.0,0,2.0,5.0,0.5,0,0,0
18.903299999999994,30.0,0.0,0,2.0,5.0,0.5,0,0,0
19.303299999999993,30.0,0.0,0,2.0,5.0,0.5,0,0,0
19.305299999999992,30.0,0.0,0,2.0,5.0,0.5,0,0,0
19.70529999999999,30.0,0.0,0,2.0,5.0,0.5,0,0,0
19.70729999999999,30.0,0.0,0,2.0,5.0,0.5,0,0,0
20.107299999999988,30.0,0.0,0,2.0,5.0,0.5,0,0,0
20.109299999999987,30.0,0.0,0,2.0,5.0,0.5,0,0,0
20.509299999999985,30.0,0.0,0,2.0,5.0,0.5,0,0,0
20.511299999999984,40.0,0.0,0,2.0,5.0,0.5,0,0,0
20.911299999999983,40.0,0.0,0,2.0,5.0,0.5,0,0,0
20.912799999999983,40.0,0.0,0,2.0,5.0,0.5,0,0,0
21.31279999999998,40.0,0.0,0,2.0,5.0,0.5,0,0,0
21.31429999999998,40.0,0.0,0,2.0,5.0,0.5,0,0,0
21.71429999999998,40.0,0.0,0,2.0,5.0,0.5,0,0,0
21.71579999999998,40.0,0.0,0,2.0,5.0,0.5,0,0,0
22.11579999999998,40.0,0.0,0,2.0,5.0,0.5,0,0,0
22.11729999999998,40.0,0.0,0,2.0,5.0,0.5,0,0,0
22.517299999999977,40.0,0.0,0,2.0,5.0,0.5,0,0,0
22.518799999999978,40.0,0.0,0,2.0,5.0,0.5,0,0,0
22.918799999999976,40.0,0.0,0,2.0,5.0,0.5,0,0,0
22.920299999999976,40.0,0.0,0,2.0,5.0,0.5,0,0,0
23.320299999999975,40.0,0.0,0,2.0,5.0,0.5,0,0,0
23.321799999999975,40.0,0.0,0,2.0,5.0,0.5,0,0,0
23.721799999999973,40.0,0.0,0,2.0,5.0,0.5,0,0,0
23.723299999999973,40.0,0.0,0,2.0,5.0,0.5,0,0,0
24.123299999999972,40.0,0.0,0,2.0,5.0,0.5,0,0,0
24.124799999999972,40.0,0.0,0,2.0,5.0,0.5,0,0,0
24.52479999999997,40.0,0.0,0,2.0,5.0,0.5,0,0,0
24.52629999999997,40.0,0.0,0,2.0,5.0,0.5,0,0,0
24.92629999999997,40.0,0.0,0,2.0,5.0,0.5,0,0,0
24.92779999999997,40.0,0.0,0,2.0,5.0,0.5,0,0,0
25.327799999999968,40.0,0.0,0,2.0,5.0,0.5,0,0,0
25.329299999999968,40.0,0.0,0,2.0,5.0,0.5,0,0,0
25.729299999999967,40.0,0.0,0,2.0,5.0,0.5,0,0,0
25.730799999999967,40.0,0.0,0,2.0,5.0,0.5,0,0,0
26.130799999999965,40.0,0.0,0,2.0,5.0,0.5,0,0,0
26.132299999999965,40.0,0.0,0,2.0,5.0,0.5,0,0,0
26.532299999999964,40.0,0.0,0,2.0,5.0,0.5,0,0,0
26.533799999999964,40.0,0.0,0,2.0,5.0,0.5,0,0,0
26.933799999999962,40.0,0.0,0,2.0,5.0,0.5,0,0,0
26.935299999999962,40.0,0.0,0,2.0,5.0,0.5,0,0,0
27.33529999999996,40.0,0.0,0,2.0,5.0,0.5,0,0,0
27.33679999999996,40.0,0.0,0,2.0,5.0,0.5,0,0,0
27.73679999999996,40.0,0.0,0,2.0,5.0,0.5,0,0,0
27.73829999999996,40.0,0.0,0,2.0,5.0,0.5,0,0,0
28.13829999999996,40.0,0.0,0,2.0,5.0,0.5,0,0,0
28.13979999999996,40.0,0.0,0,2.0,5.0,0.5,0,0,0
28.539799999999957,40.0,0.0,0,2.0,5.0,0.5,0,0,0
28.541299999999957,30.0,0.0,0,2.0,5.0,0.5,0,0,0
28.941299999999956,30.0,0.0,0,2.0,5.0,0.5,0,0,0
28.943299999999955,30.0,0.0,0,2.0,5.0,0.5,0,0,0
29.343299999999953,30.0,0.0,0,2.0,5.0,0.5,0,0,0
29.345299999999952,30.0,0.0,0,2.0,5.0,0.5,0,0,0
29.74529999999995,30.0,0.0,0,2.0,5.0,0.5,0,0,0
29.74729999999995,30.0,0.0,0,2.0,5.0,0.5,0,0,0
30.147299999999948,30.0,0.0,0,2.0,5.0,0.5,0,0,0
30.149299999999947,20.0,0.0,0,2.0,5.0,0.5,0,0,0
30.549299999999945,20.0,0.0,0,2.0,5.0,0.5,0,0,0
30.552299999999946,20.0,0.0,0,2.0,5.0,0.5,0,0,0
30.952299999999944,20.0,0.0,0,2.0,5.0,0.5,0,0,0
30.955299999999944,20.0,0.0,0,2.0,5.0,0.5,0,0,0
31.355299999999943,20.0,0.0,0,2.0,5.0,0.5,0,0,0
31.358299999999943,20.0,0.0,0,2.0,5.0,0.5,0,0,0
31.75829999999994,20.0,0.0,0,2.0,5.0,0.5,0,0,0
31.76129999999994,20.0,0.0,0,2.0,5.0,0.5,0,0,0
32.16129999999994,20.0,0.0,0,2.0,5.0,0.5,0,0,0
32.16429999999994,20.0,0.0,0,2.0,5.0,0.5,0,0,0
32.56429999999994,20.0,0.0,0,2.0,5.0,0.5,0,0,0
32.56729999999994,20.0,0.0,0,2.0,5.0,0.5,0,0,0
32.96729999999994,20.0,0.0,0,2.0,5.0,0.5,0,0,0
32.97029999999994,20.0,0.0,0,2.0,5.0,0.5,0,0,0
33.370299999999936,20.0,0.0,0,2.0,5.0,0.5,0,0,0
33.37329999999994,20.0,0.0,0,2.0,5.0,0.5,0,0,0
33.773299999999935,20.0,0.0,0,2.0,5.0,0.5,0,0,0
33.776299999999935,20.0,0.0,0,2.0,5.0,0.5,0,0,0
34.176299999999934,20.0,0.0,0,2.0,5.0,0.5,0,0,0
34.179299999999934,20.0,0.0,0,2.0,5.0,0.5,0,0,0
34.57929999999993,20.0,0.0,0,2.0,5.0,0.5,0,0,0
34.58229999999993,20.0,0.0,0,2.0,5.0,0.5,0,0,0
34.98229999999993,20.0,0.0,0,2.0,5.0,0.5,0,0,0
34.98529999999993,20.0,0.0,0,2.0,5.0,0.5,0,0,0
35.38529999999993,20.0,0.0,0,2.0,5.0,0.5,0,0,0
35.38829999999993,20.0,0.0,0,2.0,5.0,0.5,0,0,0
35.78829999999993,20.0,0.0,0,2.0,5.0,0.5,0,0,0
35.79129999999993,20.0,0.0,0,2.0,5.0,0.5,0,0,0
36.19129999999993,20.0,0.0,0,2.0,5.0,0.5,0,0,0
36.19429999999993,20.0,0.0,0,2.0,5.0,0.5,0,0,0
36.594299999999926,20.0,0.0,0,2.0,5.0,0.5,0,0,0
36.597299999999926,20.0,0.0,0,2.0,5.0,0.5,0,0,0
36.997299999999925,20.0,0.0,0,2.0,5.0,0.5,0,0,0
37.000299999999925,20.0,0.0,0,2.0,5.0,0.5,0,0,0
37.40029999999992,20.0,0.0,0,2.0,5.0,0.5,0,0,0
37.40329999999992,10.0,0.0,0,2.0,5.0,0.5,0,0,0
37.80329999999992,10.0,0.0,0,2.0,5.0,0.5,0,0,0
37.80629999999992,10.0,0.0,0,2.0,5.0,0.5,0,0,0
38.20629999999992,10.0,0.0,0,2.0,5.0,0.5,0,0,0
38.20929999999992,10.0,0.0,0,2.0,5.0,0.5,0,0,0
38.60929999999992,10.0,0.0,0,2.0,5.0,0.5,0,0,0
38.61229999999992,10.0,0.0,0,2.0,5.0,0.5,0,0,0
39.01229999999992,10.0,0.0,0,2.0,5.0,0.5,0,0,0
39.01529999999992,10.0,0.0,0,2.0,5.0,0.5,0,0,0
39.41529999999992,10.0,0.0,0,2.0,5.0,0.5,0,0,0
39.41829999999992,10.0,0.0,0,2.0,5.0,0.5,0,0,0
39.818299999999915,10.0,0.0,0,2.0,5.0,0.5,0,0,0
39.821299999999916,10.0,0.0,0,2.0,5.0,0.5,0,0,0
40.221299999999914,10.0,0.0,0,2.0,5.0,0.5,0,0,0
40.224299999999914,10.0,0.0,0,2.0,5.0,0.5,0,0,0
40.62429999999991,10.0,0.0,0,2.0,5.0,0.5,0,0,0
40.62729999999991,20.0,0.0,0,2.0,5.0,0.5,0,0,0
41.02729999999991,20.0,0.0,0,2.0,5.0,0.5,0,0,0
41.03029999999991,20.0,0.0,0,2.0,5.0,0.5,0,0,0
41.43029999999991,20.0,0.0,0,2.0,5.0,0.5,0,0,0
41.43329999999991,20.0,0.0,0,2.0,5.0,0.5,0,0,0
41.83329999999991,20.0,0.0,0,2.0,5.0,0.5,0,0,0
41.83629999999991,20.0,0.0,0,2.0,5.0,0.5,0,0,0
42.23629999999991,20.0,0.0,0,2.0,5.0,0.5,0,0,0
42.23929999999991,20.0,0.0,0,2.0,5.0,0.5,0,0,0
42.639299999999906,20.0,0.0,0,2.0,5.0,0.5,0,0,0
42.642299999999906,20.0,0.0,0,2.0,5.0,0.5,0,0,0
43.042299999999905,20.0,0.0,0,2.0,5.0,0.5,0,0,0
43.045299999999905,20.0,0.0,0,2.0,5.0,0.5,0,0,0
43.445299999999904,20.0,0.0,0,2.0,5.0,0.5,0,0,0
43.448299999999904,20.0,0.0,0,2.0,6.0,0.5,0,0,0
43.8482999999999,20.0,0.0,0,2.0,6.0,0.5,0,0,0
43.8512999999999,20.0,0.0,0,2.0,6.0,0.5,0,0,0
44.2512999999999,20.0,0.0,0,2.0,6.0,0.5,0,0,0
44.2542999999999,20.0,0.0,0,2.0,6.0,0.5,0,0,0
44.6542999999999,20.0,0.0,0,2.0,6.0,0.5,0,0,0
44.6572999999999,20.0,0.0,0,2.0,6.0,0.5,0,0,0
45.0572999999999,20.0,0.0,0,2.0,6.0,0.5,0,0,0
45.0602999999999,20.0,0.0,0,2.0,6.0,0.5,0,0,0
45.4602999999999,20.0,0.0,0,2.0,6.0,0.5,0,0,0
45.4632999999999,20.0,0.0,0,2.0,6.0,0.5,0,0,0
45.863299999999896,20.0,0.0,0,2.0,6.0,0.5,0,0,0
45.866299999999896,20.0,0.0,0,2.0,6.0,0.5,0,0,0
46.266299999999895,20.0,0.0,0,2.0,6.0,0.5,0,0,0
46.269299999999895,20.0,0.0,0,2.0,6.0,0.5,0,0,0
46.66929999999989,20.0,0.0,0,2.0,6.0,0.5,0,0,0
46.67229999999989,20.0,0.0,0,2.0,6.0,0.5,0,0,0
47.07229999999989,20.0,0.0,0,2.0,6.0,0.5,0,0,0
47.07529999999989,20.0,0.0,0,2.0,6.0,0.5,0,0,0
47.47529999999989,20.0,0.0,0,2.0,6.0,0.5,0,0,0
47.47829999999989,20.0,0.0,0,2.0,6.0,0.5,0,0,0
47.87829999999989,20.0,0.0,0,2.0,6.0,0.5,0,0,0
47.88129999999989,20.0,0.0,0,2.0,6.0,0.5,0,0,0
48.28129999999989,20.0,0.0,0,2.0,6.0,0.5,0,0,0
48.28429999999989,20.0,0.0,0,2.0,6.0,0.5,0,0,0
48.68429999999989,20.0,0.0,0,2.0,6.0,0.5,0,0,0
48.68729999999989,20.0,0.0,0,2.0,6.0,0.5,0,0,0
49.087299999999885,20.0,0.0,0,2.0,6.0,0.5,0,0,0
49.090299999999885,20.0,0.0,0,2.0,6.0,0.5,0,0,0
49.490299999999884,20.0,0.0,0,2.0,6.0,0.5,0,0,0
49.493299999999884,20.0,0.0,0,2.0,6.0,0.5,0,0,0
49.89329999999988,20.0,0.0,0,2.0,6.0,0.5,0,0,0
49.89629999999988,20.0,0.0,0,2.0,6.0,0.5,0,0,0
50.29629999999988,20.0,0.0,0,2.0,6.0,0.5,0,0,0
50.29929999999988,20.0,0.0,0,2.0,6.0,0.5,0,0,0
50.69929999999988,20.0,0.0,0,2.0,6.0,0.5,0,0,0
50.70229999999988,20.0,0.0,0,2.0,6.0,0.5,0,0,0
51.10229999999988,20.0,0.0,0,2.0,6.0,0.5,0,0,0
51.10529999999988,20.0,0.0,0,2.0,6.0,0.5,0,0,0
51.50529999999988,20.0,0.0,0,2.0,6.0,0.5,0,0,0
51.50829999999988,20.0,0.0,0,2.0,6.0,0.5,0,0,0
51.908299999999876,20.0,0.0,0,2.0,6.0,0.5,0,0,0
51.911299999999876,20.0,0.0,0,2.0,6.0,0.5,0,0,0
52.311299999999875,20.0,0.0,0,2.0,6.0,0.5,0,0,0
52.314299999999875,20.0,0.0,0,2.0,6.0,0.5,0,0,0
52.714299999999874,20.0,0.0,0,2.0,6.0,0.5,0,0,0
52.717299999999874,20.0,0.0,0,2.0,6.0,0.5,0,0,0
53.11729999999987,20.0,0.0,0,2.0,6.0,0.5,0,0,0
53.12029999999987,20.0,0.0,0,2.0,6.0,0.5,0,0,0
53.52029999999987,20.0,0.0,0,2.0,6.0,0.5,0,0,0
53.52329999999987,20.0,0.0,0,2.0,6.0,0.5,0,0,0
53.92329999999987,20.0,0.0,0,2.0,6.0,0.5,0,0,0
53.92629999999987,20.0,0.0,0,2.0,6.0,0.5,0,0,0
54.32629999999987,20.0,0.0,0,2.0,6.0,0.5,0,0,0
54.32929999999987,10.0,0.0,0,2.0,6.0,0.5,0,0,0
54.72929999999987,10.0,0.0,0,2.0,6.0,0.5,0,0,0
54.73229999999987,10.0,0.0,0,2.0,6.0,0.5,0,0,0
55.132299999999866,10.0,0.0,0,2.0,6.0,0.5,0,0,0
55.135299999999866,10.0,0.0,0,2.0,6.0,0.5,0,0,0
55.535299999999864,10.0,0.0,0,2.0,6.0,0.5,0,0,0
55.538299999999865,10.0,0.0,0,2.0,6.0,0.5,0,0,0
55.93829999999986,10.0,0.0,0,2.0,6.0,0.5,0,0,0
55.94129999999986,10.0,0.0,0,2.0,6.0,0.5,0,0,0
56.34129999999986,10.0,0.0,0,2.0,6.0,0.5,0,0,0
56.34429999999986,10.0,0.0,0,2.0,6.0,0.5,0,0,0
56.74429999999986,10.0,0.0,0,2.0,6.0,0.5,0,0,0
56.74729999999986,10.0,0.0,0,2.0,6.0,0.5,0,0,0
57.14729999999986,10.0,0.0,0,2.0,6.0,0.5,0,0,0
57.15029999999986,10.0,0.0,0,2.0,6.0,0.5,0,0,0
57.55029999999986,10.0,0.0,0,2.0,6.0,0.5,0,0,0
57.55329999999986,10.0,0.0,0,2.0,6.0,0.5,0,0,0
57.95329999999986,10.0,0.0,0,2.0,6.0,0.5,0,0,0
57.95629999999986,10.0,0.0,0,2.0,6.0,0.5,0,0,0
58.356299999999855,10.0,0.0,0,2.0,6.0,0.5,0,0,0
58.359299999999855,10.0,0.0,0,2.0,6.0,0.5,0,0,0
58.759299999999854,10.0,0.0,0,2.0,6.0,0.5,0,0,0
58.762299999999854,10.0,0.0,0,2.0,6.0,0.5,0,0,0
59.16229999999985,10.0,0.0,0,2.0,6.0,0.5,0,0,0
59.16529999999985,10.0,0.0,0,2.0,6.0,0.5,0,0,0
59.56529999999985,10.0,0.0,0,2.0,6.0,0.5,0,0,0
59.56829999999985,10.0,0.0,0,2.0,6.0,0.5,0,0,0
59.96829999999985,10.0,0.0,0,2.0,6.0,0.5,0,0,0
59.97129999999985,10.0,0.0,0,2.0,6.0,0.5,0,0,0
60.37129999999985,10.0,0.0,0,2.0,6.0,0.5,0,0,0
60.37429999999985,10.0,0.0,0,2.0,6.0,0.5,0,0,0
60.77429999999985,10.0,0.0,0,2.0,6.0,0.5,0,0,0
60.77729999999985,10.0,0.0,0,2.0,6.0,0.5,0,0,0
61.177299999999846,10.0,0.0,0,2.0,6.0,0.5,0,0,0
61.180299999999846,10.0,0.0,0,2.0,6.0,0.5,0,0,0
61.580299999999845,10.0,0.0,0,2.0,6.0,0.5,0,0,0
61.583299999999845,10.0,0.0,0,2.0,6.0,0.5,0,0,0
61.98329999999984,10.0,0.0,0,2.0,6.0,0.5,0,0,0
61.986299999999844,10.0,0.0,0,2.0,6.0,0.5,0,0,0
62.38629999999984,10.0,0.0,0,2.0,6.0,0.5,0,0,0
62.38929999999984,10.0,0.0,0,2.0,6.0,0.5,0,0,0
62.78929999999984,10.0,0.0,0,2.0,6.0,0.5,0,0,0
62.79229999999984,10.0,0.0,0,2.0,6.0,0.5,0,0,0
63.19229999999984,10.0,0.0,0,2.0,6.0,0.5,0,0,0
63.19529999999984,10.0,0.0,0,2.0,6.0,0.5,0,0,0
63.59529999999984,10.0,0.0,0,2.0,6.0,0.5,0,0,0
63.59829999999984,10.0,0.0,0,2.0,6.0,0.5,0,0,0
63.99829999999984,10.0,0.0,0,2.0,6.0,0.5,0,0,0
64.00129999999983,10.0,0.0,0,2.0,6.0,0.5,0,0,0
64.40129999999984,10.0,0.0,0,2.0,6.0,0.5,0,0,0
64.40429999999984,10.0,0.0,0,2.0,6.0,0.5,0,0,0
64.80429999999984,10.0,0.0,0,2.0,6.0,0.5,0,0,0
64.80729999999984,10.0,0.0,0,2.0,6.0,0.5,0,0,0
65.20729999999985,10.0,0.0,0,2.0,6.0,0.5,0,0,0
65.21029999999985,10.0,0.0,0,2.0,7.0,0.5,0,0,0
65.61029999999985,10.0,0.0,0,2.0,7.0,0.5,0,0,0
65.61329999999985,10.0,0.0,0,2.0,7.0,0.5,0,0,0
66.01329999999986,10.0,0.0,0,2.0,7.0,0.5,0,0,0
66.01629999999986,10.0,0.0,0,2.0,7.0,0.5,0,0,0
66.41629999999986,10.0,0.0,0,2.0,7.0,0.5,0,0,0
66.41929999999986,10.0,0.0,0,2.0,7.0,0.5,0,0,0
66.81929999999987,10.0,0.0,0,2.0,7.0,0.5,0,0,0
66.82229999999987,10.0,0.0,0,2.0,7.0,0.5,0,0,0
67.22229999999988,10.0,0.0,0,2.0,7.0,0.5,0,0,0
67.22529999999988,10.0,0.0,0,2.0,7.0,0.5,0,0,0
67.62529999999988,10.0,0.0,0,2.0,7.0,0.5,0,0,0
67.62829999999988,10.0,0.0,0,2.0,7.0,0.5,0,0,0
68.02829999999989,10.0,0.0,0,2.0,7.0,0.5,0,0,0
68.03129999999989,10.0,0.0,0,2.0,7.0,0.5,0,0,0
68.4312999999999,10.0,0.0,0,2.0,7.0,0.5,0,0,0
68.4342999999999,10.0,0.0,0,2.0,7.0,0.5,0,0,0
68.8342999999999,10.0,0.0,0,2.0,7.0,0.5,0,0,0
68.8372999999999,10.0,0.0,0,2.0,7.0,0.5,0,0,0
69.2372999999999,10.0,0.0,0,2.0,7.0,0.5,0,0,0
69.2402999999999,0.0,0.0,0,2.0,7.0,0.5,0,0,0
69.64029999999991,0.0,0.0,0,2.0,7.0,0.5,0,0,0
69.64329999999991,0.0,0.0,0,2.0,7.0,0.5,0,0,0
70.04329999999992,0.0,0.0,0,2.0,7.0,0.5,0,0,0
70.04629999999992,0.0,0.0,0,2.0,7.0,0.5,0,0,0
70.44629999999992,0.0,0.0,0,2.0,7.0,0.5,0,0,0
70.44929999999992,0.0,0.0,0,2.0,7.0,0.5,0,0,0
70.84929999999993,0.0,0.0,0,2.0,7.0,0.5,0,0,0
70.85229999999993,0.0,0.0,0,2.0,7.0,0.5,0,0,0
71.25229999999993,0.0,0.0,0,2.0,7.0,0.5,0,0,0
71.25529999999993,0.0,0.0,0,2.0,7.0,0.5,0,0,0
71.65529999999994,0.0,0.0,0,2.0,7.0,0.5,0,0,0
71.65829999999994,0.0,0.0,0,2.0,7.0,0.5,0,0,0
72.05829999999995,0.0,0.0,0,2.0,7.0,0.5,0,0,0
72.06129999999995,0.0,0.0,0,2.0,7.0,0.5,0,0,0
72.46129999999995,0.0,0.0,0,2.0,7.0,0.5,0,0,0
72.46429999999995,0.0,0.0,0,2.0,7.0,0.5,0,0,0
72.86429999999996,0.0,0.0,0,2.0,7.0,0.5,0,0,0
72.86729999999996,0.0,0.0,0,2.0,7.0,0.5,0,0,0
73.26729999999996,0.0,0.0,0,2.0,7.0,0.5,0,0,0
73.27029999999996,0.0,0.0,0,2.0,7.0,0.5,0,0,0
73.67029999999997,0.0,0.0,0,2.0,7.0,0.5,0,0,0
73.67329999999997,10.0,0.0,0,2.0,7.0,0.5,0,0,0
74.07329999999997,10.0,0.0,0,2.0,7.0,0.5,0,0,0
74.07629999999997,10.0,0.0,0,2.0,7.0,0.5,0,0,0
74.47629999999998,10.0,0.0,0,2.0,7.0,0.5,0,0,0
74.47929999999998,10.0,0.0,0,2.0,7.0,0.5,0,0,0
74.87929999999999,10.0,0.0,0,2.0,7.0,0.5,0,0,0
74.88229999999999,10.0,0.0,0,2.0,7.0,0.5,0,0,0
75.28229999999999,10.0,0.0,0,2.0,7.0,0.5,0,0,0
75.28529999999999,10.0,0.0,0,2.0,7.0,0.5,0,0,0
75.6853,10.0,0.0,0,2.0,7.0,0.5,0,0,0
75.6883,10.0,0.0,0,2.0,7.0,0.5,0,0,0
76.0883,10.0,0.0,0,2.0,7.0,0.5,0,0,0
76.0913,10.0,0.0,0,2.0,7.0,0.5,0,0,0
76.49130000000001,10.0,0.0,0,2.0,7.0,0.5,0,0,0
76.49430000000001,10.0,0.0,0,2.0,7.0,0.5,0,0,0
76.89430000000002,10.0,0.0,0,2.0,7.0,0.5,0,0,0
76.89730000000002,10.0,0.0,0,2.0,7.0,0.5,0,0,0
77.29730000000002,10.0,0.0,0,2.0,7.0,0.5,0,0,0
77.30030000000002,10.0,0.0,0,2.0,7.0,0.5,0,0,0
77.70030000000003,10.0,0.0,0,2.0,7.0,0.5,0,0,0
77.70330000000003,10.0,0.0,0,2.0,7.0,0.5,0,0,0
78.10330000000003,10.0,0.0,0,2.0,7.0,0.5,0,0,0
78.10630000000003,10.0,0.0,0,2.0,7.0,0.5,0,0,0
78.50630000000004,10.0,0.0,0,2.0,7.0,0.5,0,0,0
78.50930000000004,20.0,0.0,0,2.0,7.0,0.5,0,0,0
78.90930000000004,20.0,0.0,0,2.0,7.0,0.5,0,0,0
78.91230000000004,20.0,0.0,0,2.0,7.0,0.5,0,0,0
79.31230000000005,20.0,0.0,0,2.0,7.0,0.5,0,0,0
79.31530000000005,20.0,0.0,0,2.0,7.0,0.5,0,0,0
79.71530000000006,20.0,0.0,0,2.0,7.0,0.5,0,0,0
79.71830000000006,20.0,0.0,0,2.0,7.0,0.5,0,0,0
80.11830000000006,20.0,0.0,0,2.0,7.0,0.5,0,0,0
80.12130000000006,20.0,0.0,0,2.0,7.0,0.5,0,0,0
80.52130000000007,20.0,0.0,0,2.0,7.0,0.5,0,0,0
80.52430000000007,20.0,0.0,0,2.0,7.0,0.5,0,0,0
80.92430000000007,20.0,0.0,0,2.0,7.0,0.5,0,0,0
80.92730000000007,20.0,0.0,0,2.0,7.0,0.5,0,0,0
81.32730000000008,20.0,0.0,0,2.0,7.0,0.5,0,0,0
81.33030000000008,20.0,0.0,0,2.0,7.0,0.5,0,0,0
81.73030000000008,20.0,0.0,0,2.0,7.0,0.5,0,0,0
81.73330000000009,20.0,0.0,0,2.0,7.0,0.5,0,0,0
82.13330000000009,20.0,0.0,0,2.0,7.0,0.5,0,0,0
82.13630000000009,20.0,0.0,0,2.0,7.0,0.5,0,0,0
82.5363000000001,20.0,0.0,0,2.0,7.0,0.5,0,0,0
82.5393000000001,20.0,0.0,0,2.0,7.0,0.5,0,0,0
82.9393000000001,20.0,0.0,0,2.0,7.0,0.5,0,0,0
82.9423000000001,20.0,0.0,0,2.0,7.0,0.5,0,0,0
83.34230000000011,20.0,0.0,0,2.0,7.0,0.5,0,0,0
83.34530000000011,20.0,0.0,0,2.0,7.0,0.5,0,0,0
83.74530000000011,20.0,0.0,0,2.0,7.0,0.5,0,0,0
83.74830000000011,20.0,0.0,0,2.0,7.0,0.5,0,0,0
84.14830000000012,20.0,0.0,0,2.0,7.0,0.5,0,0,0
84.15130000000012,20.0,0.0,0,2.0,7.0,5.5,0,0,0
84.55130000000013,20.0,0.0,0,2.0,7.0,5.5,0,0,0
84.55328347107451,20.0,0.0,0,2.0,7.0,5.5,0,0,0
84.95328347107451,20.0,0.0,0,2.0,7.0,5.5,0,0,0
84.9552669421489,10.0,0.0,0,2.0,7.0,5.5,0,0,0
85.3552669421489,10.0,0.0,0,2.0,7.0,5.5,0,0,0
85.35725041322328,10.0,0.0,0,2.0,7.0,5.5,0,0,0
85.75725041322329,10.0,0.0,0,2.0,7.0,5.5,0,0,0
85.75923388429767,10.0,0.0,0,2.0,7.0,5.5,0,0,0
86.15923388429768,10.0,0.0,0,2.0,7.0,5.5,0,0,0
86.16121735537206,10.0,0.0,0,2.0,7.0,5.5,0,0,0
86.56121735537207,10.0,0.0,0,2.0,7.0,5.5,0,0,0
86.56320082644645,10.0,0.0,0,2.0,7.0,5.5,0,0,0
86.96320082644645,10.0,0.0,0,2.0,7.0,5.5,0,0,0
86.96518429752084,10.0,0.0,0,2.0,7.0,5.5,0,0,0
87.36518429752084,10.0,0.0,0,2.0,7.0,5.5,0,0,0
87.36716776859522,10.0,0.0,0,2.0,7.0,5.5,0,0,0
87.76716776859523,10.0,0.0,0,2.0,7.0,5.5,0,0,0
87.76915123966961,10.0,0.0,0,2.0,7.0,5.5,0,0,0
88.16915123966962,10.0,0.0,0,2.0,7.0,5.5,0,0,0
88.171134710744,10.0,0.0,0,2.0,7.0,5.5,0,0,0
88.571134710744,10.0,0.0,0,2.0,7.0,5.5,0,0,0
88.57311818181839,10.0,0.0,0,2.0,7.0,5.5,0,0,0
88.97311818181839,10.0,0.0,0,2.0,7.0,5.5,0,0,0
88.97510165289277,10.0,0.0,0,2.0,7.0,5.5,0,0,0
89.37510165289278,10.0,0.0,0,2.0,7.0,5.5,0,0,0
89.37708512396716,10.0,0.0,0,2.0,7.0,5.5,0,0,0
89.77708512396717,10.0,0.0,0,2.0,7.0,5.5,0,0,0
89.77906859504155,10.0,0.0,0,2.0,7.0,5.5,0,0,0
90.17906859504156,10.0,0.0,0,2.0,7.0,5.5,0,0,0
90.18105206611594,10.0,0.0,0,2.0,7.0,5.5,0,0,0
90.58105206611594,10.0,0.0,0,2.0,7.0,5.5,0,0,0
90.58303553719033,10.0,0.0,0,2.0,7.0,5.5,0,0,0
90.98303553719033,10.0,0.0,0,2.0,7.0,5.5,0,0,0
90.98501900826471,10.0,0.0,0,2.0,7.0,3.5,0,1.0,0
91.38501900826472,10.0,0.0,0,2.0,7.0,3.5,0,1.0,0
91.38801900826472,10.0,0.0,0,2.0,7.0,3.5,0,1.0,0
91.78801900826473,10.0,0.0,0,2.0,7.0,3.5,0,1.0,0
91.79101900826473,10.0,0.0,0,2.0,7.0,1.5,0,2.0,0
92.19101900826473,10.0,0.0,0,2.0,7.0,1.5,0,2.0,0
92.19401900826473,10.0,0.0,0,2.0,7.0,1.5,0,2.0,0
92.59401900826474,10.0,0.0,0,2.0,7.0,1.5,0,2.0,0
92.59701900826474,10.0,0.0,0,2.0,7.0,1.5,0,2.0,0
92.99701900826474,10.0,0.0,0,2.0,7.0,1.5,0,2.0,0
93.00001900826474,10.0,0.0,0,2.0,7.0,1.5,0,2.0,0
93.40001900826475,10.0,0.0,0,2.0,7.0,1.5,0,2.0,0
93.40301900826475,10.0,0.0,0,2.0,7.0,1.5,0,2.0,0
93.80301900826476,10.0,0.0,0,2.0,7.0,1.5,0,2.0,0
93.80601900826476,10.0,0.0,0,2.0,7.0,1.5,0,2.0,0
94.20601900826476,10.0,0.0,0,2.0,7.0,1.5,0,2.0,0
94.20901900826476,0.0,0.0,0,2.0,7.0,1.5,0,2.0,0
94.60901900826477,0.0,0.0,0,2.0,7.0,1.5,0,2.0,0
94.61201900826477,0.0,0.0,0,2.0,7.0,1.5,0,2.0,0
95.01201900826477,0.0,0.0,0,2.0,7.0,1.5,0,2.0,0
95.01501900826477,0.0,0.0,0,2.0,7.0,1.5,0,2.0,0
95.41501900826478,0.0,0.0,0,2.0,7.0,1.5,0,2.0,0
95.41801900826478,0.0,0.0,0,2.0,7.0,1.5,0,2.0,0
95.81801900826478,0.0,0.0,0,2.0,7.0,1.5,0,2.0,0
95.82101900826478,0.0,0.0,0,2.0,7.0,1.5,0,2.0,0
96.22101900826479,0.0,0.0,0,2.0,7.0,1.5,0,2.0,0
96.22401900826479,0.0,0.0,0,2.0,7.0,1.5,0,2.0,0
96.6240190082648,0.0,0.0,0,2.0,7.0,1.5,0,2.0,0
96.6270190082648,0.0,0.0,0,2.0,7.0,1.5,0,2.0,0
97.0270190082648,0.0,0.0,0,2.0,7.0,1.5,0,2.0,0
97.0300190082648,0.0,0.0,0,2.0,7.0,1.5,0,2.0,0
97.43001900826481,0.0,0.0,0,2.0,7.0,1.5,0,2.0,0
97.43301900826481,0.0,0.0,0,2.0,7.0,1.5,0,2.0,0
97.83301900826481,0.0,0.0,0,2.0,7.0,1.5,0,2.0,0
97.83601900826481,0.0,0.0,0,2.0,7.0,1.5,0,2.0,0
98.23601900826482,0.0,0.0,0,2.0,7.0,1.5,0,2.0,0
98.23901900826482,0.0,0.0,0,2.0,7.0,1.5,0,2.0,0
98.63901900826482,0.0,0.0,0,2.0,7.0,1.5,0,2.0,0
98.64201900826482,0.0,0.0,0,2.0,7.0,1.5,0,2.0,0
99.04201900826483,0.0,0.0,0,2.0,7.0,1.5,0,2.0,0
99.04501900826483,0.0,0.0,0,2.0,7.0,1.5,0,2.0,0
99.44501900826484,0.0,0.0,0,2.0,7.0,1.5,0,2.0,0
99.44801900826484,0.0,0.0,0,2.0,7.0,1.5,0,2.0,0
99.84801900826484,0.0,0.0,0,2.0,7.0,1.5,0,2.0,0
99.85101900826484,0.0,0.0,0,2.0,7.0,1.5,0,2.0,0
100.25101900826485,0.0,0.0,0,2.0,7.0,1.5,0,2.0,0
100.25401900826485,0.0,0.0,0,2.0,7.0,1.5,0,2.0,0
100.65401900826485,0.0,0.0,0,2.0,7.0,1.5,0,2.0,0
100.65701900826485,0.0,0.0,0,2.0,7.0,1.5,0,2.0,0
101.05701900826486,0.0,0.0,0,2.0,7.0,1.5,0,2.0,0
101.06001900826486,0.0,0.0,0,2.0,7.0,1.5,0,2.0,0
101.46001900826487,0.0,0.0,0,2.0,7.0,1.5,0,2.0,0
101.46301900826487,0.0,0.0,0,2.0,7.0,1.5,0,2.0,0
101.86301900826487,0.0,0.0,0,2.0,7.0,1.5,0,2.0,0
101.86601900826487,0.0,0.0,0,2.0,7.0,1.5,0,2.0,0
102.26601900826488,0.0,0.0,0,2.0,7.0,1.5,0,2.0,0
102.26901900826488,0.0,0.0,0,2.0,7.0,1.5,0,2.0,0
102.66901900826488,0.0,0.0,0,2.0,7.0,1.5,0,2.0,0
102.67201900826488,0.0,0.0,0,2.0,7.0,1.5,0,2.0,0
103.07201900826489,0.0,0.0,0,2.0,7.0,1.5,0,2.0,0
103.07501900826489,0.0,0.0,0,2.0,7.0,1.5,0,2.0,0
103.4750190082649,0.0,0.0,0,2.0,7.0,1.5,0,2.0,0
103.4780190082649,0.0,0.0,0,2.0,7.0,1.5,0,2.0,0
103.8780190082649,0.0,0.0,0,2.0,7.0,1.5,0,2.0,0
103.8810190082649,0.0,0.0,0,2.0,7.0,1.5,0,2.0,0
104.2810190082649,0.0,0.0,0,2.0,7.0,1.5,0,2.0,0
104.2840190082649,0.0,0.0,0,2.0,7.0,1.5,0,2.0,0
104.68401900826491,0.0,0.0,0,2.0,7.0,1.5,0,2.0,0
104.68701900826491,0.0,0.0,0,2.0,7.0,6.5,0,2.0,0
105.08701900826492,0.0,0.0,0,2.0,7.0,6.5,0,2.0,0
105.08843912660811,0.0,0.0,0,2.0,7.0,6.5,0,2.0,0
105.48843912660811,0.0,0.0,0,2.0,7.0,6.5,0,2.0,0
105.4898592449513,0.0,0.0,0,2.0,7.0,6.5,0,2.0,0
105.88985924495131,0.0,0.0,0,2.0,7.0,6.5,0,2.0,0
105.8912793632945,0.0,0.0,0,2.0,7.0,6.5,0,2.0,0
106.2912793632945,0.0,0.0,0,2.0,7.0,6.5,0,2.0,0
106.2926994816377,0.0,0.0,0,2.0,7.0,6.5,0,2.0,0
106.6926994816377,0.0,0.0,0,2.0,7.0,6.5,0,2.0,0
106.6941195999809,0.0,0.0,0,2.0,7.0,6.5,0,2.0,0
107.0941195999809,0.0,0.0,0,2.0,7.0,6.5,0,2.0,0
107.09553971832409,0.0,0.0,0,2.0,7.0,6.5,0,2.0,0
107.4955397183241,0.0,0.0,0,2.0,7.0,6.5,0,2.0,0
107.49695983666729,0.0,0.0,0,2.0,7.0,6.5,0,2.0,0
107.89695983666729,0.0,0.0,0,2.0,7.0,6.5,0,2.0,0
107.89837995501048,0.0,0.0,0,2.0,7.0,6.5,0,2.0,0
108.29837995501049,0.0,0.0,0,2.0,7.0,6.5,0,2.0,0
108.29980007335368,0.0,0.0,0,2.0,7.0,6.5,0,2.0,0
108.69980007335369,0.0,0.0,0,2.0,7.0,6.5,0,2.0,0
108.70122019169688,0.0,0.0,0,2.0,7.0,6.5,0,2.0,0
109.10122019169688,0.0,0.0,0,2.0,7.0,6.5,0,2.0,0
109.10264031004007,0.0,0.0,0,2.0,7.0,6.5,0,2.0,0
109.50264031004008,0.0,0.0,0,2.0,7.0,6.5,0,2.0,0
109.50406042838327,0.0,0.0,0,2.0,7.0,6.5,0,2.0,0
109.90406042838327,0.0,0.0,0,2.0,7.0,6.5,0,2.0,0
109.90548054672647,0.0,0.0,0,2.0,7.0,6.5,0,2.0,0
110.30548054672647,0.0,0.0,0,2.0,7.0,6.5,0,2.0,0
110.30690066506966,0.0,0.0,0,2.0,7.0,6.5,0,2.0,0
110.70690066506967,0.0,0.0,0,2.0,7.0,6.5,0,2.0,0
110.70832078341286,0.0,0.0,0,2.0,7.0,6.5,0,2.0,0
111.10832078341286,0.0,0.0,0,2.0,7.0,6.5,0,2.0,0
111.10974090175606,0.0,0.0,0,2.0,7.0,6.5,0,2.0,0
111.50974090175606,0.0,0.0,0,2.0,7.0,6.5,0,2.0,0
111.51116102009925,0.0,0.0,0,2.0,7.0,6.5,0,2.0,0
111.91116102009926,0.0,0.0,0,2.0,7.0,6.5,0,2.0,0
111.91258113844245,0.0,0.0,0,2.0,7.0,6.5,0,2.0,0
112.31258113844245,0.0,0.0,0,2.0,7.0,6.5,0,2.0,0
112.31400125678564,0.0,0.0,0,2.0,7.0,6.5,0,2.0,0
112.71400125678565,0.0,0.0,0,2.0,7.0,6.5,0,2.0,0
112.71542137512884,0.0,0.0,0,2.0,7.0,6.5,0,2.0,0
113.11542137512885,0.0,0.0,0,2.0,7.0,6.5,0,2.0,0
113.11684149347204,0.0,0.0,0,2.0,7.0,6.5,0,2.0,0
113.51684149347204,0.0,0.0,0,2.0,7.0,6.5,0,2.0,0
113.51826161181523,0.0,0.0,0,2.0,7.0,6.5,0,2.0,0
113.91826161181524,0.0,0.0,0,2.0,7.0,6.5,0,2.0,0
113.91968173015843,0.0,0.0,0,2.0,7.0,6.5,0,2.0,0
114.31968173015844,0.0,0.0,0,2.0,7.0,6.5,0,2.0,0
114.32110184850163,0.0,0.0,0,2.0,7.0,6.5,0,2.0,0
114.72110184850163,0.0,0.0,0,2.0,7.0,6.5,0,2.0,0
114.72252196684482,0.0,0.0,0,2.0,7.0,6.5,0,2.0,0
115.12252196684483,0.0,0.0,0,2.0,7.0,6.5,0,2.0,0
115.12394208518802,0.0,0.0,0,2.0,7.0,6.5,0,2.0,0
115.52394208518803,0.0,0.0,0,2.0,7.0,6.5,0,2.0,0
115.52536220353122,0.0,0.0,0,2.0,7.0,6.5,0,2.0,0
115.92536220353122,0.0,0.0,0,2.0,7.0,6.5,0,2.0,0
115.92678232187441,0.0,0.0,0,2.0,7.0,6.5,0,2.0,0
116.32678232187442,0.0,0.0,0,2.0,7.0,6.5,0,2.0,0
116.32820244021761,0.0,0.0,0,2.0,7.0,6.5,0,2.0,0
116.72820244021761,0.0,0.0,0,2.0,7.0,6.5,0,2.0,0
116.7296225585608,0.0,0.0,0,2.0,7.0,6.5,0,2.0,0
117.12962255856081,0.0,0.0,0,2.0,7.0,6.5,0,2.0,0
117.131042676904,0.0,0.0,0,2.0,7.0,6.5,0,2.0,0
117.53104267690401,0.0,0.0,0,2.0,7.0,6.5,0,2.0,0
117.5324627952472,0.0,0.0,0,2.0,7.0,6.5,0,2.0,0
117.9324627952472,0.0,0.0,0,2.0,7.0,6.5,0,2.0,0
117.9338829135904,0.0,0.0,0,2.0,7.0,6.5,0,2.0,0
118.3338829135904,0.0,0.0,0,2.0,7.0,6.5,0,2.0,0
118.33530303193359,0.0,0.0,0,2.0,7.0,4.5,0,3.0,0
118.7353030319336,0.0,0.0,0,2.0,7.0,4.5,0,3.0,0
118.73826599489657,10.0,0.0,0,2.0,7.0,4.5,0,3.0,0
119.13826599489657,10.0,0.0,0,2.0,7.0,4.5,0,3.0,0
119.14122895785954,10.0,0.0,0,2.0,7.0,4.5,0,3.0,0
119.54122895785954,10.0,0.0,0,2.0,7.0,4.5,0,3.0,0
119.54419192082251,10.0,0.0,0,2.0,7.0,4.5,0,3.0,0
119.94419192082252,10.0,0.0,0,2.0,7.0,4.5,0,3.0,0
119.94715488378549,10.0,0.0,0,2.0,7.0,4.5,0,3.0,0
120.34715488378549,10.0,0.0,0,2.0,7.0,4.5,0,3.0,0
120.35011784674846,10.0,0.0,0,2.0,7.0,4.5,0,3.0,0
120.75011784674847,10.0,0.0,0,2.0,7.0,4.5,0,3.0,0
120.75308080971143,10.0,0.0,0,2.0,7.0,4.5,0,3.0,0
121.15308080971144,10.0,0.0,0,2.0,7.0,4.5,0,3.0,0
121.15604377267441,10.0,0.0,0,2.0,7.0,4.5,0,3.0,0
121.55604377267441,10.0,0.0,0,2.0,7.0,4.5,0,3.0,0
121.55900673563738,10.0,0.0,0,2.0,7.0,4.5,0,3.0,0
121.95900673563739,10.0,0.0,0,2.0,7.0,4.5,0,3.0,0
121.96196969860036,10.0,0.0,0,2.0,7.0,4.5,0,3.0,0
122.36196969860036,10.0,0.0,0,2.0,7.0,4.5,0,3.0,0
122.36493266156333,10.0,0.0,0,2.0,7.0,4.5,0,3.0,0
122.76493266156334,10.0,0.0,0,2.0,7.0,4.5,0,3.0,0
122.7678956245263,10.0,0.0,0,2.0,7.0,4.5,0,3.0,0
123.16789562452631,10.0,0.0,0,2.0,7.0,4.5,0,3.0,0
123.17085858748928,10.0,0.0,0,2.0,7.0,4.5,0,3.0,0
123.57085858748928,10.0,0.0,0,2.0,7.0,4.5,0,3.0,0
123.57382155045225,10.0,0.0,0,2.0,7.0,4.5,0,3.0,0
123.97382155045226,10.0,0.0,0,2.0,7.0,4.5,0,3.0,0
123.97678451341523,10.0,0.0,0,2.0,7.0,4.5,0,3.0,0
124.37678451341523,10.0,0.0,0,2.0,7.0,4.5,0,3.0,0
124.3797474763782,10.0,0.0,0,2.0,7.0,4.5,0,3.0,0
124.7797474763782,10.0,0.0,0,2.0,7.0,4.5,0,3.0,0
124.78271043934117,10.0,0.0,0,2.0,7.0,4.5,0,3.0,0
125.18271043934118,10.0,0.0,0,2.0,7.0,4.5,0,3.0,0
125.18567340230415,10.0,0.0,0,2.0,7.0,4.5,0,3.0,0
125.58567340230415,10.0,0.0,0,2.0,7.0,4.5,0,3.0,0
125.58863636526712,10.0,0.0,0,2.0,7.0,4.5,0,3.0,0
125.98863636526713,10.0,0.0,0,2.0,7.0,4.5,0,3.0,0
125.9915993282301,0.0,0.0,0,2.0,7.0,4.5,0,3.0,0
126.3915993282301,0.0,0.0,0,2.0,7.0,4.5,0,3.0,0
126.39456229119307,0.0,0.0,0,2.0,7.0,4.5,0,3.0,0
126.79456229119307,0.0,0.0,0,2.0,7.0,4.5,0,3.0,0
126.79752525415604,0.0,0.0,0,2.0,7.0,4.5,0,3.0,0
127.19752525415605,0.0,0.0,0,2.0,7.0,4.5,0,3.0,0
127.20048821711902,0.0,0.0,0,2.0,7.0,4.5,0,3.0,0
127.60048821711902,0.0,0.0,0,2.0,7.0,4.5,0,3.0,0
127.60345118008199,0.0,0.0,0,2.0,7.0,4.5,0,3.0,0
128.00345118008198,0.0,0.0,0,2.0,7.0,4.5,0,3.0,0
128.00641414304494,0.0,0.0,0,2.0,7.0,4.5,0,3.0,0
128.40641414304494,0.0,0.0,0,2.0,7.0,4.5,0,3.0,0
128.4093771060079,0.0,0.0,0,2.0,7.0,4.5,0,3.0,0
128.8093771060079,0.0,0.0,0,2.0,7.0,4.5,0,3.0,0
128.81234006897085,0.0,0.0,0,2.0,7.0,4.5,0,3.0,0
129.21234006897086,0.0,0.0,0,2.0,7.0,4.5,0,3.0,0
129.21530303193381,0.0,0.0,0,2.0,7.0,4.5,0,3.0,0
129.61530303193382,0.0,0.0,0,2.0,7.0,4.5,0,3.0,0
129.61826599489677,0.0,0.0,0,2.0,7.0,4.5,0,3.0,0
130.01826599489678,0.0,0.0,0,2.0,7.0,4.5,0,3.0,0
130.02122895785973,0.0,0.0,0,2.0,7.0,4.5,0,3.0,0
130.42122895785974,0.0,0.0,0,2.0,7.0,4.5,0,3.0,0
130.4241919208227,0.0,0.0,0,2.0,7.0,4.5,0,3.0,0
130.8241919208227,0.0,0.0,0,2.0,7.0,4.5,0,3.0,0
130.82715488378565,0.0,0.0,0,2.0,7.0,4.5,0,3.0,0
131.22715488378566,0.0,0.0,0,2.0,7.0,4.5,0,3.0,0
131.2301178467486,0.0,0.0,0,2.0,7.0,4.5,0,3.0,0
131.63011784674862,0.0,0.0,0,2.0,7.0,4.5,0,3.0,0
131.63308080971157,0.0,0.0,0,2.0,7.0,4.5,0,3.0,0
132.03308080971158,0.0,0.0,0,2.0,7.0,4.5,0,3.0,0
132.03604377267453,0.0,0.0,0,2.0,7.0,2.5,0,4.0,0
132.43604377267454,0.0,0.0,0,2.0,7.0,2.5,0,4.0,0
132.43904377267452,0.0,0.0,0,2.0,7.0,2.5,0,4.0,0
132.83904377267453,0.0,0.0,0,2.0,7.0,2.5,0,4.0,0
132.84204377267451,0.0,0.0,0,2.0,7.0,2.5,0,4.0,0
133.24204377267452,0.0,0.0,0,2.0,7.0,2.5,0,4.0,0
133.2450437726745,0.0,0.0,0,2.0,7.0,2.5,0,4.0,0
133.6450437726745,0.0,0.0,0,2.0,7.0,2.5,0,4.0,0
133.6480437726745,0.0,0.0,0,2.0,7.0,0.5,0,5.0,0
134.0480437726745,0.0,0.0,0,2.0,7.0,0.5,0,5.0,0
134.0510437726745,0.0,0.0,0,3.0,7.0,0.5,0,5.0,0
134.4510437726745,0.0,0.0,0,3.0,7.0,0.5,0,5.0,0
134.4530437726745,0.0,0.0,0,3.0,7.0,0.5,0,5.0,0
134.8530437726745,0.0,0.0,0,3.0,7.0,0.5,0,5.0,0
134.85504377267452,0.0,0.0,0,3.0,7.0,0.5,0,5.0,0
135.25504377267453,0.0,0.0,0,3.0,7.0,0.5,0,5.0,0
135.25704377267454,0.0,0.0,0,3.0,7.0,0.5,0,5.0,0
135.65704377267454,0.0,0.0,0,3.0,7.0,0.5,0,5.0,0
135.65904377267455,0.0,0.0,0,3.0,7.0,0.5,0,5.0,0
136.05904377267456,0.0,0.0,0,3.0,7.0,0.5,0,5.0,0
136.06104377267457,0.0,0.0,0,3.0,7.0,0.5,0,5.0,0
136.46104377267457,0.0,0.0,0,3.0,7.0,0.5,0,5.0,0
136.46304377267458,0.0,0.0,0,3.0,7.0,0.5,0,5.0,0
136.8630437726746,0.0,0.0,0,3.0,7.0,0.5,0,5.0,0
136.8650437726746,0.0,0.0,0,3.0,7.0,0.5,0,5.0,0
137.2650437726746,0.0,0.0,0,3.0,7.0,0.5,0,5.0,0
137.2670437726746,0.0,0.0,0,3.0,7.0,0.5,0,5.0,0
137.66704377267462,0.0,0.0,0,3.0,7.0,0.5,0,5.0,0
137.66904377267463,0.0,0.0,0,3.0,7.0,0.5,0,5.0,0
138.06904377267463,0.0,0.0,0,3.0,7.0,0.5,0,5.0,0
138.07104377267464,0.0,0.0,0,3.0,7.0,0.5,0,5.0,0
138.47104377267465,0.0,0.0,0,3.0,7.0,0.5,0,5.0,0
138.47304377267466,0.0,0.0,0,3.0,7.0,0.5,0,5.0,0
138.87304377267466,0.0,0.0,0,3.0,7.0,0.5,0,5.0,0
138.87504377267467,0.0,0.0,0,3.0,7.0,0.5,0,5.0,0
139.27504377267468,0.0,0.0,0,3.0,7.0,0.5,0,5.0,0
139.2770437726747,0.0,0.0,0,3.0,7.0,0.5,0,5.0,0
139.6770437726747,0.0,0.0,0,3.0,7.0,0.5,0,5.0,0
139.6790437726747,0.0,0.0,0,3.0,7.0,0.5,0,5.0,0
140.0790437726747,0.0,0.0,0,3.0,7.0,0.5,0,5.0,0
140.08104377267472,0.0,0.0,0,3.0,7.0,0.5,0,5.0,0
140.48104377267472,0.0,0.0,0,3.0,7.0,0.5,0,5.0,0
140.48304377267473,0.0,0.0,0,3.0,7.0,0.5,0,5.0,0
140.88304377267474,0.0,0.0,0,3.0,7.0,0.5,0,5.0,0
140.88504377267475,0.0,0.0,0,3.0,7.0,0.5,0,5.0,0
141.28504377267475,0.0,0.0,0,3.0,7.0,0.5,0,5.0,0
141.28704377267476,0.0,0.0,0,3.0,7.0,0.5,0,5.0,0
141.68704377267477,0.0,0.0,0,3.0,7.0,0.5,0,5.0,0
141.68904377267478,0.0,0.0,0,3.0,7.0,0.5,0,5.0,0
142.08904377267478,0.0,0.0,0,3.0,7.0,0.5,0,5.0,0
142.0910437726748,0.0,0.0,0,3.0,7.0,0.5,0,5.0,0
142.4910437726748,0.0,0.0,0,3.0,7.0,0.5,0,5.0,0
142.4930437726748,0.0,0.0,0,3.0,7.0,0.5,0,5.0,0
142.89304377267482,0.0,0.0,0,3.0,7.0,0.5,0,5.0,0
142.89504377267482,0.0,0.0,0,3.0,7.0,0.5,0,5.0,0
143.29504377267483,0.0,0.0,0,3.0,7.0,0.5,0,5.0,0
143.29704377267484,0.0,0.0,0,3.0,7.0,0.5,0,5.0,0
143.69704377267485,0.0,0.0,0,3.0,7.0,0.5,0,5.0,0
143.69904377267486,0.0,0.0,0,3.0,7.0,0.5,0,5.0,0
144.09904377267486,0.0,0.0,0,3.0,7.0,0.5,0,5.0,0
144.10104377267487,0.0,0.0,0,3.0,7.0,0.5,0,5.0,0
144.50104377267488,0.0,0.0,0,3.0,7.0,0.5,0,5.0,0
144.50304377267489,0.0,0.0,0,3.0,7.0,0.5,0,5.0,0
144.9030437726749,0.0,0.0,0,3.0,7.0,0.5,0,5.0,0
144.9050437726749,0.0,0.0,0,3.0,7.0,0.5,0,5.0,0
145.3050437726749,0.0,0.0,0,3.0,7.0,0.5,0,5.0,0
145.30704377267492,0.0,0.0,0,3.0,7.0,0.5,0,5.0,0
145.70704377267492,0.0,0.0,0,3.0,7.0,0.5,0,5.0,0
145.70904377267493,0.0,0.0,0,3.0,7.0,0.5,0,5.0,0
146.10904377267494,0.0,0.0,0,3.0,7.0,0.5,0,5.0,0
146.11104377267495,0.0,0.0,0,3.0,7.0,0.5,0,5.0,0
146.51104377267495,0.0,0.0,0,3.0,7.0,0.5,0,5.0,0
146.51304377267496,0.0,0.0,0,3.0,7.0,0.5,0,5.0,0
146.91304377267497,0.0,0.0,0,3.0,7.0,0.5,0,5.0,0
146.91504377267498,0.0,0.0,0,3.0,7.0,0.5,0,5.0,0
147.31504377267498,0.0,0.0,0,3.0,7.0,0.5,0,5.0,0
147.317043772675,10.0,0.0,0,3.0,7.0,0.5,0,5.0,0
147.717043772675,10.0,0.0,0,3.0,7.0,0.5,0,5.0,0
147.719043772675,10.0,0.0,0,3.0,7.0,0.5,0,5.0,0
148.119043772675,10.0,0.0,0,3.0,7.0,0.5,0,5.0,0
148.12104377267502,10.0,0.0,0,3.0,7.0,0.5,0,5.0,0
148.52104377267503,10.0,0.0,0,3.0,7.0,0.5,0,5.0,0
148.52304377267504,10.0,0.0,0,3.0,7.0,0.5,0,5.0,0
148.92304377267504,10.0,0.0,0,3.0,7.0,0.5,0,5.0,0
148.92504377267505,10.0,0.0,0,3.0,7.0,0.5,0,5.0,0
149.32504377267506,10.0,0.0,0,3.0,7.0,0.5,0,5.0,0
149.32704377267507,10.0,0.0,0,3.0,7.0,0.5,0,5.0,0
149.72704377267507,10.0,0.0,0,3.0,7.0,0.5,0,5.0,0
149.72904377267508,10.0,0.0,0,3.0,7.0,0.5,0,5.0,0
150.1290437726751,10.0,0.0,0,3.0,7.0,0.5,0,5.0,0
150.1310437726751,10.0,0.0,0,3.0,7.0,0.5,0,5.0,0
150.5310437726751,10.0,0.0,0,3.0,7.0,0.5,0,5.0,0
150.53304377267511,10.0,0.0,0,3.0,7.0,0.5,0,5.0,0
150.93304377267512,10.0,0.0,0,3.0,7.0,0.5,0,5.0,0
150.93504377267513,10.0,0.0,0,3.0,7.0,0.5,0,5.0,0
151.33504377267514,10.0,0.0,0,3.0,7.0,0.5,0,5.0,0
151.33704377267514,10.0,0.0,0,3.0,7.0,0.5,0,5.0,0
151.73704377267515,10.0,0.0,0,3.0,7.0,0.5,0,5.0,0
151.73904377267516,10.0,0.0,0,3.0,7.0,0.5,0,5.0,0
152.13904377267517,10.0,0.0,0,3.0,7.0,0.5,0,5.0,0
152.14104377267518,10.0,0.0,0,3.0,7.0,0.5,0,5.0,0
152.54104377267518,10.0,0.0,0,3.0,7.0,0.5,0,5.0,0
152.5430437726752,10.0,0.0,0,3.0,7.0,0.5,0,5.0,0
152.9430437726752,10.0,0.0,0,3.0,7.0,0.5,0,5.0,0
152.9450437726752,10.0,0.0,0,3.0,7.0,0.5,0,5.0,0
153.3450437726752,10.0,0.0,0,3.0,7.0,0.5,0,5.0,0
153.34704377267522,10.0,0.0,0,3.0,7.0,0.5,0,5.0,0
153.74704377267523,10.0,0.0,0,3.0,7.0,0.5,0,5.0,0
153.74904377267524,10.0,0.0,0,3.0,7.0,0.5,0,5.0,0
154.14904377267524,10.0,0.0,0,3.0,7.0,0.5,0,5.0,0
154.15104377267525,10.0,0.0,0,3.0,7.0,0.5,0,5.0,0
154.55104377267526,10.0,0.0,0,3.0,7.0,0.5,0,5.0,0
154.55304377267527,10.0,0.0,0,3.0,7.0,0.5,0,5.0,0
154.95304377267527,10.0,0.0,0,3.0,7.0,0.5,0,5.0,0
154.95504377267528,10.0,0.0,0,3.0,7.0,0.5,0,5.0,0
155.3550437726753,10.0,0.0,0,3.0,7.0,0.5,0,5.0,0
155.3570437726753,10.0,0.0,0,3.0,7.0,0.5,0,5.0,0
155.7570437726753,10.0,0.0,0,3.0,7.0,0.5,0,5.0,0
155.7590437726753,10.0,0.0,0,3.0,7.0,0.5,0,5.0,0
156.15904377267532,10.0,0.0,0,3.0,7.0,0.5,0,5.0,0
156.16104377267533,10.0,0.0,0,3.0,7.0,0.5,0,5.0,0
156.56104377267533,10.0,0.0,0,3.0,7.0,0.5,0,5.0,0
156.56304377267534,10.0,0.0,0,3.0,7.0,0.5,0,5.0,0
156.96304377267535,10.0,0.0,0,3.0,7.0,0.5,0,5.0,0
156.96504377267536,10.0,0.0,0,3.0,7.0,0.5,0,5.0,0
157.36504377267536,10.0,0.0,0,3.0,7.0,0.5,0,5.0,0
157.36704377267537,10.0,0.0,0,3.0,7.0,0.5,0,5.0,0
157.76704377267538,10.0,0.0,0,3.0,7.0,0.5,0,5.0,0
157.7690437726754,10.0,0.0,0,3.0,7.0,0.5,0,5.0,0
158.1690437726754,10.0,0.0,0,3.0,7.0,0.5,0,5.0,0
158.1710437726754,10.0,0.0,0,3.0,7.0,0.5,0,5.0,0
158.5710437726754,10.0,0.0,0,3.0,7.0,0.5,0,5.0,0
158.57304377267542,10.0,0.0,0,3.0,7.0,0.5,0,5.0,0
158.97304377267542,10.0,0.0,0,3.0,7.0,0.5,0,5.0,0
158.97504377267543,10.0,0.0,0,3.0,7.0,0.5,0,5.0,0
159.37504377267544,10.0,0.0,0,3.0,7.0,0.5,0,5.0,0
159.37704377267545,10.0,0.0,0,3.0,7.0,0.5,0,5.0,0
159.77704377267546,10.0,0.0,0,3.0,7.0,0.5,0,5.0,0
159.77904377267546,10.0,0.0,0,3.0,7.0,0.5,0,5.0,0
160.17904377267547,10.0,0.0,0,3.0,7.0,0.5,0,5.0,0
160.18104377267548,10.0,0.0,0,3.0,7.0,0.5,0,5.0,0
160.58104377267549,10.0,0.0,0,3.0,7.0,0.5,0,5.0,0
160.5830437726755,0.0,0.0,0,3.0,7.0,0.5,0,5.0,0
160.9830437726755,0.0,0.0,0,3.0,7.0,0.5,0,5.0,0
160.9850437726755,0.0,0.0,0,3.0,7.0,0.5,0,5.0,0
161.38504377267552,0.0,0.0,0,3.0,7.0,0.5,0,5.0,0
161.38704377267553,0.0,0.0,0,3.0,7.0,0.5,0,5.0,0
161.78704377267553,0.0,0.0,0,3.0,7.0,0.5,0,5.0,0
161.78904377267554,0.0,0.0,0,3.0,7.0,0.5,0,5.0,0
162.18904377267555,0.0,0.0,0,3.0,7.0,0.5,0,5.0,0
162.19104377267556,0.0,0.0,0,3.0,7.0,0.5,0,5.0,0
162.59104377267556,0.0,0.0,0,3.0,7.0,0.5,0,5.0,0
162.59304377267557,0.0,0.0,0,3.0,7.0,0.5,0,5.0,0
162.99304377267558,0.0,0.0,0,3.0,7.0,0.5,0,5.0,0
162.9950437726756,0.0,0.0,0,3.0,7.0,0.5,0,5.0,0
163.3950437726756,0.0,0.0,0,3.0,7.0,0.5,0,5.0,0
163.3970437726756,0.0,0.0,0,3.0,7.0,0.5,0,5.0,0
163.7970437726756,0.0,0.0,0,3.0,7.0,0.5,0,5.0,0
163.79904377267562,0.0,0.0,0,3.0,7.0,0.5,0,5.0,0
164.19904377267562,0.0,0.0,0,3.0,7.0,0.5,0,5.0,0
164.20104377267563,0.0,0.0,0,3.0,7.0,0.5,0,5.0,0
164.60104377267564,0.0,0.0,0,3.0,7.0,0.5,0,5.0,0
164.60304377267565,0.0,0.0,0,3.0,7.0,0.5,0,5.0,0
165.00304377267565,0.0,0.0,0,3.0,7.0,0.5,0,5.0,0
165.00504377267566,0.0,0.0,0,3.0,7.0,0.5,0,5.0,0
165.40504377267567,0.0,0.0,0,3.0,7.0,0.5,0,5.0,0
165.40704377267568,0.0,0.0,0,3.0,7.0,0.5,0,5.0,0
165.80704377267568,0.0,0.0,0,3.0,7.0,0.5,0,5.0,0
165.8090437726757,0.0,0.0,0,3.0,7.0,0.5,0,5.0,0
166.2090437726757,0.0,0.0,0,3.0,7.0,0.5,0,5.0,0
166.2110437726757,0.0,0.0,0,3.0,7.0,0.5,0,5.0,0
166.6110437726757,0.0,0.0,0,3.0,7.0,0.5,0,5.0,0
166.61304377267572,0.0,0.0,0,3.0,7.0,0.5,0,5.0,0
167.01304377267573,0.0,0.0,0,3.0,7.0,0.5,0,5.0,0
167.01504377267574,0.0,0.0,0,3.0,7.0,0.5,0,5.0,0
167.41504377267574,0.0,0.0,0,3.0,7.0,0.5,0,5.0,0
167.41704377267575,0.0,0.0,0,3.0,7.0,0.5,0,5.0,0
167.81704377267576,0.0,0.0,0,3.0,7.0,0.5,0,5.0,0
167.81904377267577,0.0,0.0,0,3.0,7.0,0.5,0,5.0,0
168.21904377267578,0.0,0.0,0,3.0,7.0,0.5,0,5.0,0
168.22104377267578,0.0,0.0,0,3.0,7.0,0.5,0,5.0,0
168.6210437726758,0.0,0.0,0,3.0,7.0,0.5,0,5.0,0
168.6230437726758,0.0,0.0,0,3.0,7.0,0.5,0,5.0,0
169.0230437726758,0.0,0.0,0,3.0,7.0,0.5,0,5.0,0
169.02504377267582,0.0,0.0,0,3.0,7.0,0.5,0,5.0,0
169.42504377267582,0.0,0.0,0,3.0,7.0,0.5,0,5.0,0
169.42704377267583,0.0,0.0,0,3.0,7.0,0.5,0,5.0,0
169.82704377267584,0.0,0.0,0,3.0,7.0,0.5,0,5.0,0
169.82904377267585,0.0,0.0,0,3.0,7.0,0.5,0,5.0,0
170.22904377267585,0.0,0.0,0,3.0,7.0,0.5,0,5.0,0
170.23104377267586,0.0,0.0,0,3.0,7.0,0.5,0,5.0,0
170.63104377267587,0.0,0.0,0,3.0,7.0,0.5,0,5.0,0
170.63304377267588,0.0,0.0,0,3.0,7.0,0.5,0,5.0,0
171.03304377267588,0.0,0.0,0,3.0,7.0,0.5,0,5.0,0
171.0350437726759,0.0,0.0,0,3.0,7.0,0.5,0,5.0,0
171.4350437726759,0.0,0.0,0,3.0,7.0,0.5,0,5.0,0
171.4370437726759,0.0,0.0,0,3.0,7.0,0.5,0,5.0,0
171.8370437726759,0.0,0.0,0,3.0,7.0,0.5,0,5.0,0
171.83904377267592,10.0,0.0,1.0,3.0,7.0,0.5,0,5.0,0
172.23904377267593,10.0,0.0,1.0,3.0,7.0,0.5,0,5.0,0
172.24104377267594,10.0,0.0,1.0,3.0,7.0,0.5,0,5.0,0
172.64104377267594,10.0,0.0,1.0,3.0,7.0,0.5,0,5.0,0
172.64304377267595,10.0,0.0,1.0,3.0,7.0,0.5,0,5.0,0
173.04304377267596,10.0,0.0,1.0,3.0,7.0,0.5,0,5.0,0
173.04504377267597,10.0,0.0,1.0,3.0,7.0,0.5,0,5.0,0
173.44504377267597,10.0,0.0,1.0,3.0,7.0,0.5,0,5.0,0
173.44704377267598,10.0,0.0,1.0,3.0,7.0,0.5,0,5.0,0
173.847043772676,10.0,0.0,1.0,3.0,7.0,0.5,0,5.0,0
173.849043772676,10.0,0.0,1.0,3.0,7.0,0.5,0,5.0,0
174.249043772676,10.0,0.0,1.0,3.0,7.0,0.5,0,5.0,0
174.251043772676,10.0,0.0,1.0,3.0,7.0,0.5,0,5.0,0
174.65104377267602,10.0,0.0,1.0,3.0,7.0,0.5,0,5.0,0
174.65304377267603,10.0,0.0,1.0,3.0,7.0,0.5,0,5.0,0
175.05304377267603,10.0,0.0,1.0,3.0,7.0,0.5,0,5.0,0
175.05504377267604,10.0,0.0,1.0,3.0,7.0,0.5,0,5.0,0
175.45504377267605,10.0,0.0,1.0,3.0,7.0,0.5,0,5.0,0
175.45704377267606,10.0,0.0,1.0,3.0,7.0,0.5,0,5.0,0
175.85704377267606,10.0,0.0,1.0,3.0,7.0,0.5,0,5.0,0
175.85904377267607,20.0,0.0,1.0,3.0,7.0,0.5,0,5.0,0
176.25904377267608,20.0,0.0,1.0,3.0,7.0,0.5,0,5.0,0
176.2610437726761,20.0,0.0,1.0,3.0,7.0,0.5,0,5.0,0
176.6610437726761,20.0,0.0,1.0,3.0,7.0,0.5,0,5.0,0
176.6630437726761,20.0,0.0,1.0,3.0,7.0,0.5,0,5.0,0
177.0630437726761,20.0,0.0,1.0,3.0,7.0,0.5,0,5.0,0
177.06504377267612,20.0,0.0,1.0,3.0,7.0,0.5,0,5.0,0
177.46504377267613,20.0,0.0,1.0,3.0,7.0,0.5,0,5.0,0
177.46704377267613,20.0,0.0,2.0,3.0,7.0,0.5,0,5.0,0
177.86704377267614,20.0,0.0,2.0,3.0,7.0,0.5,0,5.0,0
177.86904377267615,20.0,0.0,2.0,3.0,7.0,0.5,0,5.0,0
178.26904377267616,20.0,0.0,2.0,3.0,7.0,0.5,0,5.0,0
178.27104377267617,20.0,0.0,2.0,3.0,7.0,0.5,0,5.0,0
178.67104377267617,20.0,0.0,2.0,3.0,7.0,0.5,0,5.0,0
178.67304377267618,20.0,0.0,2.0,3.0,7.0,0.5,0,5.0,0
179.0730437726762,20.0,0.0,2.0,3.0,7.0,0.5,0,5.0,0
179.0750437726762,20.0,0.0,2.0,3.0,7.0,0.5,0,5.0,0
179.4750437726762,20.0,0.0,2.0,3.0,7.0,0.5,0,5.0,0
179.4770437726762,20.0,0.0,2.0,3.0,7.0,0.5,0,5.0,0
179.87704377267622,20.0,0.0,2.0,3.0,7.0,0.5,0,5.0,0
179.87904377267623,20.0,0.0,2.0,3.0,7.0,0.5,0,5.0,0
180.27904377267623,20.0,0.0,2.0,3.0,7.0,0.5,0,5.0,0
180.28104377267624,20.0,0.0,2.0,3.0,7.0,0.5,0,5.0,0
180.68104377267625,20.0,0.0,2.0,3.0,7.0,0.5,0,5.0,0
180.68304377267626,20.0,0.0,2.0,3.0,7.0,0.5,0,5.0,0
181.08304377267626,20.0,0.0,2.0,3.0,7.0,0.5,0,5.0,0
181.08504377267627,20.0,0.0,2.0,3.0,7.0,0.5,0,5.0,0
181.48504377267628,20.0,0.0,2.0,3.0,7.0,0.5,0,5.0,0
181.4870437726763,20.0,0.0,2.0,3.0,7.0,0.5,0,5.0,0
181.8870437726763,20.0,0.0,2.0,3.0,7.0,0.5,0,5.0,0
181.8890437726763,20.0,0.0,2.0,3.0,7.0,0.5,0,5.0,0
182.2890437726763,20.0,0.0,2.0,3.0,7.0,0.5,0,5.0,0
182.29104377267632,20.0,0.0,2.0,3.0,7.0,0.5,0,5.0,0
182.69104377267632,20.0,0.0,2.0,3.0,7.0,0.5,0,5.0,0
182.69304377267633,20.0,0.0,2.0,3.0,7.0,0.5,0,5.0,0
183.09304377267634,20.0,0.0,2.0,3.0,7.0,0.5,0,5.0,0
183.09504377267635,20.0,0.0,2.0,3.0,7.0,0.5,0,5.0,0
183.49504377267635,20.0,0.0,2.0,3.0,7.0,0.5,0,5.0,0
183.49704377267636,20.0,0.0,2.0,3.0,7.0,0.5,0,5.0,0
183.89704377267637,20.0,0.0,2.0,3.0,7.0,0.5,0,5.0,0
183.89904377267638,20.0,0.0,2.0,3.0,7.0,0.5,0,5.0,0
184.29904377267638,20.0,0.0,2.0,3.0,7.0,0.5,0,5.0,0
184.3010437726764,20.0,0.0,2.0,3.0,7.0,0.5,0,5.0,0
184.7010437726764,20.0,0.0,2.0,3.0,7.0,0.5,0,5.0,0
184.7030437726764,20.0,0.0,2.0,3.0,7.0,0.5,0,5.0,0
185.10304377267641,20.0,0.0,2.0,3.0,7.0,0.5,0,5.0,0
185.10504377267642,20.0,0.0,2.0,3.0,7.0,0.5,0,5.0,0
185.50504377267643,20.0,0.0,2.0,3.0,7.0,0.5,0,5.0,0
185.50704377267644,20.0,0.0,2.0,3.0,7.0,0.5,0,5.0,0
185.90704377267645,20.0,0.0,2.0,3.0,7.0,0.5,0,5.0,0
185.90904377267645,20.0,0.0,2.0,3.0,7.0,0.5,0,5.0,0
186.30904377267646,20.0,0.0,2.0,3.0,7.0,0.5,0,5.0,0
186.31104377267647,20.0,0.0,2.0,3.0,7.0,0.5,0,5.0,0
186.71104377267648,20.0,0.0,2.0,3.0,7.0,0.5,0,5.0,0
186.71304377267649,20.0,0.0,2.0,3.0,7.0,0.5,0,5.0,0
187.1130437726765,20.0,0.0,2.0,3.0,7.0,0.5,0,5.0,0
187.1150437726765,20.0,0.0,2.0,3.0,7.0,0.5,0,5.0,0
187.5150437726765,20.0,0.0,2.0,3.0,7.0,0.5,0,5.0,0
187.51704377267652,20.0,0.0,2.0,3.0,7.0,0.5,0,5.0,0
187.91704377267652,20.0,0.0,2.0,3.0,7.0,0.5,0,5.0,0
187.91904377267653,20.0,0.0,2.0,3.0,7.0,0.5,0,5.0,0
188.31904377267654,20.0,0.0,2.0,3.0,7.0,0.5,0,5.0,0
188.32104377267655,20.0,0.0,2.0,3.0,7.0,0.5,0,5.0,0
188.72104377267655,20.0,0.0,2.0,3.0,7.0,0.5,0,5.0,0
188.72304377267656,20.0,0.0,2.0,3.0,7.0,0.5,0,5.0,0
189.12304377267657,20.0,0.0,2.0,3.0,7.0,0.5,0,5.0,0
189.12504377267658,30.0,0.0,2.0,3.0,7.0,0.5,0,5.0,0
189.52504377267658,30.0,0.0,2.0,3.0,7.0,0.5,0,5.0,0
189.5270437726766,30.0,0.0,2.0,3.0,7.0,0.5,0,5.0,0
189.9270437726766,30.0,0.0,2.0,3.0,7.0,0.5,0,5.0,0
189.9290437726766,30.0,0.0,2.0,3.0,7.0,0.5,0,5.0,0
190.3290437726766,30.0,0.0,2.0,3.0,7.0,0.5,0,5.0,0
190.33104377267662,30.0,0.0,2.0,3.0,7.0,0.5,5.0,5.0,0
190.73104377267663,30.0,0.0,2.0,3.0,7.0,0.5,5.0,5.0,0
190.73304377267664,30.0,0.0,2.0,3.0,7.0,0.5,5.0,5.0,0
191.13304377267664,30.0,0.0,2.0,3.0,7.0,0.5,5.0,5.0,0
191.13504377267665,30.0,0.0,2.0,3.0,7.0,0.5,5.0,5.0,0
191.53504377267666,30.0,0.0,2.0,3.0,7.0,0.5,5.0,5.0,0
191.53704377267667,30.0,0.0,2.0,3.0,7.0,0.5,5.0,5.0,0
191.93704377267667,30.0,0.0,2.0,3.0,7.0,0.5,5.0,5.0,0
191.93904377267668,40.0,0.0,2.0,3.0,7.0,0.5,5.0,5.0,0
192.3390437726767,40.0,0.0,2.0,3.0,7.0,0.5,5.0,5.0,0
192.34054377267668,40.0,0.0,2.0,3.0,7.0,0.5,5.0,5.0,0
192.7405437726767,40.0,0.0,2.0,3.0,7.0,0.5,5.0,5.0,0
192.74204377267668,40.0,0.0,2.0,3.0,7.0,5.5,5.0,5.0,0
193.1420437726767,40.0,0.0,2.0,3.0,7.0,5.5,5.0,5.0,0
193.14354377267668,40.0,0.0,2.0,3.0,7.0,5.5,5.0,5.0,0
193.54354377267668,40.0,0.0,2.0,3.0,7.0,5.5,5.0,5.0,0
193.54504377267668,40.0,0.0,2.0,3.0,7.0,5.5,5.0,5.0,0
193.94504377267668,40.0,0.0,2.0,3.0,7.0,5.5,5.0,5.0,0
193.94654377267668,40.0,0.0,2.0,3.0,7.0,5.5,5.0,5.0,0
194.34654377267668,40.0,0.0,2.0,3.0,7.0,5.5,5.0,5.0,0
194.34804377267668,40.0,0.0,2.0,3.0,7.0,5.5,5.0,5.0,0
194.74804377267668,40.0,0.0,2.0,3.0,7.0,5.5,5.0,5.0,0
194.74954377267667,40.0,0.0,2.0,3.0,7.0,5.5,5.0,5.0,0
195.14954377267668,40.0,0.0,2.0,3.0,7.0,5.5,5.0,5.0,0
195.15104377267667,40.0,0.0,2.0,3.0,7.0,5.5,5.0,5.0,0
195.55104377267668,40.0,0.0,2.0,3.0,7.0,5.5,5.0,5.0,0
195.55254377267667,40.0,0.0,2.0,3.0,7.0,5.5,5.0,5.0,0
195.95254377267668,40.0,0.0,2.0,3.0,7.0,5.5,5.0,5.0,0
195.95404377267667,40.0,0.0,2.0,3.0,7.0,5.5,5.0,5.0,0
196.35404377267668,40.0,0.0,2.0,3.0,7.0,5.5,5.0,5.0,0
196.35554377267667,40.0,0.0,2.0,3.0,7.0,5.5,5.0,5.0,0
196.75554377267667,40.0,0.0,2.0,3.0,7.0,5.5,5.0,5.0,0
196.75704377267667,40.0,0.0,2.0,3.0,7.0,5.5,5.0,5.0,0
197.15704377267667,40.0,0.0,2.0,3.0,7.0,5.5,5.0,5.0,0
197.15854377267667,40.0,0.0,2.0,3.0,7.0,5.5,5.0,5.0,0
197.55854377267667,40.0,0.0,2.0,3.0,7.0,5.5,5.0,5.0,0
197.56004377267666,40.0,0.0,2.0,3.0,7.0,5.5,5.0,5.0,0
197.96004377267667,40.0,0.0,2.0,3.0,7.0,5.5,5.0,5.0,0
197.96154377267666,40.0,0.0,2.0,3.0,7.0,5.5,5.0,5.0,0
198.36154377267667,40.0,0.0,2.0,3.0,7.0,5.5,5.0,5.0,0
198.36304377267666,40.0,0.0,2.0,3.0,7.0,5.5,5.0,5.0,0
198.76304377267667,40.0,0.0,2.0,3.0,7.0,5.5,5.0,5.0,0
198.76454377267666,40.0,0.0,2.0,3.0,7.0,5.5,5.0,5.0,0
199.16454377267667,40.0,0.0,2.0,3.0,7.0,5.5,5.0,5.0,0
199.16604377267666,40.0,0.0,2.0,3.0,7.0,5.5,5.0,5.0,0
199.56604377267666,40.0,0.0,2.0,3.0,7.0,5.5,5.0,5.0,0
199.56754377267666,40.0,0.0,2.0,3.0,7.0,5.5,5.0,5.0,0
199.96754377267666,40.0,0.0,2.0,3.0,7.0,5.5,5.0,5.0,0
199.96904377267666,40.0,0.0,2.0,3.0,7.0,5.5,5.0,5.0,0
200.36904377267666,40.0,0.0,2.0,3.0,7.0,5.5,5.0,5.0,0
200.37054377267665,40.0,0.0,2.0,3.0,7.0,5.5,5.0,5.0,0
200.77054377267666,40.0,0.0,2.0,3.0,7.0,5.5,5.0,5.0,0
200.77204377267665,40.0,0.0,2.0,3.0,7.0,5.5,5.0,5.0,0
201.17204377267666,40.0,0.0,2.0,3.0,7.0,5.5,5.0,5.0,0
201.17354377267665,40.0,0.0,2.0,3.0,7.0,5.5,5.0,5.0,0
201.57354377267666,40.0,0.0,2.0,3.0,7.0,5.5,5.0,5.0,0
201.57504377267665,40.0,0.0,2.0,3.0,7.0,5.5,5.0,5.0,0
201.97504377267666,40.0,0.0,2.0,3.0,7.0,5.5,5.0,5.0,0
201.97654377267665,40.0,0.0,2.0,3.0,7.0,5.5,5.0,5.0,0
202.37654377267665,40.0,0.0,2.0,3.0,7.0,5.5,5.0,5.0,0
202.37804377267665,40.0,0.0,2.0,3.0,7.0,3.5,5.0,6.0,0
202.77804377267665,40.0,0.0,2.0,3.0,7.0,3.5,5.0,6.0,0
202.77954377267665,40.0,0.0,2.0,3.0,7.0,3.5,5.0,6.0,0
203.17954377267665,40.0,0.0,2.0,3.0,7.0,3.5,5.0,6.0,0
203.18104377267665,40.0,0.0,2.0,3.0,7.0,3.5,5.0,6.0,0
203.58104377267665,40.0,0.0,2.0,3.0,7.0,3.5,5.0,6.0,0
203.58254377267664,40.0,0.0,2.0,3.0,7.0,3.5,5.0,6.0,0
203.98254377267665,40.0,0.0,2.0,3.0,7.0,3.5,5.0,6.0,0
203.98404377267664,40.0,0.0,2.0,3.0,7.0,1.5,5.0,7.0,0
204.38404377267665,40.0,0.0,2.0,3.0,7.0,1.5,5.0,7.0,0
204.38554377267664,40.0,0.0,2.0,3.0,7.0,1.5,5.0,7.0,0
204.78554377267665,40.0,0.0,2.0,3.0,7.0,1.5,5.0,7.0,0
204.78704377267664,40.0,0.0,2.0,3.0,7.0,1.5,5.0,7.0,0
205.18704377267665,40.0,0.0,2.0,3.0,7.0,1.5,5.0,7.0,0
205.18854377267664,40.0,0.0,2.0,3.0,7.0,1.5,5.0,7.0,0
205.58854377267664,40.0,0.0,2.0,3.0,7.0,1.5,5.0,7.0,0
205.59004377267664,40.0,0.0,2.0,3.0,7.0,1.5,5.0,7.0,0
205.99004377267664,40.0,0.0,2.0,3.0,7.0,1.5,5.0,7.0,0
205.99154377267664,40.0,0.0,2.0,3.0,7.0,1.5,5.0,7.0,0
206.39154377267664,40.0,0.0,2.0,3.0,7.0,1.5,5.0,7.0,0
206.39304377267663,40.0,0.0,2.0,3.0,7.0,1.5,5.0,7.0,0
206.79304377267664,40.0,0.0,2.0,3.0,7.0,1.5,5.0,7.0,0
206.79454377267663,40.0,0.0,2.0,3.0,7.0,1.5,5.0,7.0,0
207.19454377267664,40.0,0.0,2.0,3.0,7.0,1.5,5.0,7.0,0
207.19604377267663,40.0,0.0,2.0,3.0,7.0,1.5,5.0,7.0,0
207.59604377267664,40.0,0.0,2.0,3.0,7.0,1.5,5.0,7.0,0
207.59754377267663,40.0,0.0,2.0,3.0,7.0,1.5,5.0,7.0,0
207.99754377267664,40.0,0.0,2.0,3.0,7.0,1.5,5.0,7.0,0
207.99904377267663,40.0,0.0,2.0,3.0,7.0,1.5,5.0,7.0,0
208.39904377267663,40.0,0.0,2.0,3.0,7.0,1.5,5.0,7.0,0
208.40054377267663,40.0,0.0,2.0,3.0,7.0,1.5,5.0,7.0,0
208.80054377267663,40.0,0.0,2.0,3.0,7.0,1.5,5.0,7.0,0
208.80204377267663,40.0,0.0,2.0,3.0,7.0,1.5,5.0,7.0,0
209.20204377267663,40.0,0.0,2.0,3.0,7.0,1.5,5.0,7.0,0
209.20354377267662,40.0,0.0,2.0,3.0,7.0,1.5,5.0,7.0,0
209.60354377267663,40.0,0.0,2.0,3.0,7.0,1.5,5.0,7.0,0
209.60504377267662,40.0,0.0,2.0,3.0,7.0,1.5,5.0,7.0,0
210.00504377267663,40.0,0.0,2.0,3.0,7.0,1.5,5.0,7.0,0
210.00654377267662,40.0,0.0,2.0,3.0,7.0,1.5,3.0,7.0,1.0
210.40654377267663,40.0,0.0,2.0,3.0,7.0,1.5,3.0,7.0,1.0
210.40804377267662,40.0,0.0,2.0,3.0,7.0,1.5,3.0,7.0,1.0
210.80804377267663,40.0,0.0,2.0,3.0,7.0,1.5,3.0,7.0,1.0
210.80954377267662,40.0,0.0,2.0,3.0,7.0,1.5,3.0,7.0,1.0
211.20954377267662,40.0,0.0,2.0,3.0,7.0,1.5,3.0,7.0,1.0
211.21104377267662,40.0,0.0,2.0,3.0,7.0,1.5,3.0,7.0,1.0
211.61104377267662,40.0,0.0,2.0,3.0,7.0,1.5,3.0,7.0,1.0
211.61254377267662,40.0,0.0,2.0,3.0,7.0,1.5,3.0,7.0,1.0
212.01254377267662,40.0,0.0,2.0,3.0,7.0,1.5,3.0,7.0,1.0
212.01404377267662,30.0,0.0,2.0,3.0,7.0,1.5,3.0,7.0,1.0
212.41404377267662,30.0,0.0,2.0,3.0,7.0,1.5,3.0,7.0,1.0
212.41604377267663,30.0,0.0,2.0,3.0,7.0,1.5,3.0,7.0,1.0
212.81604377267664,30.0,0.0,2.0,3.0,7.0,1.5,3.0,7.0,1.0
212.81804377267665,30.0,0.0,2.0,3.0,7.0,1.5,3.0,7.0,1.0
213.21804377267665,30.0,0.0,2.0,3.0,7.0,1.5,3.0,7.0,1.0
213.22004377267666,30.0,0.0,2.0,3.0,7.0,1.5,3.0,7.0,1.0
213.62004377267667,30.0,0.0,2.0,3.0,7.0,1.5,3.0,7.0,1.0
213.62204377267668,30.0,0.0,2.0,3.0,7.0,1.5,3.0,7.0,1.0
214.02204377267668,30.0,0.0,2.0,3.0,7.0,1.5,3.0,7.0,1.0
214.0240437726767,30.0,0.0,2.0,3.0,7.0,1.5,3.0,7.0,1.0
214.4240437726767,30.0,0.0,2.0,3.0,7.0,1.5,3.0,7.0,1.0
214.4260437726767,40.0,0.0,2.0,3.0,7.0,1.5,3.0,7.0,1.0
214.8260437726767,40.0,0.0,2.0,3.0,7.0,1.5,3.0,7.0,1.0
214.8275437726767,40.0,0.0,2.0,3.0,7.0,1.5,3.0,7.0,1.0
215.2275437726767,40.0,0.0,2.0,3.0,7.0,1.5,3.0,7.0,1.0
215.2290437726767,40.0,0.0,2.0,3.0,7.0,1.5,3.0,7.0,1.0
215.6290437726767,40.0,0.0,2.0,3.0,7.0,1.5,3.0,7.0,1.0
215.6305437726767,40.0,0.0,2.0,3.0,7.0,1.5,3.0,7.0,1.0
216.0305437726767,40.0,0.0,2.0,3.0,7.0,1.5,3.0,7.0,1.0
216.0320437726767,40.0,0.0,2.0,3.0,7.0,1.5,3.0,7.0,1.0
216.4320437726767,40.0,0.0,2.0,3.0,7.0,1.5,3.0,7.0,1.0
216.4335437726767,40.0,0.0,2.0,3.0,7.0,1.5,3.0,7.0,1.0
216.8335437726767,40.0,0.0,2.0,3.0,7.0,1.5,3.0,7.0,1.0
216.8350437726767,40.0,0.0,2.0,3.0,7.0,1.5,3.0,7.0,1.0
217.2350437726767,40.0,0.0,2.0,3.0,7.0,1.5,3.0,7.0,1.0
217.2365437726767,40.0,0.0,2.0,3.0,7.0,1.5,3.0,7.0,1.0
217.6365437726767,40.0,0.0,2.0,3.0,7.0,1.5,3.0,7.0,1.0
217.6380437726767,40.0,0.0,2.0,3.0,7.0,6.5,3.0,7.0,1.0
218.0380437726767,40.0,0.0,2.0,3.0,7.0,6.5,3.0,7.0,1.0
218.0394638910199,40.0,0.0,2.0,3.0,7.0,6.5,3.0,7.0,1.0
218.4394638910199,40.0,0.0,2.0,3.0,7.0,6.5,3.0,7.0,1.0
218.4408840093631,40.0,0.0,2.0,3.0,7.0,6.5,3.0,7.0,1.0
218.8408840093631,40.0,0.0,2.0,3.0,7.0,6.5,3.0,7.0,1.0
218.84230412770629,40.0,0.0,2.0,3.0,7.0,6.5,3.0,7.0,1.0
219.2423041277063,40.0,0.0,2.0,3.0,7.0,6.5,3.0,7.0,1.0
219.24372424604948,40.0,0.0,2.0,3.0,7.0,6.5,3.0,7.0,1.0
219.6437242460495,40.0,0.0,2.0,3.0,7.0,6.5,3.0,7.0,1.0
219.64514436439268,40.0,0.0,2.0,3.0,7.0,6.5,3.0,7.0,1.0
220.04514436439268,40.0,0.0,2.0,3.0,7.0,6.5,3.0,7.0,1.0
220.04656448273587,40.0,0.0,2.0,3.0,7.0,6.5,3.0,7.0,1.0
220.44656448273588,40.0,0.0,2.0,3.0,7.0,6.5,3.0,7.0,1.0
220.44798460107907,40.0,0.0,2.0,3.0,7.0,4.5,3.0,8.0,1.0
220.84798460107908,40.0,0.0,2.0,3.0,7.0,4.5,3.0,8.0,1.0
220.84948460107907,40.0,0.0,2.0,3.0,7.0,4.5,3.0,8.0,1.0
221.24948460107908,40.0,0.0,2.0,3.0,7.0,4.5,3.0,8.0,1.0
221.25098460107907,40.0,0.0,2.0,3.0,7.0,4.5,3.0,8.0,1.0
221.65098460107907,40.0,0.0,2.0,3.0,7.0,4.5,3.0,8.0,1.0
221.65248460107907,40.0,0.0,2.0,3.0,7.0,4.5,3.0,8.0,1.0
222.05248460107907,40.0,0.0,2.0,3.0,7.0,4.5,3.0,8.0,1.0
222.05398460107907,40.0,0.0,2.0,3.0,7.0,4.5,3.0,8.0,1.0
222.45398460107907,40.0,0.0,2.0,3.0,7.0,4.5,3.0,8.0,1.0
222.45548460107906,40.0,0.0,2.0,3.0,7.0,4.5,3.0,8.0,1.0
222.85548460107907,40.0,0.0,2.0,3.0,7.0,4.5,3.0,8.0,1.0
222.85698460107906,40.0,0.0,2.0,3.0,7.0,4.5,3.0,8.0,1.0
223.25698460107907,40.0,0.0,2.0,3.0,7.0,4.5,3.0,8.0,1.0
223.25848460107906,40.0,0.0,2.0,3.0,7.0,4.5,3.0,8.0,1.0
223.65848460107907,40.0,0.0,2.0,3.0,7.0,4.5,3.0,8.0,1.0
223.65998460107906,30.0,0.0,2.0,3.0,7.0,4.5,3.0,8.0,1.0
224.05998460107907,30.0,0.0,2.0,3.0,7.0,4.5,3.0,8.0,1.0
224.06198460107908,30.0,0.0,2.0,3.0,7.0,4.5,3.0,8.0,1.0
224.46198460107908,30.0,0.0,2.0,3.0,7.0,4.5,3.0,8.0,1.0
224.4639846010791,30.0,0.0,2.0,3.0,7.0,4.5,3.0,8.0,1.0
224.8639846010791,30.0,0.0,2.0,3.0,7.0,4.5,3.0,8.0,1.0
224.8659846010791,30.0,0.0,2.0,3.0,7.0,4.5,3.0,8.0,1.0
225.2659846010791,30.0,0.0,2.0,3.0,7.0,4.5,3.0,8.0,1.0
225.26798460107912,30.0,0.0,2.0,3.0,7.0,4.5,3.0,8.0,1.0
225.66798460107913,30.0,0.0,2.0,3.0,7.0,4.5,3.0,8.0,1.0
225.66998460107914,30.0,0.0,2.0,3.0,7.0,4.5,3.0,8.0,1.0
226.06998460107914,30.0,0.0,2.0,3.0,7.0,4.5,3.0,8.0,1.0
226.07198460107915,40.0,0.0,2.0,3.0,7.0,4.5,3.0,8.0,1.0
226.47198460107916,40.0,0.0,2.0,3.0,7.0,4.5,3.0,8.0,1.0
226.47348460107915,40.0,0.0,2.0,3.0,7.0,4.5,3.0,8.0,1.0
226.87348460107916,40.0,0.0,2.0,3.0,7.0,4.5,3.0,8.0,1.0
226.87498460107915,40.0,0.0,2.0,3.0,7.0,4.5,3.0,8.0,1.0
227.27498460107915,40.0,0.0,2.0,3.0,7.0,4.5,3.0,8.0,1.0
227.27648460107915,40.0,0.0,2.0,3.0,7.0,4.5,3.0,8.0,1.0
227.67648460107915,40.0,0.0,2.0,3.0,7.0,4.5,3.0,8.0,1.0
227.67798460107915,40.0,0.0,2.0,3.0,7.0,4.5,3.0,8.0,1.0
228.07798460107915,40.0,0.0,2.0,3.0,7.0,4.5,3.0,8.0,1.0
228.07948460107914,40.0,0.0,2.0,3.0,7.0,4.5,3.0,8.0,1.0
228.47948460107915,40.0,0.0,2.0,3.0,7.0,4.5,3.0,8.0,1.0
228.48098460107914,40.0,0.0,2.0,3.0,7.0,4.5,3.0,8.0,1.0
228.88098460107915,40.0,0.0,2.0,3.0,7.0,4.5,3.0,8.0,1.0
228.88248460107914,40.0,0.0,2.0,3.0,7.0,4.5,3.0,8.0,1.0
229.28248460107915,40.0,0.0,2.0,3.0,7.0,4.5,3.0,8.0,1.0
229.28398460107914,40.0,0.0,2.0,3.0,7.0,4.5,3.0,8.0,1.0
229.68398460107915,40.0,0.0,2.0,3.0,7.0,4.5,3.0,8.0,1.0
229.68548460107914,40.0,0.0,2.0,3.0,7.0,4.5,3.0,8.0,1.0
230.08548460107914,40.0,0.0,2.0,3.0,7.0,4.5,3.0,8.0,1.0
230.08698460107914,40.0,0.0,2.0,3.0,7.0,4.5,3.0,8.0,1.0
230.48698460107914,40.0,0.0,2.0,3.0,7.0,4.5,3.0,8.0,1.0
230.48848460107914,40.0,0.0,2.0,3.0,7.0,4.5,3.0,8.0,1.0
230.88848460107914,40.0,0.0,2.0,3.0,7.0,4.5,3.0,8.0,1.0
230.88998460107914,40.0,0.0,2.0,3.0,7.0,4.5,3.0,8.0,1.0
231.28998460107914,40.0,0.0,2.0,3.0,7.0,4.5,3.0,8.0,1.0
231.29148460107913,40.0,0.0,2.0,3.0,7.0,4.5,3.0,8.0,1.0
231.69148460107914,40.0,0.0,2.0,3.0,7.0,4.5,3.0,8.0,1.0
231.69298460107913,40.0,0.0,2.0,3.0,7.0,4.5,3.0,8.0,1.0
232.09298460107914,40.0,0.0,2.0,3.0,7.0,4.5,3.0,8.0,1.0
232.09448460107913,40.0,0.0,2.0,3.0,7.0,4.5,3.0,8.0,1.0
232.49448460107914,40.0,0.0,2.0,3.0,7.0,4.5,3.0,8.0,1.0
232.49598460107913,40.0,0.0,2.0,3.0,7.0,4.5,3.0,8.0,1.0
232.89598460107914,40.0,0.0,2.0,3.0,7.0,4.5,3.0,8.0,1.0
232.89748460107913,40.0,0.0,2.0,3.0,7.0,4.5,3.0,8.0,1.0
233.29748460107913,40.0,0.0,2.0,3.0,7.0,4.5,3.0,8.0,1.0
233.29898460107913,40.0,0.0,2.0,3.0,7.0,4.5,3.0,8.0,1.0
233.69898460107913,40.0,0.0,2.0,3.0,7.0,4.5,3.0,8.0,1.0
233.70048460107913,40.0,0.0,2.0,3.0,7.0,4.5,3.0,8.0,1.0
234.10048460107913,40.0,0.0,2.0,3.0,7.0,4.5,3.0,8.0,1.0
234.10198460107912,40.0,0.0,2.0,3.0,7.0,4.5,3.0,8.0,1.0
234.50198460107913,40.0,0.0,2.0,3.0,7.0,4.5,3.0,8.0,1.0
234.50348460107912,40.0,0.0,2.0,3.0,7.0,4.5,3.0,8.0,1.0
234.90348460107913,40.0,0.0,2.0,3.0,7.0,4.5,3.0,8.0,1.0
234.90498460107912,40.0,0.0,2.0,3.0,7.0,4.5,3.0,8.0,1.0
235.30498460107913,40.0,0.0,2.0,3.0,7.0,4.5,3.0,8.0,1.0
235.30648460107912,40.0,0.0,2.0,3.0,7.0,4.5,3.0,8.0,1.0
235.70648460107913,40.0,0.0,2.0,3.0,7.0,4.5,3.0,8.0,1.0
235.70798460107912,40.0,0.0,2.0,3.0,7.0,4.5,3.0,8.0,1.0
236.10798460107912,40.0,0.0,2.0,3.0,7.0,4.5,3.0,8.0,1.0
236.10948460107912,40.0,0.0,2.0,3.0,7.0,4.5,3.0,8.0,1.0
236.50948460107912,40.0,0.0,2.0,3.0,7.0,4.5,3.0,8.0,1.0
236.51098460107912,40.0,0.0,2.0,3.0,7.0,4.5,3.0,8.0,1.0
236.91098460107912,40.0,0.0,2.0,3.0,7.0,4.5,3.0,8.0,1.0
236.91248460107911,40.0,0.0,2.0,3.0,7.0,4.5,3.0,8.0,1.0
237.31248460107912,40.0,0.0,2.0,3.0,7.0,4.5,3.0,8.0,1.0
237.3139846010791,40.0,0.0,2.0,3.0,7.0,4.5,3.0,8.0,1.0
237.71398460107912,40.0,0.0,2.0,3.0,7.0,4.5,3.0,8.0,1.0
237.7154846010791,40.0,0.0,2.0,3.0,7.0,4.5,3.0,8.0,1.0
238.11548460107912,40.0,0.0,2.0,3.0,7.0,4.5,3.0,8.0,1.0
238.1169846010791,40.0,0.0,2.0,3.0,7.0,4.5,3.0,8.0,1.0
238.51698460107912,40.0,0.0,2.0,3.0,7.0,4.5,3.0,8.0,1.0
238.5184846010791,40.0,0.0,2.0,3.0,7.0,4.5,3.0,8.0,1.0
238.91848460107911,40.0,0.0,2.0,3.0,7.0,4.5,3.0,8.0,1.0
238.9199846010791,40.0,0.0,2.0,3.0,7.0,4.5,3.0,8.0,1.0
239.3199846010791,40.0,0.0,2.0,3.0,7.0,4.5,3.0,8.0,1.0
239.3214846010791,40.0,0.0,2.0,3.0,7.0,4.5,3.0,8.0,1.0
239.7214846010791,40.0,0.0,2.0,3.0,7.0,4.5,3.0,8.0,1.0
239.7229846010791,40.0,0.0,2.0,3.0,7.0,4.5,3.0,8.0,1.0
240.1229846010791,40.0,0.0,2.0,3.0,7.0,4.5,3.0,8.0,1.0
240.1244846010791,40.0,0.0,2.0,3.0,7.0,4.5,3.0,8.0,1.0
240.5244846010791,40.0,0.0,2.0,3.0,7.0,4.5,3.0,8.0,1.0
240.5259846010791,40.0,0.0,2.0,3.0,7.0,4.5,3.0,8.0,1.0
240.9259846010791,40.0,0.0,2.0,3.0,7.0,4.5,3.0,8.0,1.0
240.9274846010791,40.0,0.0,2.0,3.0,7.0,4.5,3.0,8.0,1.0
241.3274846010791,40.0,0.0,2.0,3.0,7.0,4.5,3.0,8.0,1.0
241.3289846010791,40.0,0.0,2.0,3.0,7.0,4.5,3.0,8.0,1.0
241.7289846010791,40.0,0.0,2.0,3.0,7.0,4.5,3.0,8.0,1.0
241.7304846010791,40.0,0.0,2.0,3.0,7.0,4.5,3.0,8.0,1.0
242.1304846010791,40.0,0.0,2.0,3.0,7.0,4.5,3.0,8.0,1.0
242.1319846010791,40.0,0.0,2.0,3.0,7.0,4.5,3.0,8.0,1.0
242.5319846010791,40.0,0.0,2.0,3.0,7.0,4.5,3.0,8.0,1.0
242.5334846010791,30.0,0.0,2.0,3.0,7.0,4.5,3.0,8.0,1.0
242.9334846010791,30.0,0.0,2.0,3.0,7.0,4.5,3.0,8.0,1.0
242.9354846010791,30.0,0.0,2.0,3.0,7.0,4.5,3.0,8.0,1.0
243.33548460107912,30.0,0.0,2.0,3.0,7.0,4.5,3.0,8.0,1.0
243.33748460107913,30.0,0.0,2.0,3.0,7.0,4.5,3.0,8.0,1.0
243.73748460107913,30.0,0.0,2.0,3.0,7.0,4.5,3.0,8.0,1.0
243.73948460107914,30.0,0.0,2.0,3.0,7.0,4.5,3.0,8.0,1.0
244.13948460107915,30.0,0.0,2.0,3.0,7.0,4.5,3.0,8.0,1.0
244.14148460107916,30.0,0.0,2.0,3.0,7.0,4.5,3.0,8.0,1.0
244.54148460107916,30.0,0.0,2.0,3.0,7.0,4.5,3.0,8.0,1.0
244.54348460107917,30.0,0.0,2.0,3.0,7.0,4.5,3.0,8.0,1.0
244.94348460107918,30.0,0.0,2.0,3.0,7.0,4.5,3.0,8.0,1.0
244.9454846010792,30.0,0.0,2.0,3.0,7.0,4.5,3.0,8.0,1.0
245.3454846010792,30.0,0.0,2.0,3.0,7.0,4.5,3.0,8.0,1.0
245.3474846010792,30.0,0.0,2.0,3.0,7.0,4.5,3.0,8.0,1.0
245.7474846010792,30.0,0.0,2.0,3.0,7.0,4.5,3.0,8.0,1.0
245.74948460107922,30.0,0.0,2.0,3.0,7.0,4.5,3.0,8.0,1.0
246.14948460107922,30.0,0.0,2.0,3.0,7.0,4.5,3.0,8.0,1.0
246.15148460107923,30.0,0.0,2.0,3.0,7.0,4.5,3.0,8.0,1.0
246.55148460107924,30.0,0.0,2.0,3.0,7.0,4.5,3.0,8.0,1.0
246.55348460107925,30.0,0.0,2.0,3.0,7.0,4.5,3.0,8.0,1.0
246.95348460107925,30.0,0.0,2.0,3.0,7.0,4.5,3.0,8.0,1.0
246.95548460107926,30.0,0.0,2.0,3.0,7.0,4.5,3.0,8.0,1.0
247.35548460107927,30.0,0.0,2.0,3.0,7.0,4.5,3.0,8.0,1.0
247.35748460107928,30.0,0.0,2.0,3.0,7.0,4.5,3.0,8.0,1.0
247.75748460107928,30.0,0.0,2.0,3.0,7.0,4.5,3.0,8.0,1.0
247.7594846010793,30.0,0.0,2.0,3.0,7.0,4.5,3.0,8.0,1.0
248.1594846010793,30.0,0.0,2.0,3.0,7.0,4.5,3.0,8.0,1.0
248.1614846010793,30.0,0.0,2.0,3.0,7.0,4.5,3.0,8.0,1.0
248.56148460107931,30.0,0.0,2.0,3.0,7.0,4.5,3.0,8.0,1.0
248.56348460107932,30.0,0.0,2.0,3.0,7.0,4.5,3.0,8.0,1.0
248.96348460107933,30.0,0.0,2.0,3.0,7.0,4.5,3.0,8.0,1.0
248.96548460107934,30.0,0.0,2.0,3.0,7.0,4.5,3.0,8.0,1.0
249.36548460107934,30.0,0.0,2.0,3.0,7.0,4.5,3.0,8.0,1.0
249.36748460107935,30.0,0.0,2.0,3.0,7.0,4.5,3.0,8.0,1.0
249.76748460107936,30.0,0.0,2.0,3.0,7.0,4.5,3.0,8.0,1.0
249.76948460107937,30.0,0.0,2.0,3.0,7.0,4.5,3.0,8.0,1.0
250.16948460107938,30.0,0.0,2.0,3.0,7.0,4.5,3.0,8.0,1.0
250.17148460107938,30.0,0.0,2.0,3.0,7.0,4.5,3.0,8.0,1.0
250.5714846010794,30.0,0.0,2.0,3.0,7.0,4.5,3.0,8.0,1.0
250.5734846010794,30.0,0.0,2.0,3.0,7.0,4.5,3.0,8.0,1.0
250.9734846010794,30.0,0.0,2.0,3.0,7.0,4.5,3.0,8.0,1.0
250.97548460107942,40.0,0.0,2.0,3.0,7.0,4.5,3.0,8.0,1.0
251.37548460107942,40.0,0.0,2.0,3.0,7.0,4.5,3.0,8.0,1.0
251.3769846010794,40.0,0.0,2.0,3.0,7.0,4.5,3.0,8.0,1.0
251.77698460107942,40.0,0.0,2.0,3.0,7.0,4.5,3.0,8.0,1.0
251.7784846010794,40.0,0.0,2.0,3.0,7.0,4.5,3.0,8.0,1.0
252.17848460107942,40.0,0.0,2.0,3.0,7.0,4.5,3.0,8.0,1.0
252.1799846010794,40.0,0.0,2.0,3.0,7.0,4.5,3.0,8.0,1.0
252.57998460107942,40.0,0.0,2.0,3.0,7.0,4.5,3.0,8.0,1.0
252.5814846010794,40.0,0.0,2.0,3.0,7.0,4.5,3.0,8.0,1.0
252.98148460107942,40.0,0.0,2.0,3.0,7.0,4.5,3.0,8.0,1.0
252.9829846010794,40.0,0.0,2.0,3.0,7.0,4.5,3.0,8.0,1.0
253.38298460107941,40.0,0.0,2.0,3.0,7.0,4.5,3.0,8.0,1.0
253.3844846010794,40.0,0.0,2.0,3.0,7.0,4.5,3.0,8.0,1.0
253.7844846010794,40.0,0.0,2.0,3.0,7.0,4.5,3.0,8.0,1.0
253.7859846010794,40.0,0.0,2.0,3.0,7.0,4.5,3.0,8.0,1.0
254.1859846010794,40.0,0.0,2.0,3.0,7.0,4.5,3.0,8.0,1.0
254.1874846010794,40.0,0.0,2.0,3.0,7.0,4.5,3.0,8.0,1.0
254.5874846010794,40.0,0.0,2.0,3.0,7.0,4.5,3.0,8.0,1.0
254.5889846010794,40.0,0.0,2.0,3.0,7.0,4.5,3.0,8.0,1.0
254.9889846010794,40.0,0.0,2.0,3.0,7.0,4.5,3.0,8.0,1.0
254.9904846010794,40.0,0.0,2.0,3.0,7.0,4.5,3.0,8.0,1.0
255.3904846010794,40.0,0.0,2.0,3.0,7.0,4.5,3.0,8.0,1.0
255.3919846010794,40.0,0.0,2.0,3.0,7.0,4.5,3.0,8.0,1.0
255.7919846010794,40.0,0.0,2.0,3.0,7.0,4.5,3.0,8.0,1.0
255.7934846010794,40.0,0.0,2.0,3.0,7.0,4.5,3.0,8.0,1.0
256.1934846010794,40.0,0.0,2.0,3.0,7.0,4.5,3.0,8.0,1.0
256.1949846010794,40.0,0.0,2.0,3.0,7.0,4.5,3.0,8.0,1.0
256.5949846010794,40.0,0.0,2.0,3.0,7.0,4.5,3.0,8.0,1.0
256.5964846010794,40.0,0.0,2.0,3.0,7.0,4.5,3.0,8.0,1.0
256.9964846010794,40.0,0.0,2.0,3.0,7.0,4.5,3.0,8.0,1.0
256.9979846010794,40.0,0.0,2.0,3.0,7.0,4.5,3.0,8.0,1.0
257.3979846010794,40.0,0.0,2.0,3.0,7.0,4.5,3.0,8.0,1.0
257.3994846010794,40.0,0.0,2.0,3.0,7.0,4.5,3.0,8.0,1.0
257.79948460107937,40.0,0.0,2.0,3.0,7.0,4.5,3.0,8.0,1.0
257.8009846010794,40.0,0.0,2.0,3.0,7.0,4.5,3.0,8.0,1.0
258.20098460107937,40.0,0.0,2.0,3.0,7.0,4.5,3.0,8.0,1.0
258.2024846010794,40.0,0.0,2.0,3.0,7.0,4.5,3.0,8.0,1.0
258.60248460107937,40.0,0.0,2.0,3.0,7.0,4.5,3.0,8.0,1.0
258.6039846010794,50.0,0.0,2.0,3.0,7.0,4.5,3.0,8.0,1.0
259.00398460107937,50.0,0.0,2.0,3.0,7.0,4.5,3.0,8.0,1.0
259.00518460107935,50.0,0.0,2.0,3.0,7.0,4.5,3.0,8.0,1.0
259.4051846010793,50.0,0.0,2.0,3.0,7.0,4.5,3.0,8.0,1.0
259.4063846010793,50.0,0.0,2.0,3.0,7.0,4.5,3.0,8.0,1.0
259.8063846010793,50.0,0.0,2.0,3.0,7.0,4.5,3.0,8.0,1.0
259.80758460107927,50.0,0.0,2.0,3.0,7.0,2.5,3.0,9.0,1.0
260.20758460107925,50.0,0.0,2.0,3.0,7.0,2.5,3.0,9.0,1.0
260.20878460107923,50.0,0.0,2.0,3.0,7.0,2.5,3.0,9.0,1.0
260.6087846010792,50.0,0.0,2.0,3.0,7.0,2.5,3.0,9.0,1.0
260.6099846010792,50.0,0.0,2.0,3.0,7.0,2.5,3.0,9.0,1.0
261.00998460107917,50.0,0.0,2.0,3.0,7.0,2.5,3.0,9.0,1.0
261.01118460107915,50.0,0.0,2.0,3.0,7.0,2.5,3.0,9.0,1.0
261.4111846010791,50.0,0.0,2.0,3.0,7.0,2.5,3.0,9.0,1.0
261.4123846010791,50.0,0.0,2.0,3.0,7.0,2.5,3.0,9.0,1.0
261.8123846010791,50.0,0.0,2.0,3.0,7.0,2.5,3.0,9.0,1.0
261.81358460107907,50.0,0.0,2.0,3.0,7.0,2.5,3.0,9.0,1.0
262.21358460107905,50.0,0.0,2.0,3.0,7.0,2.5,3.0,9.0,1.0
262.21478460107903,50.0,0.0,2.0,3.0,7.0,7.5,3.0,9.0,1.0
262.614784601079,50.0,0.0,2.0,3.0,7.0,7.5,3.0,9.0,1.0
262.61585126774565,50.0,0.0,2.0,3.0,7.0,7.5,3.0,9.0,1.0
263.01585126774563,50.0,0.0,2.0,3.0,7.0,7.5,3.0,9.0,1.0
263.0169179344123,50.0,0.0,2.0,3.0,7.0,7.5,3.0,9.0,1.0
263.41691793441225,50.0,0.0,2.0,3.0,7.0,7.5,3.0,9.0,1.0
263.4179846010789,50.0,0.0,2.0,3.0,7.0,7.5,3.0,9.0,1.0
263.8179846010789,50.0,0.0,2.0,3.0,7.0,7.5,3.0,9.0,1.0
263.8190512677455,50.0,0.0,2.0,3.0,7.0,7.5,3.0,9.0,1.0
264.2190512677455,50.0,0.0,2.0,3.0,7.0,7.5,3.0,9.0,1.0
264.22011793441214,50.0,0.0,2.0,3.0,7.0,7.5,3.0,9.0,1.0
264.6201179344121,50.0,0.0,2.0,3.0,7.0,7.5,3.0,9.0,1.0
264.62118460107877,50.0,0.0,2.0,3.0,7.0,7.5,3.0,9.0,1.0
265.02118460107874,50.0,0.0,2.0,3.0,7.0,7.5,3.0,9.0,1.0
265.0222512677454,50.0,0.0,2.0,3.0,7.0,7.5,3.0,9.0,1.0
265.42225126774537,50.0,0.0,2.0,3.0,7.0,7.5,3.0,9.0,1.0
265.423317934412,50.0,0.0,2.0,3.0,7.0,7.5,3.0,9.0,1.0
265.823317934412,50.0,0.0,2.0,3.0,7.0,7.5,3.0,9.0,1.0
265.82438460107863,50.0,0.0,2.0,3.0,7.0,7.5,3.0,9.0,1.0
266.2243846010786,50.0,0.0,2.0,3.0,7.0,7.5,3.0,9.0,1.0
266.22545126774526,50.0,0.0,2.0,3.0,7.0,7.5,3.0,9.0,1.0
266.62545126774523,50.0,0.0,2.0,3.0,7.0,7.5,3.0,9.0,1.0
266.6265179344119,50.0,0.0,2.0,3.0,7.0,7.5,3.0,9.0,1.0
267.02651793441186,50.0,0.0,2.0,3.0,7.0,7.5,3.0,9.0,1.0
267.0275846010785,50.0,0.0,2.0,3.0,6.0,7.5,3.0,9.0,1.0
267.4275846010785,50.0,0.0,2.0,3.0,6.0,7.5,3.0,9.0,1.0
267.4286512677451,50.0,0.0,2.0,3.0,6.0,7.5,3.0,9.0,1.0
267.8286512677451,50.0,0.0,2.0,3.0,6.0,7.5,3.0,9.0,1.0
267.82971793441175,60.0,0.0,2.0,3.0,6.0,7.5,3.0,9.0,1.0
268.2297179344117,60.0,0.0,2.0,3.0,6.0,7.5,3.0,9.0,1.0
268.2307179344117,60.0,0.0,2.0,3.0,6.0,7.5,3.0,9.0,1.0
268.6307179344117,60.0,0.0,2.0,3.0,6.0,7.5,3.0,9.0,1.0
268.63171793441165,60.0,0.0,2.0,3.0,6.0,7.5,3.0,9.0,1.0
269.03171793441163,60.0,0.0,2.0,3.0,6.0,7.5,3.0,9.0,1.0
269.0327179344116,60.0,0.0,2.0,3.0,6.0,7.5,3.0,9.0,1.0
269.4327179344116,60.0,0.0,2.0,3.0,6.0,7.5,3.0,9.0,1.0
269.43371793441156,60.0,0.0,2.0,3.0,6.0,7.5,3.0,9.0,1.0
269.83371793441154,60.0,0.0,2.0,3.0,6.0,7.5,3.0,9.0,1.0
269.8347179344115,60.0,0.0,2.0,3.0,6.0,7.5,3.0,9.0,1.0
270.2347179344115,60.0,0.0,2.0,3.0,6.0,7.5,3.0,9.0,1.0
270.23571793441147,60.0,0.0,2.0,3.0,6.0,7.5,3.0,9.0,1.0
270.63571793441145,60.0,0.0,2.0,3.0,6.0,7.5,3.0,9.0,1.0
270.6367179344114,60.0,0.0,2.0,3.0,6.0,7.5,3.0,9.0,1.0
271.0367179344114,60.0,0.0,2.0,3.0,6.0,7.5,3.0,9.0,1.0
271.0377179344114,60.0,0.0,2.0,3.0,6.0,7.5,3.0,9.0,1.0
271.43771793441135,60.0,0.0,2.0,3.0,6.0,7.5,3.0,9.0,1.0
271.43871793441133,60.0,0.0,2.0,3.0,6.0,7.5,3.0,9.0,1.0
271.8387179344113,60.0,0.0,2.0,3.0,6.0,7.5,3.0,9.0,1.0
271.8397179344113,60.0,0.0,2.0,3.0,6.0,7.5,3.0,9.0,1.0
272.23971793441126,60.0,0.0,2.0,3.0,6.0,7.5,3.0,9.0,1.0
272.24071793441124,60.0,0.0,2.0,3.0,6.0,7.5,3.0,9.0,1.0
272.6407179344112,60.0,0.0,2.0,3.0,6.0,7.5,3.0,9.0,1.0
272.6417179344112,60.0,0.0,2.0,3.0,6.0,7.5,3.0,9.0,1.0
273.04171793441117,60.0,0.0,2.0,3.0,6.0,7.5,3.0,9.0,1.0
273.04271793441114,60.0,0.0,2.0,3.0,6.0,7.5,3.0,9.0,1.0
273.4427179344111,60.0,0.0,2.0,3.0,6.0,7.5,3.0,9.0,1.0
273.4437179344111,60.0,0.0,2.0,3.0,6.0,7.5,3.0,9.0,1.0
273.8437179344111,60.0,0.0,2.0,3.0,6.0,7.5,3.0,9.0,1.0
273.84471793441105,60.0,0.0,2.0,3.0,6.0,7.5,3.0,9.0,1.0
274.244717934411,60.0,0.0,2.0,3.0,6.0,7.5,3.0,9.0,1.0
274.245717934411,60.0,0.0,2.0,3.0,6.0,7.5,3.0,9.0,1.0
274.645717934411,60.0,0.0,2.0,3.0,6.0,7.5,3.0,9.0,1.0
274.64671793441096,60.0,0.0,2.0,3.0,6.0,7.5,3.0,9.0,1.0
275.04671793441094,60.0,0.0,2.0,3.0,6.0,7.5,3.0,9.0,1.0
275.0477179344109,60.0,0.0,2.0,3.0,6.0,7.5,3.0,9.0,1.0
275.4477179344109,60.0,0.0,2.0,3.0,6.0,7.5,3.0,9.0,1.0
275.44871793441087,60.0,0.0,2.0,3.0,6.0,7.5,3.0,9.0,1.0
275.84871793441084,60.0,0.0,2.0,3.0,6.0,7.5,3.0,9.0,1.0
275.8497179344108,60.0,0.0,2.0,3.0,6.0,7.5,3.0,9.0,1.0
276.2497179344108,60.0,0.0,2.0,3.0,6.0,7.5,3.0,9.0,1.0
276.2507179344108,60.0,0.0,2.0,3.0,6.0,7.5,3.0,9.0,1.0
276.65071793441075,60.0,0.0,2.0,3.0,6.0,7.5,3.0,9.0,1.0
276.6517179344107,60.0,0.0,2.0,3.0,6.0,7.5,3.0,9.0,1.0
277.0517179344107,60.0,0.0,2.0,3.0,6.0,7.5,3.0,9.0,1.0
277.0527179344107,60.0,0.0,2.0,3.0,6.0,7.5,1.0,9.0,2.0
277.45271793441066,60.0,0.0,2.0,3.0,6.0,7.5,1.0,9.0,2.0
277.45371793441063,60.0,0.0,2.0,3.0,6.0,7.5,1.0,9.0,2.0
277.8537179344106,60.0,0.0,2.0,3.0,6.0,7.5,1.0,9.0,2.0
277.8547179344106,60.0,0.0,2.0,3.0,6.0,7.5,1.0,9.0,2.0
278.25471793441056,60.0,0.0,2.0,3.0,6.0,7.5,1.0,9.0,2.0
278.25571793441054,60.0,0.0,2.0,3.0,6.0,7.5,1.0,9.0,2.0
278.6557179344105,60.0,0.0,2.0,3.0,6.0,7.5,1.0,9.0,2.0
278.6567179344105,60.0,0.0,2.0,3.0,6.0,7.5,1.0,9.0,2.0
279.05671793441047,60.0,0.0,2.0,3.0,6.0,7.5,1.0,9.0,2.0
279.05771793441045,60.0,0.0,2.0,3.0,6.0,7.5,1.0,9.0,2.0
279.4577179344104,60.0,0.0,2.0,3.0,6.0,7.5,1.0,9.0,2.0
279.4587179344104,60.0,0.0,2.0,3.0,6.0,7.5,1.0,9.0,2.0
279.8587179344104,60.0,0.0,2.0,3.0,6.0,7.5,1.0,9.0,2.0
279.85971793441036,60.0,0.0,2.0,3.0,6.0,7.5,1.0,9.0,2.0
280.25971793441033,60.0,0.0,2.0,3.0,6.0,7.5,1.0,9.0,2.0
280.2607179344103,60.0,0.0,2.0,3.0,6.0,7.5,1.0,9.0,2.0
280.6607179344103,60.0,0.0,2.0,3.0,6.0,7.5,1.0,9.0,2.0
280.66171793441026,50.0,0.0,2.0,3.0,6.0,7.5,1.0,9.0,2.0
281.06171793441024,50.0,0.0,2.0,3.0,6.0,7.5,1.0,9.0,2.0
281.0627846010769,50.0,0.0,2.0,3.0,6.0,7.5,1.0,9.0,2.0
281.46278460107686,50.0,0.0,2.0,3.0,6.0,7.5,1.0,9.0,2.0
281.4638512677435,50.0,0.0,2.0,3.0,6.0,7.5,1.0,9.0,2.0
281.8638512677435,50.0,0.0,2.0,3.0,6.0,7.5,1.0,9.0,2.0
281.86491793441013,50.0,0.0,2.0,3.0,6.0,7.5,1.0,9.0,2.0
282.2649179344101,50.0,0.0,2.0,3.0,6.0,7.5,1.0,9.0,2.0
282.26598460107675,50.0,0.0,2.0,3.0,6.0,7.5,1.0,9.0,2.0
282.66598460107673,50.0,0.0,2.0,3.0,6.0,7.5,1.0,9.0,2.0
282.6670512677434,50.0,0.0,2.0,3.0,6.0,7.5,1.0,9.0,2.0
283.06705126774335,50.0,0.0,2.0,3.0,6.0,7.5,1.0,9.0,2.0
283.06811793441,50.0,0.0,2.0,3.0,6.0,7.5,1.0,9.0,2.0
283.46811793441,50.0,0.0,2.0,3.0,6.0,7.5,1.0,9.0,2.0
283.4691846010766,50.0,0.0,2.0,3.0,6.0,7.5,1.0,9.0,2.0
283.8691846010766,50.0,0.0,2.0,3.0,6.0,7.5,1.0,9.0,2.0
283.87025126774324,50.0,0.0,2.0,3.0,6.0,7.5,1.0,9.0,2.0
284.2702512677432,50.0,0.0,2.0,3.0,6.0,7.5,1.0,9.0,2.0
284.27131793440986,50.0,0.0,2.0,3.0,6.0,7.5,1.0,9.0,2.0
284.67131793440984,50.0,0.0,2.0,3.0,6.0,7.5,1.0,9.0,2.0
284.6723846010765,50.0,0.0,2.0,3.0,6.0,7.5,1.0,9.0,2.0
285.07238460107646,50.0,0.0,2.0,3.0,6.0,7.5,1.0,9.0,2.0
285.0734512677431,50.0,0.0,2.0,3.0,6.0,5.5,1.0,10.0,2.0
285.4734512677431,50.0,0.0,2.0,3.0,6.0,5.5,1.0,10.0,2.0
285.47465126774307,50.0,0.0,2.0,3.0,6.0,5.5,1.0,10.0,2.0
285.87465126774305,50.0,0.0,2.0,3.0,6.0,5.5,1.0,10.0,2.0
285.87585126774303,50.0,0.0,2.0,3.0,6.0,5.5,1.0,10.0,2.0
286.275851267743,50.0,0.0,2.0,3.0,6.0,5.5,1.0,10.0,2.0
286.277051267743,50.0,0.0,2.0,3.0,6.0,5.5,1.0,10.0,2.0
286.67705126774297,50.0,0.0,2.0,3.0,6.0,5.5,1.0,10.0,2.0
286.67825126774295,50.0,0.0,2.0,3.0,6.0,5.5,1.0,10.0,2.0
287.0782512677429,50.0,0.0,2.0,3.0,6.0,5.5,1.0,10.0,2.0
287.0794512677429,50.0,0.0,2.0,3.0,6.0,5.5,1.0,10.0,2.0
287.4794512677429,50.0,0.0,2.0,3.0,6.0,5.5,1.0,10.0,2.0
287.48065126774287,50.0,0.0,2.0,3.0,6.0,5.5,1.0,10.0,2.0
287.88065126774285,50.0,0.0,2.0,3.0,6.0,5.5,1.0,10.0,2.0
287.88185126774283,50.0,0.0,2.0,3.0,6.0,5.5,1.0,10.0,2.0
288.2818512677428,50.0,0.0,2.0,3.0,6.0,5.5,1.0,10.0,2.0
288.2830512677428,50.0,0.0,2.0,3.0,6.0,5.5,1.0,10.0,2.0
288.68305126774277,50.0,0.0,2.0,3.0,6.0,5.5,1.0,10.0,2.0
288.68425126774275,50.0,0.0,2.0,3.0,6.0,5.5,1.0,10.0,2.0
289.08425126774273,50.0,0.0,2.0,3.0,6.0,5.5,1.0,10.0,2.0
289.0854512677427,50.0,0.0,2.0,3.0,6.0,5.5,1.0,10.0,2.0
289.4854512677427,50.0,0.0,2.0,3.0,6.0,5.5,1.0,10.0,2.0
289.4866512677427,50.0,0.0,2.0,3.0,6.0,5.5,1.0,10.0,2.0
289.88665126774265,50.0,0.0,2.0,3.0,6.0,5.5,1.0,10.0,2.0
289.88785126774263,50.0,0.0,2.0,3.0,6.0,5.5,1.0,10.0,2.0
290.2878512677426,50.0,0.0,2.0,3.0,6.0,5.5,1.0,10.0,2.0
290.2890512677426,50.0,0.0,2.0,3.0,6.0,5.5,1.0,10.0,2.0
290.68905126774257,50.0,0.0,2.0,3.0,6.0,5.5,1.0,10.0,2.0
290.69025126774255,50.0,0.0,2.0,3.0,6.0,5.5,1.0,10.0,2.0
291.09025126774253,50.0,0.0,2.0,3.0,6.0,5.5,1.0,10.0,2.0
291.0914512677425,50.0,0.0,2.0,3.0,6.0,5.5,1.0,10.0,2.0
291.4914512677425,50.0,0.0,2.0,3.0,6.0,5.5,1.0,10.0,2.0
291.4926512677425,50.0,0.0,2.0,3.0,6.0,5.5,1.0,10.0,2.0
291.89265126774245,50.0,0.0,2.0,3.0,6.0,5.5,1.0,10.0,2.0
291.89385126774243,40.0,0.0,2.0,3.0,6.0,3.5,1.0,11.0,2.0
292.2938512677424,40.0,0.0,2.0,3.0,6.0,3.5,1.0,11.0,2.0
292.29535126774243,40.0,0.0,2.0,3.0,6.0,3.5,1.0,11.0,2.0
292.6953512677424,40.0,0.0,2.0,3.0,6.0,3.5,1.0,11.0,2.0
292.69685126774243,40.0,0.0,2.0,3.0,6.0,3.5,1.0,11.0,2.0
293.0968512677424,40.0,0.0,2.0,3.0,6.0,3.5,1.0,11.0,2.0
293.09835126774243,40.0,0.0,2.0,3.0,6.0,3.5,1.0,11.0,2.0
293.4983512677424,40.0,0.0,2.0,3.0,6.0,3.5,1.0,11.0,2.0
293.49985126774243,40.0,0.0,2.0,3.0,6.0,3.5,1.0,11.0,2.0
293.8998512677424,40.0,0.0,2.0,3.0,6.0,3.5,1.0,11.0,2.0
293.9013512677424,40.0,0.0,2.0,3.0,6.0,3.5,1.0,11.0,2.0
294.3013512677424,40.0,0.0,2.0,3.0,6.0,3.5,1.0,11.0,2.0
294.3028512677424,40.0,0.0,2.0,3.0,6.0,3.5,1.0,11.0,2.0
294.7028512677424,40.0,0.0,2.0,3.0,6.0,3.5,1.0,11.0,2.0
294.7043512677424,40.0,0.0,2.0,3.0,6.0,3.5,1.0,11.0,2.0
295.1043512677424,40.0,0.0,2.0,3.0,6.0,3.5,1.0,11.0,2.0
295.1058512677424,50.0,0.0,2.0,3.0,6.0,3.5,1.0,11.0,2.0
295.5058512677424,50.0,0.0,2.0,3.0,6.0,3.5,1.0,11.0,2.0
295.5070512677424,50.0,0.0,2.0,3.0,6.0,3.5,1.0,11.0,2.0
295.90705126774236,50.0,0.0,2.0,3.0,6.0,3.5,1.0,11.0,2.0
295.90825126774234,50.0,0.0,2.0,3.0,6.0,3.5,1.0,11.0,2.0
296.3082512677423,50.0,0.0,2.0,3.0,6.0,3.5,1.0,11.0,2.0
296.3094512677423,50.0,0.0,2.0,3.0,6.0,3.5,1.0,11.0,2.0
296.7094512677423,50.0,0.0,2.0,3.0,6.0,3.5,1.0,11.0,2.0
296.71065126774226,50.0,0.0,2.0,3.0,6.0,3.5,1.0,11.0,2.0
297.11065126774224,50.0,0.0,2.0,3.0,6.0,3.5,1.0,11.0,2.0
297.1118512677422,50.0,0.0,2.0,3.0,6.0,3.5,1.0,11.0,2.0
297.5118512677422,50.0,0.0,2.0,3.0,6.0,3.5,1.0,11.0,2.0
297.5130512677422,50.0,0.0,2.0,3.0,6.0,3.5,6.0,11.0,2.0
297.91305126774216,50.0,0.0,2.0,3.0,6.0,3.5,6.0,11.0,2.0
297.91425126774215,50.0,0.0,2.0,3.0,6.0,3.5,6.0,11.0,2.0
298.3142512677421,50.0,0.0,2.0,3.0,6.0,3.5,6.0,11.0,2.0
298.3154512677421,50.0,0.0,2.0,3.0,6.0,3.5,6.0,11.0,2.0
298.7154512677421,50.0,0.0,2.0,3.0,6.0,3.5,6.0,11.0,2.0
298.71665126774207,50.0,0.0,2.0,3.0,6.0,3.5,6.0,11.0,2.0
299.11665126774204,50.0,0.0,2.0,3.0,6.0,3.5,6.0,11.0,2.0
299.117851267742,50.0,0.0,2.0,3.0,6.0,3.5,6.0,11.0,2.0
299.517851267742,50.0,0.0,2.0,3.0,6.0,3.5,6.0,11.0,2.0
299.519051267742,50.0,0.0,2.0,3.0,6.0,3.5,6.0,11.0,2.0
299.91905126774196,50.0,0.0,2.0,3.0,6.0,3.5,6.0,11.0,2.0
299.92025126774195,40.0,0.0,2.0,3.0,6.0,3.5,6.0,11.0,2.0
300.3202512677419,40.0,0.0,2.0,3.0,6.0,3.5,6.0,11.0,2.0
300.32175126774194,40.0,0.0,2.0,3.0,6.0,3.5,6.0,11.0,2.0
300.7217512677419,40.0,0.0,2.0,3.0,6.0,3.5,6.0,11.0,2.0
300.72325126774194,40.0,0.0,2.0,3.0,6.0,3.5,6.0,11.0,2.0
301.1232512677419,40.0,0.0,2.0,3.0,6.0,3.5,6.0,11.0,2.0
301.12475126774194,40.0,0.0,2.0,3.0,6.0,3.5,6.0,11.0,2.0
301.5247512677419,40.0,0.0,2.0,3.0,6.0,3.5,6.0,11.0,2.0
301.52625126774194,40.0,0.0,2.0,3.0,6.0,3.5,6.0,11.0,2.0
301.9262512677419,40.0,0.0,2.0,3.0,6.0,3.5,6.0,11.0,2.0
301.92775126774194,30.0,0.0,2.0,3.0,6.0,3.5,6.0,11.0,2.0
302.3277512677419,30.0,0.0,2.0,3.0,6.0,3.5,6.0,11.0,2.0
302.3294179344086,30.0,0.0,2.0,3.0,6.0,3.5,6.0,11.0,2.0
302.72941793440856,30.0,0.0,2.0,3.0,6.0,3.5,6.0,11.0,2.0
302.7310846010752,30.0,0.0,2.0,3.0,6.0,3.5,6.0,11.0,2.0
303.1310846010752,30.0,0.0,2.0,3.0,6.0,3.5,6.0,11.0,2.0
303.13275126774187,30.0,0.0,2.0,3.0,6.0,3.5,6.0,11.0,2.0
303.53275126774184,30.0,0.0,2.0,3.0,6.0,3.5,6.0,11.0,2.0
303.5344179344085,30.0,0.0,2.0,3.0,6.0,3.5,6.0,11.0,2.0
303.9344179344085,30.0,0.0,2.0,3.0,6.0,3.5,6.0,11.0,2.0
303.93608460107515,30.0,0.0,2.0,3.0,6.0,3.5,6.0,11.0,2.0
304.33608460107513,30.0,0.0,2.0,3.0,6.0,3.5,6.0,11.0,2.0
304.3377512677418,30.0,0.0,2.0,3.0,6.0,3.5,6.0,11.0,2.0
304.73775126774177,30.0,0.0,2.0,3.0,6.0,3.5,6.0,11.0,2.0
304.73941793440844,30.0,0.0,2.0,3.0,6.0,3.5,6.0,11.0,2.0
305.1394179344084,30.0,0.0,2.0,3.0,6.0,3.5,6.0,11.0,2.0
305.1410846010751,30.0,0.0,2.0,3.0,6.0,3.5,6.0,11.0,2.0
305.54108460107506,30.0,0.0,2.0,3.0,6.0,3.5,6.0,11.0,2.0
305.5427512677417,30.0,0.0,2.0,3.0,6.0,3.5,6.0,11.0,2.0
305.9427512677417,30.0,0.0,2.0,3.0,6.0,3.5,6.0,11.0,2.0
305.94441793440836,20.0,0.0,2.0,3.0,6.0,3.5,6.0,11.0,2.0
306.34441793440834,20.0,0.0,2.0,3.0,6.0,3.5,6.0,11.0,2.0
306.346084601075,20.0,0.0,2.0,3.0,6.0,3.5,6.0,11.0,2.0
306.746084601075,20.0,0.0,2.0,3.0,6.0,3.5,6.0,11.0,2.0
306.74775126774165,20.0,0.0,2.0,3.0,6.0,3.5,6.0,11.0,2.0
307.1477512677416,20.0,0.0,2.0,3.0,6.0,3.5,6.0,11.0,2.0
307.1494179344083,20.0,0.0,2.0,3.0,6.0,3.5,6.0,11.0,2.0
307.54941793440827,20.0,0.0,2.0,3.0,6.0,3.5,6.0,11.0,2.0
307.55108460107493,20.0,0.0,2.0,3.0,6.0,3.5,6.0,11.0,2.0
307.9510846010749,20.0,0.0,2.0,3.0,6.0,3.5,6.0,11.0,2.0
307.9527512677416,20.0,0.0,2.0,3.0,6.0,3.5,6.0,11.0,2.0
308.35275126774155,20.0,0.0,2.0,3.0,6.0,3.5,6.0,11.0,2.0
308.3544179344082,30.0,0.0,2.0,3.0,6.0,3.5,6.0,11.0,2.0
308.7544179344082,30.0,0.0,2.0,3.0,6.0,3.5,6.0,11.0,2.0
308.75608460107486,30.0,0.0,2.0,3.0,6.0,3.5,6.0,11.0,2.0
309.15608460107484,30.0,0.0,2.0,3.0,6.0,3.5,6.0,11.0,2.0
309.1577512677415,30.0,0.0,2.0,3.0,6.0,3.5,6.0,11.0,2.0
309.5577512677415,30.0,0.0,2.0,3.0,6.0,3.5,6.0,11.0,2.0
309.55941793440815,30.0,0.0,2.0,3.0,6.0,3.5,6.0,11.0,2.0
309.9594179344081,30.0,0.0,2.0,3.0,6.0,3.5,6.0,11.0,2.0
309.9610846010748,30.0,0.0,2.0,3.0,6.0,8.5,6.0,11.0,2.0
310.36108460107477,30.0,0.0,2.0,3.0,6.0,8.5,6.0,11.0,2.0
310.36191505090176,30.0,0.0,2.0,3.0,6.0,8.5,6.0,11.0,2.0
310.76191505090173,30.0,0.0,2.0,3.0,6.0,8.5,6.0,11.0,2.0
310.7627455007287,30.0,0.0,2.0,3.0,6.0,8.5,6.0,11.0,2.0
311.1627455007287,30.0,0.0,2.0,3.0,6.0,8.5,6.0,11.0,2.0
311.1635759505557,30.0,0.0,2.0,3.0,6.0,8.5,6.0,11.0,2.0
311.5635759505557,30.0,0.0,2.0,3.0,6.0,8.5,6.0,11.0,2.0
311.56440640038267,30.0,0.0,2.0,3.0,6.0,8.5,6.0,11.0,2.0
311.96440640038264,30.0,0.0,2.0,3.0,6.0,8.5,6.0,11.0,2.0
311.96523685020964,30.0,0.0,2.0,3.0,6.0,8.5,6.0,11.0,2.0
312.3652368502096,30.0,0.0,2.0,3.0,6.0,8.5,6.0,11.0,2.0
312.3660673000366,30.0,0.0,2.0,3.0,6.0,8.5,6.0,11.0,2.0
312.7660673000366,30.0,0.0,2.0,3.0,6.0,8.5,6.0,11.0,2.0
312.7668977498636,30.0,0.0,2.0,3.0,6.0,8.5,6.0,11.0,2.0
313.16689774986355,30.0,0.0,2.0,3.0,6.0,8.5,6.0,11.0,2.0
313.16772819969054,30.0,0.0,2.0,3.0,6.0,8.5,6.0,11.0,2.0
313.5677281996905,30.0,0.0,2.0,3.0,6.0,8.5,6.0,11.0,2.0
313.5685586495175,30.0,0.0,2.0,3.0,6.0,8.5,6.0,11.0,2.0
313.9685586495175,30.0,0.0,2.0,3.0,6.0,8.5,6.0,11.0,2.0
313.9693890993445,30.0,0.0,2.0,3.0,6.0,8.5,6.0,11.0,2.0
314.36938909934446,30.0,0.0,2.0,3.0,6.0,8.5,6.0,11.0,2.0
314.37021954917145,30.0,0.0,2.0,3.0,6.0,8.5,6.0,11.0,2.0
314.77021954917143,30.0,0.0,2.0,3.0,6.0,8.5,6.0,11.0,2.0
314.7710499989984,30.0,0.0,2.0,3.0,6.0,8.5,6.0,11.0,2.0
315.1710499989984,30.0,0.0,2.0,3.0,6.0,8.5,6.0,11.0,2.0
315.1718804488254,30.0,0.0,2.0,3.0,6.0,8.5,6.0,11.0,2.0
315.57188044882537,30.0,0.0,2.0,3.0,6.0,8.5,6.0,11.0,2.0
315.57271089865236,30.0,0.0,2.0,3.0,6.0,8.5,6.0,11.0,2.0
315.97271089865234,30.0,0.0,2.0,3.0,6.0,8.5,6.0,11.0,2.0
315.97354134847933,30.0,0.0,2.0,3.0,6.0,8.5,6.0,11.0,2.0
316.3735413484793,30.0,0.0,2.0,3.0,6.0,8.5,6.0,11.0,2.0
316.3743717983063,30.0,0.0,2.0,3.0,6.0,8.5,6.0,11.0,2.0
316.7743717983063,30.0,0.0,2.0,3.0,6.0,8.5,6.0,11.0,2.0
316.77520224813327,30.0,0.0,2.0,3.0,6.0,8.5,6.0,11.0,2.0
317.17520224813325,30.0,0.0,2.0,3.0,6.0,8.5,6.0,11.0,2.0
317.17603269796024,30.0,0.0,2.0,3.0,6.0,8.5,6.0,11.0,2.0
317.5760326979602,30.0,0.0,2.0,3.0,6.0,8.5,6.0,11.0,2.0
317.5768631477872,30.0,0.0,2.0,3.0,6.0,8.5,6.0,11.0,2.0
317.9768631477872,30.0,0.0,2.0,3.0,6.0,8.5,6.0,11.0,2.0
317.9776935976142,30.0,0.0,2.0,3.0,6.0,8.5,6.0,11.0,2.0
318.37769359761415,30.0,0.0,2.0,3.0,6.0,8.5,6.0,11.0,2.0
318.37852404744115,30.0,0.0,2.0,3.0,6.0,8.5,6.0,11.0,2.0
318.7785240474411,30.0,0.0,2.0,3.0,6.0,8.5,6.0,11.0,2.0
318.7793544972681,30.0,0.0,2.0,3.0,6.0,8.5,6.0,11.0,2.0
319.1793544972681,30.0,0.0,2.0,3.0,6.0,8.5,6.0,11.0,2.0
319.1801849470951,30.0,0.0,2.0,3.0,6.0,8.5,6.0,11.0,2.0
319.58018494709506,30.0,0.0,2.0,3.0,6.0,8.5,6.0,11.0,2.0
319.58101539692206,30.0,0.0,2.0,3.0,6.0,8.5,6.0,11.0,2.0
319.98101539692203,30.0,0.0,2.0,3.0,6.0,8.5,6.0,11.0,2.0
319.981845846749,30.0,0.0,2.0,3.0,6.0,8.5,6.0,11.0,2.0
320.381845846749,30.0,0.0,2.0,3.0,6.0,8.5,6.0,11.0,2.0
320.382676296576,30.0,0.0,2.0,3.0,6.0,8.5,6.0,11.0,2.0
320.78267629657597,30.0,0.0,2.0,3.0,6.0,8.5,6.0,11.0,2.0
320.78350674640296,30.0,0.0,2.0,3.0,6.0,8.5,6.0,11.0,2.0
321.18350674640294,30.0,0.0,2.0,3.0,6.0,8.5,6.0,11.0,2.0
321.18433719622993,30.0,0.0,2.0,3.0,6.0,8.5,6.0,11.0,2.0
321.5843371962299,30.0,0.0,2.0,3.0,6.0,8.5,6.0,11.0,2.0
321.5851676460569,30.0,0.0,2.0,3.0,6.0,8.5,6.0,11.0,2.0
321.9851676460569,30.0,0.0,2.0,3.0,6.0,8.5,6.0,11.0,2.0
321.9859980958839,30.0,0.0,2.0,3.0,6.0,8.5,6.0,11.0,2.0
322.38599809588385,30.0,0.0,2.0,3.0,6.0,8.5,6.0,11.0,2.0
322.38682854571084,30.0,0.0,2.0,3.0,6.0,8.5,6.0,11.0,2.0
322.7868285457108,30.0,0.0,2.0,3.0,6.0,8.5,6.0,11.0,2.0
322.7876589955378,30.0,0.0,2.0,3.0,6.0,8.5,6.0,11.0,2.0
323.1876589955378,30.0,0.0,2.0,3.0,6.0,8.5,6.0,11.0,2.0
323.1884894453648,30.0,0.0,2.0,3.0,6.0,8.5,6.0,11.0,2.0
323.58848944536476,30.0,0.0,2.0,3.0,6.0,8.5,6.0,11.0,2.0
323.58931989519175,30.0,0.0,2.0,3.0,6.0,8.5,6.0,11.0,2.0
323.9893198951917,30.0,0.0,2.0,3.0,6.0,8.5,6.0,11.0,2.0
323.9901503450187,30.0,0.0,2.0,3.0,6.0,8.5,4.0,11.0,3.0
324.3901503450187,30.0,0.0,2.0,3.0,6.0,8.5,4.0,11.0,3.0
324.3909807948457,30.0,0.0,2.0,3.0,6.0,8.5,4.0,11.0,3.0
324.79098079484567,30.0,0.0,2.0,3.0,6.0,8.5,4.0,11.0,3.0
324.79181124467266,30.0,0.0,2.0,3.0,6.0,8.5,4.0,11.0,3.0
325.19181124467264,30.0,0.0,2.0,3.0,6.0,8.5,4.0,11.0,3.0
325.1926416944996,30.0,0.0,2.0,3.0,6.0,8.5,4.0,11.0,3.0
325.5926416944996,30.0,0.0,2.0,3.0,6.0,8.5,4.0,11.0,3.0
325.5934721443266,30.0,0.0,2.0,3.0,6.0,8.5,4.0,11.0,3.0
325.9934721443266,30.0,0.0,2.0,3.0,6.0,8.5,4.0,11.0,3.0
325.99430259415357,20.0,0.0,2.0,3.0,6.0,8.5,4.0,11.0,3.0
326.39430259415354,20.0,0.0,2.0,3.0,6.0,8.5,4.0,11.0,3.0
326.39513304398054,20.0,0.0,2.0,3.0,6.0,8.5,4.0,11.0,3.0
326.7951330439805,20.0,0.0,2.0,3.0,6.0,8.5,4.0,11.0,3.0
326.7959634938075,20.0,0.0,2.0,3.0,6.0,8.5,4.0,11.0,3.0
327.1959634938075,20.0,0.0,2.0,3.0,6.0,8.5,4.0,11.0,3.0
327.1967939436345,30.0,0.0,2.0,3.0,6.0,8.5,4.0,11.0,3.0
327.59679394363445,30.0,0.0,2.0,3.0,6.0,8.5,4.0,11.0,3.0
327.59762439346144,30.0,0.0,2.0,3.0,6.0,8.5,4.0,11.0,3.0
327.9976243934614,30.0,0.0,2.0,3.0,6.0,8.5,4.0,11.0,3.0
327.9984548432884,30.0,0.0,2.0,3.0,6.0,8.5,4.0,11.0,3.0
328.3984548432884,30.0,0.0,2.0,3.0,6.0,8.5,4.0,11.0,3.0
328.3992852931154,30.0,0.0,2.0,3.0,6.0,8.5,4.0,11.0,3.0
328.79928529311536,30.0,0.0,2.0,3.0,6.0,8.5,4.0,11.0,3.0
328.80011574294235,30.0,0.0,2.0,3.0,6.0,8.5,4.0,11.0,3.0
329.20011574294233,30.0,0.0,2.0,3.0,6.0,8.5,4.0,11.0,3.0
329.2009461927693,30.0,0.0,2.0,3.0,6.0,8.5,4.0,11.0,3.0
329.6009461927693,30.0,0.0,2.0,3.0,6.0,8.5,4.0,11.0,3.0
329.6017766425963,30.0,0.0,2.0,3.0,6.0,8.5,4.0,11.0,3.0
330.00177664259627,30.0,0.0,2.0,3.0,6.0,8.5,4.0,11.0,3.0
330.00260709242326,30.0,0.0,2.0,3.0,6.0,8.5,4.0,11.0,3.0
330.40260709242324,30.0,0.0,2.0,3.0,6.0,8.5,4.0,11.0,3.0
330.40343754225023,30.0,0.0,2.0,3.0,6.0,8.5,4.0,11.0,3.0
330.8034375422502,30.0,0.0,2.0,3.0,6.0,8.5,4.0,11.0,3.0
330.8042679920772,30.0,0.0,2.0,3.0,6.0,8.5,4.0,11.0,3.0
331.2042679920772,30.0,0.0,2.0,3.0,6.0,8.5,4.0,11.0,3.0
331.20509844190417,30.0,0.0,2.0,3.0,6.0,8.5,4.0,11.0,3.0
331.60509844190415,30.0,0.0,2.0,3.0,6.0,8.5,4.0,11.0,3.0
331.60592889173114,30.0,0.0,2.0,3.0,6.0,8.5,4.0,11.0,3.0
332.0059288917311,30.0,0.0,2.0,3.0,6.0,8.5,4.0,11.0,3.0
332.0067593415581,30.0,0.0,2.0,3.0,6.0,8.5,4.0,11.0,3.0
332.4067593415581,30.0,0.0,2.0,3.0,6.0,8.5,4.0,11.0,3.0
332.4075897913851,30.0,0.0,2.0,3.0,6.0,6.5,4.0,12.0,3.0
332.80758979138506,30.0,0.0,2.0,3.0,6.0,6.5,4.0,12.0,3.0
332.8090099097283,30.0,0.0,2.0,3.0,6.0,6.5,4.0,12.0,3.0
333.20900990972825,30.0,0.0,2.0,3.0,6.0,6.5,4.0,12.0,3.0
333.21043002807147,30.0,0.0,2.0,3.0,6.0,6.5,4.0,12.0,3.0
333.61043002807145,30.0,0.0,2.0,3.0,6.0,6.5,4.0,12.0,3.0
333.61185014641467,30.0,0.0,2.0,3.0,6.0,6.5,4.0,12.0,3.0
334.01185014641464,30.0,0.0,2.0,3.0,6.0,6.5,4.0,12.0,3.0
334.01327026475786,30.0,0.0,2.0,3.0,6.0,6.5,4.0,12.0,3.0
334.41327026475784,30.0,0.0,2.0,3.0,6.0,6.5,4.0,12.0,3.0
334.41469038310106,30.0,0.0,2.0,3.0,6.0,6.5,4.0,12.0,3.0
334.81469038310104,30.0,0.0,2.0,3.0,6.0,6.5,4.0,12.0,3.0
334.81611050144426,30.0,0.0,2.0,3.0,6.0,6.5,4.0,12.0,3.0
335.21611050144423,30.0,0.0,2.0,3.0,6.0,6.5,4.0,12.0,3.0
335.21753061978745,30.0,0.0,2.0,3.0,6.0,6.5,4.0,12.0,3.0
335.61753061978743,30.0,0.0,2.0,3.0,6.0,6.5,4.0,12.0,3.0
335.61895073813065,40.0,0.0,2.0,3.0,7.0,6.5,4.0,12.0,3.0
336.0189507381306,40.0,0.0,2.0,3.0,7.0,6.5,4.0,12.0,3.0
336.02037085647385,40.0,0.0,2.0,3.0,7.0,6.5,4.0,12.0,3.0
336.4203708564738,40.0,0.0,2.0,3.0,7.0,6.5,4.0,12.0,3.0
336.42179097481704,40.0,0.0,2.0,3.0,7.0,6.5,4.0,12.0,3.0
336.821790974817,40.0,0.0,2.0,3.0,7.0,6.5,4.0,12.0,3.0
336.82321109316024,40.0,0.0,2.0,3.0,7.0,6.5,4.0,12.0,3.0
337.2232110931602,40.0,0.0,2.0,3.0,7.0,6.5,4.0,12.0,3.0
337.22463121150344,40.0,0.0,2.0,3.0,7.0,4.5,4.0,13.0,3.0
337.6246312115034,40.0,0.0,2.0,3.0,7.0,4.5,4.0,13.0,3.0
337.62613121150343,40.0,0.0,2.0,3.0,7.0,4.5,4.0,13.0,3.0
338.0261312115034,40.0,0.0,2.0,3.0,7.0,4.5,4.0,13.0,3.0
338.02763121150343,40.0,0.0,2.0,3.0,7.0,4.5,4.0,13.0,3.0
338.4276312115034,40.0,0.0,2.0,3.0,7.0,4.5,4.0,13.0,3.0
338.42913121150343,40.0,0.0,2.0,3.0,7.0,4.5,4.0,13.0,3.0
338.8291312115034,40.0,0.0,2.0,3.0,7.0,4.5,4.0,13.0,3.0
338.83063121150343,40.0,0.0,2.0,3.0,7.0,4.5,4.0,13.0,3.0
339.2306312115034,40.0,0.0,2.0,3.0,7.0,4.5,4.0,13.0,3.0
339.23213121150343,40.0,0.0,2.0,3.0,7.0,4.5,4.0,13.0,3.0
339.6321312115034,40.0,0.0,2.0,3.0,7.0,4.5,4.0,13.0,3.0
339.6336312115034,40.0,0.0,2.0,3.0,7.0,4.5,4.0,13.0,3.0
340.0336312115034,40.0,0.0,2.0,3.0,7.0,4.5,4.0,13.0,3.0
340.0351312115034,40.0,0.0,2.0,3.0,7.0,4.5,4.0,13.0,3.0
340.4351312115034,40.0,0.0,2.0,3.0,7.0,4.5,4.0,13.0,3.0
340.4366312115034,40.0,0.0,2.0,3.0,7.0,4.5,4.0,13.0,3.0
340.8366312115034,40.0,0.0,2.0,3.0,7.0,4.5,4.0,13.0,3.0
340.8381312115034,40.0,0.0,2.0,3.0,7.0,4.5,4.0,13.0,3.0
341.2381312115034,40.0,0.0,2.0,3.0,7.0,4.5,4.0,13.0,3.0
341.2396312115034,40.0,0.0,2.0,3.0,7.0,4.5,4.0,13.0,3.0
341.6396312115034,40.0,0.0,2.0,3.0,7.0,4.5,4.0,13.0,3.0
341.6411312115034,40.0,0.0,2.0,3.0,7.0,4.5,4.0,13.0,3.0
342.0411312115034,40.0,0.0,2.0,3.0,7.0,4.5,4.0,13.0,3.0
342.0426312115034,40.0,0.0,2.0,3.0,7.0,4.5,4.0,13.0,3.0
342.4426312115034,40.0,0.0,2.0,3.0,7.0,4.5,4.0,13.0,3.0
342.4441312115034,40.0,0.0,2.0,3.0,7.0,4.5,4.0,13.0,3.0
342.8441312115034,40.0,0.0,2.0,3.0,7.0,4.5,4.0,13.0,3.0
342.8456312115034,40.0,0.0,2.0,3.0,7.0,4.5,4.0,13.0,3.0
343.2456312115034,40.0,0.0,2.0,3.0,7.0,4.5,4.0,13.0,3.0
343.2471312115034,40.0,0.0,2.0,3.0,7.0,4.5,4.0,13.0,3.0
343.6471312115034,40.0,0.0,2.0,3.0,7.0,4.5,4.0,13.0,3.0
343.6486312115034,40.0,0.0,2.0,3.0,7.0,4.5,4.0,13.0,3.0
344.0486312115034,40.0,0.0,2.0,3.0,7.0,4.5,4.0,13.0,3.0
344.0501312115034,40.0,0.0,2.0,3.0,7.0,4.5,4.0,13.0,3.0
344.4501312115034,40.0,0.0,2.0,3.0,7.0,4.5,4.0,13.0,3.0
344.4516312115034,40.0,0.0,2.0,3.0,7.0,4.5,4.0,13.0,3.0
344.8516312115034,40.0,0.0,2.0,3.0,7.0,4.5,4.0,13.0,3.0
344.8531312115034,40.0,0.0,2.0,3.0,7.0,4.5,4.0,13.0,3.0
345.2531312115034,40.0,0.0,2.0,3.0,7.0,4.5,4.0,13.0,3.0
345.2546312115034,40.0,0.0,2.0,3.0,7.0,4.5,2.0,13.0,4.0
345.6546312115034,40.0,0.0,2.0,3.0,7.0,4.5,2.0,13.0,4.0
345.6561312115034,40.0,0.0,2.0,3.0,7.0,4.5,2.0,13.0,4.0
346.0561312115034,40.0,0.0,2.0,3.0,7.0,4.5,2.0,13.0,4.0
346.0576312115034,40.0,0.0,2.0,3.0,7.0,4.5,2.0,13.0,4.0
346.4576312115034,40.0,0.0,2.0,3.0,7.0,4.5,2.0,13.0,4.0
346.4591312115034,40.0,0.0,2.0,3.0,7.0,4.5,2.0,13.0,4.0
346.8591312115034,40.0,0.0,2.0,3.0,7.0,4.5,2.0,13.0,4.0
346.8606312115034,40.0,0.0,2.0,3.0,7.0,4.5,7.0,13.0,4.0
347.2606312115034,40.0,0.0,2.0,3.0,7.0,4.5,7.0,13.0,4.0
347.2618557012993,40.0,0.0,2.0,3.0,7.0,4.5,7.0,13.0,4.0
347.66185570129926,40.0,0.0,2.0,3.0,7.0,4.5,7.0,13.0,4.0
347.66308019109516,40.0,0.0,2.0,3.0,7.0,4.5,7.0,13.0,4.0
348.06308019109514,40.0,0.0,2.0,3.0,7.0,4.5,7.0,13.0,4.0
348.06430468089104,40.0,0.0,2.0,3.0,7.0,4.5,7.0,13.0,4.0
348.464304680891,40.0,0.0,2.0,3.0,7.0,4.5,7.0,13.0,4.0
348.4655291706869,40.0,0.0,2.0,3.0,7.0,2.5,7.0,14.0,4.0
348.8655291706869,40.0,0.0,2.0,3.0,7.0,2.5,7.0,14.0,4.0
348.8667536604828,40.0,0.0,2.0,3.0,7.0,2.5,5.0,14.0,5.0
349.2667536604828,40.0,0.0,2.0,3.0,7.0,2.5,5.0,14.0,5.0
349.2682536604828,40.0,0.0,2.0,3.0,7.0,2.5,5.0,14.0,5.0
349.6682536604828,40.0,0.0,2.0,3.0,7.0,2.5,5.0,14.0,5.0
349.6697536604828,40.0,0.0,2.0,3.0,7.0,2.5,5.0,14.0,5.0
350.0697536604828,40.0,0.0,2.0,3.0,7.0,2.5,5.0,14.0,5.0
350.0712536604828,40.0,0.0,2.0,3.0,7.0,2.5,5.0,14.0,5.0
350.4712536604828,40.0,0.0,2.0,3.0,7.0,2.5,5.0,14.0,5.0
350.4727536604828,40.0,0.0,2.0,3.0,7.0,2.5,5.0,14.0,5.0
350.8727536604828,40.0,0.0,2.0,3.0,7.0,2.5,5.0,14.0,5.0
350.8742536604828,40.0,0.0,2.0,3.0,7.0,2.5,5.0,14.0,5.0
351.27425366048277,40.0,0.0,2.0,3.0,7.0,2.5,5.0,14.0,5.0
351.2757536604828,40.0,0.0,2.0,3.0,7.0,2.5,5.0,14.0,5.0
351.67575366048277,40.0,0.0,2.0,3.0,7.0,2.5,5.0,14.0,5.0
351.6772536604828,40.0,0.0,2.0,3.0,7.0,2.5,5.0,14.0,5.0
352.07725366048277,40.0,0.0,2.0,3.0,7.0,2.5,5.0,14.0,5.0
352.0787536604828,40.0,0.0,2.0,3.0,7.0,2.5,5.0,14.0,5.0
352.47875366048277,40.0,0.0,2.0,3.0,7.0,2.5,5.0,14.0,5.0
352.4802536604828,30.0,0.0,2.0,4.0,7.0,2.5,5.0,14.0,5.0
352.88025366048277,30.0,0.0,2.0,4.0,7.0,2.5,5.0,14.0,5.0
352.8817536604828,30.0,0.0,2.0,4.0,7.0,2.5,5.0,14.0,5.0
353.28175366048276,30.0,0.0,2.0,4.0,7.0,2.5,5.0,14.0,5.0
353.2832536604828,50.0,0.0,2.0,4.0,7.0,2.5,5.0,14.0,5.0
353.68325366048276,50.0,0.0,2.0,4.0,7.0,2.5,5.0,14.0,5.0
353.68445366048275,50.0,0.0,2.0,4.0,7.0,2.5,5.0,14.0,5.0
354.0844536604827,50.0,0.0,2.0,4.0,7.0,2.5,5.0,14.0,5.0
354.0856536604827,50.0,0.0,2.0,4.0,7.0,2.5,5.0,14.0,5.0
354.4856536604827,50.0,0.0,2.0,4.0,7.0,2.5,5.0,14.0,5.0
354.48685366048267,50.0,0.0,2.0,4.0,7.0,2.5,5.0,14.0,5.0
354.88685366048264,50.0,0.0,2.0,4.0,7.0,2.5,5.0,14.0,5.0
354.8880536604826,50.0,0.0,2.0,4.0,7.0,2.5,5.0,14.0,5.0
355.2880536604826,50.0,0.0,2.0,4.0,7.0,2.5,5.0,14.0,5.0
355.2892536604826,50.0,0.0,2.0,4.0,7.0,2.5,5.0,14.0,5.0
355.68925366048256,50.0,0.0,2.0,4.0,7.0,2.5,5.0,14.0,5.0
355.69045366048255,50.0,0.0,2.0,4.0,7.0,2.5,5.0,14.0,5.0
356.0904536604825,50.0,0.0,2.0,4.0,7.0,2.5,5.0,14.0,5.0
356.0916536604825,50.0,0.0,2.0,4.0,7.0,2.5,5.0,14.0,5.0
356.4916536604825,50.0,0.0,2.0,4.0,7.0,2.5,5.0,14.0,5.0
356.49285366048247,50.0,0.0,2.0,4.0,7.0,2.5,5.0,14.0,5.0
356.89285366048244,50.0,0.0,2.0,4.0,7.0,2.5,5.0,14.0,5.0
356.8940536604824,50.0,0.0,2.0,4.0,7.0,2.5,5.0,14.0,5.0
357.2940536604824,50.0,0.0,2.0,4.0,7.0,2.5,5.0,14.0,5.0
357.2952536604824,50.0,0.0,2.0,4.0,7.0,2.5,5.0,14.0,5.0
357.69525366048236,50.0,0.0,2.0,4.0,7.0,2.5,5.0,14.0,5.0
357.69645366048235,50.0,0.0,2.0,4.0,7.0,2.5,5.0,14.0,5.0
358.0964536604823,50.0,0.0,2.0,4.0,7.0,2.5,5.0,14.0,5.0
358.0976536604823,50.0,0.0,2.0,4.0,7.0,2.5,5.0,14.0,5.0
358.4976536604823,50.0,0.0,2.0,4.0,7.0,2.5,5.0,14.0,5.0
358.49885366048227,50.0,0.0,2.0,4.0,7.0,2.5,5.0,14.0,5.0
358.89885366048225,50.0,0.0,2.0,4.0,7.0,2.5,5.0,14.0,5.0
358.90005366048223,50.0,0.0,2.0,4.0,7.0,2.5,5.0,14.0,5.0
359.3000536604822,50.0,0.0,2.0,4.0,7.0,2.5,5.0,14.0,5.0
359.3012536604822,50.0,0.0,2.0,4.0,7.0,2.5,5.0,14.0,5.0
359.70125366048217,50.0,0.0,2.0,4.0,7.0,2.5,5.0,14.0,5.0
359.70245366048215,50.0,0.0,2.0,4.0,7.0,2.5,5.0,14.0,5.0
360.1024536604821,50.0,0.0,2.0,4.0,7.0,2.5,5.0,14.0,5.0
360.1036536604821,50.0,0.0,2.0,4.0,7.0,2.5,5.0,14.0,5.0
360.5036536604821,50.0,0.0,2.0,4.0,7.0,2.5,5.0,14.0,5.0
360.50485366048207,50.0,0.0,2.0,4.0,7.0,2.5,5.0,14.0,5.0
360.90485366048205,50.0,0.0,2.0,4.0,7.0,2.5,5.0,14.0,5.0
360.90605366048203,50.0,0.0,2.0,4.0,7.0,2.5,5.0,14.0,5.0
361.306053660482,50.0,0.0,2.0,4.0,7.0,2.5,5.0,14.0,5.0
361.307253660482,50.0,0.0,2.0,4.0,7.0,2.5,5.0,14.0,5.0
361.70725366048197,50.0,0.0,2.0,4.0,7.0,2.5,5.0,14.0,5.0
361.70845366048195,50.0,0.0,2.0,4.0,7.0,2.5,5.0,14.0,5.0
362.1084536604819,50.0,0.0,2.0,4.0,7.0,2.5,5.0,14.0,5.0
362.1096536604819,50.0,0.0,2.0,4.0,7.0,2.5,5.0,14.0,5.0
362.5096536604819,50.0,0.0,2.0,4.0,7.0,2.5,5.0,14.0,5.0
362.51085366048187,50.0,0.0,2.0,4.0,7.0,2.5,5.0,14.0,5.0
362.91085366048185,50.0,0.0,2.0,4.0,7.0,2.5,5.0,14.0,5.0
362.91205366048183,50.0,0.0,2.0,4.0,7.0,2.5,5.0,14.0,5.0
363.3120536604818,50.0,0.0,2.0,4.0,7.0,2.5,5.0,14.0,5.0
363.3132536604818,50.0,0.0,2.0,4.0,7.0,2.5,5.0,14.0,5.0
363.71325366048177,50.0,0.0,2.0,4.0,7.0,2.5,5.0,14.0,5.0
363.71445366048175,50.0,0.0,2.0,4.0,7.0,2.5,5.0,14.0,5.0
364.11445366048173,50.0,0.0,2.0,4.0,7.0,2.5,5.0,14.0,5.0
364.1156536604817,50.0,0.0,2.0,4.0,7.0,2.5,5.0,14.0,5.0
364.5156536604817,50.0,0.0,2.0,4.0,7.0,2.5,5.0,14.0,5.0
364.5168536604817,50.0,0.0,2.0,4.0,7.0,2.5,5.0,14.0,5.0
364.91685366048165,50.0,0.0,2.0,4.0,7.0,2.5,5.0,14.0,5.0
364.91805366048163,50.0,0.0,2.0,4.0,7.0,2.5,5.0,14.0,5.0
365.3180536604816,50.0,0.0,2.0,4.0,7.0,2.5,5.0,14.0,5.0
365.3192536604816,50.0,0.0,2.0,4.0,7.0,2.5,5.0,14.0,5.0
365.71925366048157,50.0,0.0,2.0,4.0,7.0,2.5,5.0,14.0,5.0
365.72045366048155,50.0,0.0,2.0,4.0,7.0,2.5,5.0,14.0,5.0
366.12045366048153,50.0,0.0,2.0,4.0,7.0,2.5,5.0,14.0,5.0
366.1216536604815,50.0,0.0,2.0,4.0,7.0,2.5,5.0,14.0,5.0
366.5216536604815,50.0,0.0,2.0,4.0,7.0,2.5,5.0,14.0,5.0
366.5228536604815,50.0,0.0,2.0,4.0,7.0,2.5,5.0,14.0,5.0
366.92285366048145,50.0,0.0,2.0,4.0,7.0,2.5,5.0,14.0,5.0
366.92405366048143,50.0,0.0,2.0,4.0,7.0,2.5,3.0,14.0,6.0
367.3240536604814,50.0,0.0,2.0,4.0,7.0,2.5,3.0,14.0,6.0
367.3252536604814,50.0,0.0,2.0,4.0,7.0,2.5,3.0,14.0,6.0
367.72525366048137,50.0,0.0,2.0,4.0,7.0,2.5,3.0,14.0,6.0
367.72645366048135,50.0,0.0,2.0,4.0,7.0,2.5,3.0,14.0,6.0
368.12645366048133,50.0,0.0,2.0,4.0,7.0,2.5,3.0,14.0,6.0
368.1276536604813,50.0,0.0,2.0,4.0,7.0,2.5,3.0,14.0,6.0
368.5276536604813,50.0,0.0,2.0,4.0,7.0,2.5,3.0,14.0,6.0
368.5288536604813,60.0,0.0,2.0,4.0,7.0,2.5,3.0,14.0,6.0
368.92885366048125,60.0,0.0,2.0,4.0,7.0,2.5,3.0,14.0,6.0
368.9298536604812,60.0,0.0,2.0,4.0,7.0,2.5,3.0,14.0,6.0
369.3298536604812,60.0,0.0,2.0,4.0,7.0,2.5,3.0,14.0,6.0
369.3308536604812,50.0,0.0,2.0,4.0,7.0,2.5,3.0,14.0,6.0
369.73085366048116,50.0,0.0,2.0,4.0,7.0,2.5,3.0,14.0,6.0
369.73205366048114,50.0,0.0,2.0,4.0,7.0,2.5,3.0,14.0,6.0
370.1320536604811,50.0,0.0,2.0,4.0,7.0,2.5,3.0,14.0,6.0
370.1332536604811,50.0,0.0,2.0,4.0,7.0,2.5,3.0,14.0,6.0
370.5332536604811,50.0,0.0,2.0,4.0,7.0,2.5,3.0,14.0,6.0
370.53445366048106,50.0,0.0,2.0,4.0,7.0,2.5,3.0,14.0,6.0
370.93445366048104,50.0,0.0,2.0,4.0,7.0,2.5,3.0,14.0,6.0
370.935653660481,50.0,0.0,2.0,4.0,7.0,2.5,3.0,14.0,6.0
371.335653660481,50.0,0.0,2.0,4.0,7.0,2.5,3.0,14.0,6.0
371.336853660481,50.0,0.0,2.0,4.0,7.0,2.5,3.0,14.0,6.0
371.73685366048096,50.0,0.0,2.0,4.0,7.0,2.5,3.0,14.0,6.0
371.73805366048094,50.0,0.0,2.0,4.0,7.0,2.5,3.0,14.0,6.0
372.1380536604809,50.0,0.0,2.0,4.0,7.0,2.5,3.0,14.0,6.0
372.1392536604809,50.0,0.0,2.0,4.0,7.0,2.5,3.0,14.0,6.0
372.5392536604809,50.0,0.0,2.0,4.0,7.0,2.5,3.0,14.0,6.0
372.54045366048086,50.0,0.0,2.0,4.0,7.0,2.5,3.0,14.0,6.0
372.94045366048084,50.0,0.0,2.0,4.0,7.0,2.5,3.0,14.0,6.0
372.9416536604808,50.0,0.0,2.0,5.0,7.0,2.5,3.0,14.0,6.0
373.3416536604808,50.0,0.0,2.0,5.0,7.0,2.5,3.0,14.0,6.0
373.3428536604808,50.0,0.0,2.0,5.0,7.0,2.5,3.0,14.0,6.0
373.74285366048076,50.0,0.0,2.0,5.0,7.0,2.5,3.0,14.0,6.0
373.74405366048074,50.0,0.0,2.0,5.0,7.0,2.5,3.0,14.0,6.0
374.1440536604807,50.0,0.0,2.0,5.0,7.0,2.5,3.0,14.0,6.0
374.1452536604807,50.0,0.0,2.0,5.0,7.0,2.5,3.0,14.0,6.0
374.5452536604807,50.0,0.0,2.0,5.0,7.0,2.5,3.0,14.0,6.0
374.54645366048067,50.0,0.0,2.0,5.0,7.0,2.5,3.0,14.0,6.0
374.94645366048064,50.0,0.0,2.0,5.0,7.0,2.5,3.0,14.0,6.0
374.9476536604806,50.0,0.0,2.0,5.0,7.0,2.5,3.0,14.0,6.0
375.3476536604806,50.0,0.0,2.0,5.0,7.0,2.5,3.0,14.0,6.0
375.3488536604806,50.0,0.0,2.0,5.0,7.0,2.5,3.0,14.0,6.0
375.74885366048056,50.0,0.0,2.0,5.0,7.0,2.5,3.0,14.0,6.0
375.75005366048055,50.0,0.0,2.0,5.0,7.0,2.5,3.0,14.0,6.0
376.1500536604805,50.0,0.0,2.0,5.0,7.0,2.5,3.0,14.0,6.0
376.1512536604805,50.0,0.0,2.0,5.0,7.0,2.5,3.0,14.0,6.0
376.5512536604805,50.0,0.0,2.0,5.0,7.0,2.5,3.0,14.0,6.0
376.55245366048047,50.0,0.0,2.0,5.0,7.0,2.5,3.0,14.0,6.0
376.95245366048044,50.0,0.0,2.0,5.0,7.0,2.5,3.0,14.0,6.0
376.9536536604804,50.0,0.0,2.0,5.0,7.0,2.5,3.0,14.0,6.0
377.3536536604804,50.0,0.0,2.0,5.0,7.0,2.5,3.0,14.0,6.0
377.3548536604804,50.0,0.0,2.0,5.0,7.0,2.5,3.0,14.0,6.0
377.75485366048036,50.0,0.0,2.0,5.0,7.0,2.5,3.0,14.0,6.0
377.75605366048035,50.0,0.0,2.0,5.0,7.0,2.5,3.0,14.0,6.0
378.1560536604803,50.0,0.0,2.0,5.0,7.0,2.5,3.0,14.0,6.0
378.1572536604803,50.0,0.0,2.0,5.0,7.0,2.5,3.0,14.0,6.0
378.5572536604803,50.0,0.0,2.0,5.0,7.0,2.5,3.0,14.0,6.0
378.55845366048027,50.0,0.0,2.0,5.0,7.0,2.5,3.0,14.0,6.0
378.95845366048025,50.0,0.0,2.0,5.0,7.0,2.5,3.0,14.0,6.0
378.9596536604802,60.0,0.0,2.0,5.0,7.0,2.5,3.0,14.0,6.0
379.3596536604802,60.0,0.0,2.0,5.0,7.0,2.5,3.0,14.0,6.0
379.3606536604802,60.0,0.0,2.0,5.0,7.0,2.5,3.0,14.0,6.0
379.76065366048016,60.0,0.0,2.0,5.0,7.0,2.5,3.0,14.0,6.0
379.76165366048014,60.0,0.0,2.0,5.0,7.0,2.5,3.0,14.0,6.0
380.1616536604801,60.0,0.0,2.0,5.0,7.0,2.5,3.0,14.0,6.0
380.1626536604801,60.0,0.0,2.0,5.0,7.0,2.5,3.0,14.0,6.0
380.56265366048007,60.0,0.0,2.0,5.0,7.0,2.5,3.0,14.0,6.0
380.56365366048004,60.0,0.0,2.0,5.0,7.0,2.5,3.0,14.0,6.0
380.96365366048,60.0,0.0,2.0,5.0,7.0,2.5,3.0,14.0,6.0
380.96465366048,60.0,0.0,2.0,5.0,7.0,2.5,3.0,14.0,6.0
381.36465366048,60.0,0.0,2.0,5.0,7.0,2.5,3.0,14.0,6.0
381.36565366047995,60.0,0.0,2.0,5.0,7.0,2.5,3.0,14.0,6.0
381.7656536604799,60.0,0.0,2.0,5.0,7.0,2.5,3.0,14.0,6.0
381.7666536604799,60.0,0.0,2.0,5.0,7.0,2.5,3.0,14.0,6.0
382.1666536604799,60.0,0.0,2.0,5.0,7.0,2.5,3.0,14.0,6.0
382.16765366047986,60.0,0.0,2.0,5.0,7.0,2.5,3.0,14.0,6.0
382.56765366047983,60.0,0.0,2.0,5.0,7.0,2.5,3.0,14.0,6.0
382.5686536604798,60.0,0.0,2.0,5.0,7.0,2.5,3.0,14.0,6.0
382.9686536604798,60.0,0.0,2.0,5.0,7.0,2.5,3.0,14.0,6.0
382.96965366047976,60.0,0.0,2.0,5.0,7.0,2.5,3.0,14.0,6.0
383.36965366047974,60.0,0.0,2.0,5.0,7.0,2.5,3.0,14.0,6.0
383.3706536604797,60.0,0.0,2.0,5.0,7.0,2.5,3.0,14.0,6.0
383.7706536604797,60.0,0.0,2.0,5.0,7.0,2.5,3.0,14.0,6.0
383.77165366047967,60.0,0.0,2.0,5.0,7.0,2.5,3.0,14.0,6.0
384.17165366047965,60.0,0.0,2.0,5.0,7.0,2.5,3.0,14.0,6.0
384.1726536604796,60.0,0.0,2.0,5.0,7.0,2.5,3.0,14.0,6.0
384.5726536604796,60.0,0.0,2.0,5.0,7.0,2.5,3.0,14.0,6.0
384.5736536604796,60.0,0.0,2.0,5.0,7.0,2.5,3.0,14.0,6.0
384.97365366047956,60.0,0.0,2.0,5.0,7.0,2.5,3.0,14.0,6.0
384.97465366047953,60.0,0.0,2.0,5.0,7.0,2.5,3.0,14.0,6.0
385.3746536604795,60.0,0.0,2.0,5.0,7.0,2.5,3.0,14.0,6.0
385.3756536604795,60.0,0.0,2.0,5.0,7.0,2.5,3.0,14.0,6.0
385.77565366047946,60.0,0.0,2.0,5.0,7.0,2.5,3.0,14.0,6.0
385.77665366047944,60.0,0.0,2.0,5.0,7.0,2.5,3.0,14.0,6.0
386.1766536604794,60.0,0.0,2.0,5.0,7.0,2.5,3.0,14.0,6.0
386.1776536604794,60.0,0.0,2.0,5.0,7.0,2.5,3.0,14.0,6.0
386.57765366047937,60.0,0.0,2.0,5.0,7.0,2.5,3.0,14.0,6.0
386.57865366047935,60.0,0.0,2.0,5.0,7.0,2.5,3.0,14.0,6.0
386.9786536604793,60.0,0.0,2.0,5.0,7.0,2.5,3.0,14.0,6.0
386.9796536604793,60.0,0.0,2.0,5.0,7.0,2.5,3.0,14.0,6.0
387.3796536604793,60.0,0.0,2.0,5.0,7.0,2.5,3.0,14.0,6.0
387.38065366047925,60.0,0.0,2.0,5.0,7.0,2.5,3.0,14.0,6.0
387.78065366047923,60.0,0.0,2.0,5.0,7.0,2.5,3.0,14.0,6.0
387.7816536604792,60.0,0.0,2.0,5.0,7.0,2.5,1.0,14.0,7.0
388.1816536604792,60.0,0.0,2.0,5.0,7.0,2.5,1.0,14.0,7.0
388.18265366047916,60.0,0.0,2.0,5.0,7.0,2.5,1.0,14.0,7.0
388.58265366047914,60.0,0.0,2.0,5.0,7.0,2.5,1.0,14.0,7.0
388.5836536604791,60.0,0.0,2.0,5.0,7.0,2.5,1.0,14.0,7.0
388.9836536604791,60.0,0.0,2.0,5.0,7.0,2.5,1.0,14.0,7.0
388.98465366047907,60.0,0.0,2.0,5.0,7.0,2.5,1.0,14.0,7.0
389.38465366047905,60.0,0.0,2.0,5.0,7.0,2.5,1.0,14.0,7.0
389.385653660479,60.0,0.0,2.0,5.0,7.0,2.5,1.0,14.0,7.0
389.785653660479,60.0,0.0,2.0,5.0,7.0,2.5,1.0,14.0,7.0
389.786653660479,60.0,0.0,2.0,5.0,7.0,2.5,1.0,14.0,7.0
390.18665366047895,60.0,0.0,2.0,5.0,7.0,2.5,1.0,14.0,7.0
390.18765366047893,60.0,0.0,2.0,5.0,7.0,2.5,1.0,14.0,7.0
390.5876536604789,60.0,0.0,2.0,5.0,7.0,2.5,1.0,14.0,7.0
390.5886536604789,60.0,0.0,2.0,5.0,7.0,2.5,1.0,14.0,7.0
390.98865366047886,60.0,0.0,2.0,5.0,7.0,2.5,1.0,14.0,7.0
390.98965366047884,60.0,0.0,2.0,5.0,7.0,2.5,1.0,14.0,7.0
391.3896536604788,60.0,0.0,2.0,5.0,7.0,2.5,1.0,14.0,7.0
391.3906536604788,60.0,0.0,2.0,5.0,7.0,0.5,1.0,15.0,7.0
391.79065366047877,60.0,0.0,2.0,5.0,7.0,0.5,1.0,15.0,7.0
391.79165366047874,60.0,0.0,2.0,5.0,7.0,0.5,1.0,15.0,7.0
392.1916536604787,60.0,0.0,2.0,5.0,7.0,0.5,1.0,15.0,7.0
392.1926536604787,60.0,0.0,2.0,5.0,7.0,0.5,1.0,15.0,7.0
392.5926536604787,60.0,0.0,2.0,5.0,7.0,0.5,1.0,15.0,7.0
392.59365366047865,60.0,0.0,2.0,5.0,7.0,0.5,1.0,15.0,7.0
392.9936536604786,60.0,0.0,2.0,5.0,7.0,0.5,1.0,15.0,7.0
392.9946536604786,60.0,0.0,2.0,5.0,7.0,0.5,1.0,15.0,7.0
393.3946536604786,60.0,0.0,2.0,5.0,7.0,0.5,1.0,15.0,7.0
393.39565366047856,60.0,0.0,2.0,5.0,7.0,0.5,1.0,15.0,7.0
393.79565366047854,60.0,0.0,2.0,5.0,7.0,0.5,1.0,15.0,7.0
393.7966536604785,60.0,0.0,2.0,5.0,7.0,0.5,1.0,15.0,7.0
394.1966536604785,60.0,0.0,2.0,5.0,7.0,0.5,1.0,15.0,7.0
394.19765366047847,60.0,0.0,2.0,5.0,7.0,0.5,1.0,15.0,7.0
394.59765366047844,60.0,0.0,2.0,5.0,7.0,0.5,1.0,15.0,7.0
394.5986536604784,60.0,0.0,2.0,5.0,7.0,0.5,1.0,15.0,7.0
394.9986536604784,60.0,0.0,2.0,5.0,7.0,0.5,1.0,15.0,7.0
394.9996536604784,60.0,0.0,2.0,5.0,7.0,0.5,1.0,15.0,7.0
395.39965366047835,60.0,0.0,2.0,5.0,7.0,0.5,1.0,15.0,7.0
395.4006536604783,60.0,0.0,2.0,5.0,7.0,0.5,1.0,15.0,7.0
395.8006536604783,60.0,0.0,2.0,5.0,7.0,0.5,1.0,15.0,7.0
395.8016536604783,60.0,0.0,2.0,5.0,7.0,0.5,1.0,15.0,7.0
396.20165366047826,60.0,0.0,2.0,5.0,7.0,0.5,1.0,15.0,7.0
396.20265366047823,60.0,0.0,2.0,5.0,7.0,0.5,1.0,15.0,7.0
396.6026536604782,60.0,0.0,2.0,5.0,7.0,0.5,1.0,15.0,7.0
396.6036536604782,60.0,0.0,2.0,5.0,7.0,0.5,1.0,15.0,7.0
397.00365366047816,60.0,0.0,2.0,5.0,7.0,0.5,1.0,15.0,7.0
397.00465366047814,60.0,0.0,2.0,5.0,7.0,0.5,1.0,15.0,7.0
397.4046536604781,60.0,0.0,2.0,5.0,7.0,0.5,1.0,15.0,7.0
397.4056536604781,60.0,0.0,2.0,5.0,7.0,0.5,1.0,15.0,7.0
397.8056536604781,60.0,0.0,2.0,5.0,7.0,0.5,1.0,15.0,7.0
397.80665366047805,60.0,0.0,2.0,5.0,7.0,0.5,1.0,15.0,7.0
398.206653660478,60.0,0.0,2.0,5.0,7.0,0.5,1.0,15.0,7.0
398.207653660478,60.0,0.0,2.0,5.0,7.0,0.5,1.0,15.0,7.0
398.607653660478,60.0,0.0,2.0,5.0,7.0,0.5,1.0,15.0,7.0
398.60865366047796,60.0,0.0,2.0,5.0,7.0,0.5,1.0,15.0,7.0
399.00865366047793,60.0,0.0,2.0,5.0,7.0,0.5,1.0,15.0,7.0
399.0096536604779,60.0,0.0,2.0,5.0,7.0,0.5,1.0,15.0,7.0
399.4096536604779,60.0,0.0,2.0,5.0,7.0,0.5,1.0,15.0,7.0
399.41065366047786,60.0,0.0,2.0,5.0,7.0,0.5,1.0,15.0,7.0
399.81065366047784,60.0,0.0,2.0,5.0,7.0,0.5,1.0,15.0,7.0
399.8116536604778,60.0,0.0,2.0,5.0,7.0,0.5,1.0,15.0,7.0
400.2116536604778,60.0,0.0,2.0,5.0,7.0,0.5,1.0,15.0,7.0
400.21265366047777,60.0,0.0,2.0,5.0,7.0,0.5,1.0,15.0,7.0
400.61265366047775,60.0,0.0,2.0,5.0,7.0,0.5,1.0,15.0,7.0
400.6136536604777,60.0,0.0,2.0,5.0,7.0,0.5,1.0,15.0,7.0
401.0136536604777,60.0,0.0,2.0,5.0,7.0,0.5,1.0,15.0,7.0
401.0146536604777,60.0,0.0,2.0,5.0,7.0,0.5,1.0,15.0,7.0
401.41465366047765,60.0,0.0,2.0,5.0,7.0,0.5,1.0,15.0,7.0
401.41565366047763,60.0,0.0,2.0,5.0,7.0,0.5,1.0,15.0,7.0
401.8156536604776,60.0,0.0,2.0,5.0,7.0,0.5,1.0,15.0,7.0
401.8166536604776,60.0,0.0,2.0,5.0,7.0,5.5,1.0,15.0,7.0
402.21665366047756,60.0,0.0,2.0,5.0,7.0,5.5,1.0,15.0,7.0
402.21765366047754,60.0,0.0,2.0,5.0,7.0,5.5,1.0,15.0,7.0
402.6176536604775,60.0,0.0,2.0,5.0,7.0,5.5,1.0,15.0,7.0
402.6186536604775,60.0,0.0,2.0,5.0,7.0,5.5,1.0,15.0,7.0
403.01865366047747,60.0,0.0,2.0,5.0,7.0,5.5,1.0,15.0,7.0
403.01965366047745,60.0,0.0,2.0,5.0,7.0,5.5,1.0,15.0,7.0
403.4196536604774,60.0,0.0,2.0,5.0,7.0,5.5,1.0,15.0,7.0
403.4206536604774,60.0,0.0,2.0,5.0,7.0,5.5,1.0,15.0,7.0
403.8206536604774,60.0,0.0,2.0,5.0,7.0,5.5,1.0,15.0,7.0
403.82165366047735,60.0,0.0,2.0,5.0,7.0,5.5,1.0,15.0,7.0
404.22165366047733,60.0,0.0,2.0,5.0,7.0,5.5,1.0,15.0,7.0
404.2226536604773,50.0,0.0,2.0,5.0,7.0,5.5,1.0,15.0,7.0
404.6226536604773,50.0,0.0,2.0,5.0,7.0,5.5,1.0,15.0,7.0
404.62385366047727,60.0,0.0,2.0,5.0,7.0,5.5,1.0,15.0,7.0
405.02385366047724,60.0,0.0,2.0,5.0,7.0,5.5,1.0,15.0,7.0
405.0248536604772,60.0,0.0,2.0,5.0,7.0,5.5,1.0,15.0,7.0
405.4248536604772,60.0,0.0,2.0,5.0,7.0,5.5,1.0,15.0,7.0
405.4258536604772,60.0,0.0,2.0,5.0,7.0,5.5,1.0,15.0,7.0
405.82585366047715,60.0,0.0,2.0,5.0,7.0,5.5,1.0,15.0,7.0
405.8268536604771,60.0,0.0,2.0,5.0,7.0,5.5,1.0,15.0,7.0
406.2268536604771,60.0,0.0,2.0,5.0,7.0,5.5,1.0,15.0,7.0
406.2278536604771,60.0,0.0,2.0,5.0,7.0,5.5,1.0,15.0,7.0
406.62785366047706,60.0,0.0,2.0,5.0,7.0,5.5,1.0,15.0,7.0
406.62885366047703,60.0,0.0,2.0,5.0,7.0,5.5,1.0,15.0,7.0
407.028853660477,60.0,0.0,2.0,5.0,7.0,5.5,1.0,15.0,7.0
407.029853660477,50.0,0.0,2.0,5.0,7.0,5.5,1.0,15.0,7.0
407.42985366047697,50.0,0.0,2.0,5.0,7.0,5.5,1.0,15.0,7.0
407.43105366047695,50.0,0.0,2.0,5.0,7.0,5.5,1.0,15.0,7.0
407.8310536604769,50.0,0.0,2.0,5.0,7.0,5.5,1.0,15.0,7.0
407.8322536604769,50.0,0.0,2.0,5.0,7.0,5.5,1.0,15.0,7.0
408.2322536604769,50.0,0.0,2.0,5.0,7.0,5.5,1.0,15.0,7.0
408.23345366047687,50.0,0.0,2.0,5.0,7.0,5.5,1.0,15.0,7.0
408.63345366047685,50.0,0.0,2.0,5.0,7.0,5.5,1.0,15.0,7.0
408.63465366047683,50.0,0.0,2.0,5.0,7.0,5.5,1.0,15.0,7.0
409.0346536604768,50.0,0.0,2.0,5.0,7.0,5.5,1.0,15.0,7.0
409.0358536604768,50.0,0.0,2.0,5.0,7.0,5.5,1.0,15.0,7.0
409.43585366047677,50.0,0.0,2.0,5.0,7.0,5.5,1.0,15.0,7.0
409.43705366047675,50.0,0.0,2.0,5.0,7.0,5.5,1.0,15.0,7.0
409.8370536604767,50.0,0.0,2.0,5.0,7.0,5.5,1.0,15.0,7.0
409.8382536604767,50.0,0.0,2.0,5.0,7.0,5.5,1.0,15.0,7.0
410.2382536604767,50.0,0.0,2.0,5.0,7.0,5.5,1.0,15.0,7.0
410.23945366047667,50.0,0.0,2.0,5.0,7.0,5.5,1.0,15.0,7.0
410.63945366047665,50.0,0.0,2.0,5.0,7.0,5.5,1.0,15.0,7.0
410.64065366047663,50.0,0.0,2.0,5.0,7.0,5.5,1.0,15.0,7.0
411.0406536604766,50.0,0.0,2.0,5.0,7.0,5.5,1.0,15.0,7.0
411.0418536604766,50.0,0.0,2.0,5.0,7.0,5.5,1.0,15.0,7.0
411.44185366047657,50.0,0.0,2.0,5.0,7.0,5.5,1.0,15.0,7.0
411.44305366047655,50.0,0.0,2.0,5.0,7.0,5.5,1.0,15.0,7.0
411.8430536604765,50.0,0.0,2.0,5.0,7.0,5.5,1.0,15.0,7.0
411.8442536604765,50.0,0.0,2.0,5.0,7.0,5.5,1.0,15.0,7.0
412.2442536604765,50.0,0.0,2.0,5.0,7.0,5.5,1.0,15.0,7.0
412.24545366047647,50.0,0.0,2.0,5.0,7.0,5.5,1.0,15.0,7.0
412.64545366047645,50.0,0.0,2.0,5.0,7.0,5.5,1.0,15.0,7.0
412.64665366047643,50.0,0.0,2.0,5.0,7.0,5.5,1.0,15.0,7.0
413.0466536604764,50.0,0.0,2.0,5.0,7.0,5.5,1.0,15.0,7.0
413.0478536604764,50.0,0.0,2.0,5.0,7.0,5.5,1.0,15.0,7.0
413.44785366047637,50.0,0.0,2.0,5.0,7.0,5.5,1.0,15.0,7.0
413.44905366047635,50.0,0.0,2.0,5.0,7.0,5.5,1.0,15.0,7.0
413.84905366047633,50.0,0.0,2.0,5.0,7.0,5.5,1.0,15.0,7.0
413.8502536604763,50.0,0.0,2.0,5.0,7.0,5.5,1.0,15.0,7.0
414.2502536604763,50.0,0.0,2.0,5.0,7.0,5.5,1.0,15.0,7.0
414.2514536604763,50.0,0.0,2.0,5.0,7.0,5.5,1.0,15.0,7.0
414.65145366047625,50.0,0.0,2.0,5.0,7.0,5.5,1.0,15.0,7.0
414.65265366047623,50.0,0.0,2.0,5.0,7.0,5.5,1.0,15.0,7.0
415.0526536604762,50.0,0.0,2.0,5.0,7.0,5.5,1.0,15.0,7.0
415.0538536604762,50.0,0.0,2.0,5.0,7.0,5.5,1.0,15.0,7.0
415.45385366047617,50.0,0.0,2.0,5.0,7.0,5.5,1.0,15.0,7.0
415.45505366047615,50.0,0.0,2.0,5.0,7.0,5.5,1.0,15.0,7.0
415.85505366047613,50.0,0.0,2.0,5.0,7.0,5.5,1.0,15.0,7.0
415.8562536604761,50.0,0.0,2.0,5.0,7.0,5.5,1.0,15.0,7.0
416.2562536604761,50.0,0.0,2.0,5.0,7.0,5.5,1.0,15.0,7.0
416.2574536604761,50.0,0.0,2.0,5.0,7.0,5.5,1.0,15.0,7.0
416.65745366047605,50.0,0.0,2.0,5.0,7.0,5.5,1.0,15.0,7.0
416.65865366047603,50.0,0.0,2.0,5.0,7.0,5.5,1.0,15.0,7.0
417.058653660476,50.0,0.0,2.0,5.0,7.0,5.5,1.0,15.0,7.0
417.059853660476,50.0,0.0,2.0,5.0,7.0,5.5,1.0,15.0,7.0
417.45985366047597,50.0,0.0,2.0,5.0,7.0,5.5,1.0,15.0,7.0
417.46105366047595,50.0,0.0,2.0,5.0,7.0,5.5,1.0,15.0,7.0
417.86105366047593,50.0,0.0,2.0,5.0,7.0,5.5,1.0,15.0,7.0
417.8622536604759,50.0,0.0,2.0,5.0,7.0,5.5,1.0,15.0,7.0
418.2622536604759,50.0,0.0,2.0,5.0,7.0,5.5,1.0,15.0,7.0
418.2634536604759,50.0,0.0,2.0,5.0,7.0,5.5,1.0,15.0,7.0
418.66345366047585,50.0,0.0,2.0,5.0,7.0,5.5,1.0,15.0,7.0
418.66465366047584,50.0,0.0,2.0,5.0,7.0,5.5,1.0,15.0,7.0
419.0646536604758,50.0,0.0,2.0,5.0,7.0,5.5,1.0,15.0,7.0
419.0658536604758,50.0,0.0,2.0,5.0,7.0,5.5,1.0,15.0,7.0
419.4658536604758,50.0,0.0,2.0,5.0,7.0,5.5,1.0,15.0,7.0
419.46705366047576,50.0,0.0,2.0,5.0,7.0,5.5,1.0,15.0,7.0
419.86705366047573,50.0,0.0,2.0,5.0,7.0,5.5,1.0,15.0,7.0
419.8682536604757,50.0,0.0,2.0,5.0,7.0,5.5,1.0,15.0,7.0
420.2682536604757,50.0,0.0,2.0,5.0,7.0,5.5,1.0,15.0,7.0
420.2694536604757,50.0,0.0,2.0,5.0,7.0,5.5,1.0,15.0,7.0
420.66945366047565,50.0,0.0,2.0,5.0,7.0,5.5,1.0,15.0,7.0
420.67065366047564,50.0,0.0,2.0,5.0,7.0,5.5,1.0,15.0,7.0
421.0706536604756,50.0,0.0,2.0,5.0,7.0,5.5,1.0,15.0,7.0
421.0718536604756,50.0,0.0,2.0,5.0,7.0,5.5,1.0,15.0,7.0
421.4718536604756,50.0,0.0,2.0,5.0,7.0,5.5,1.0,15.0,7.0
421.47305366047556,50.0,0.0,2.0,5.0,7.0,5.5,1.0,15.0,7.0
421.87305366047553,50.0,0.0,2.0,5.0,7.0,5.5,1.0,15.0,7.0
421.8742536604755,50.0,0.0,2.0,5.0,7.0,5.5,1.0,15.0,7.0
422.2742536604755,50.0,0.0,2.0,5.0,7.0,5.5,1.0,15.0,7.0
422.2754536604755,60.0,0.0,2.0,5.0,7.0,5.5,1.0,15.0,7.0
422.67545366047545,60.0,0.0,2.0,5.0,7.0,5.5,1.0,15.0,7.0
422.67645366047543,60.0,0.0,2.0,5.0,7.0,5.5,1.0,15.0,7.0
423.0764536604754,60.0,0.0,2.0,5.0,7.0,5.5,1.0,15.0,7.0
423.0774536604754,60.0,0.0,2.0,5.0,7.0,5.5,1.0,15.0,7.0
423.47745366047536,60.0,0.0,2.0,5.0,7.0,5.5,1.0,15.0,7.0
423.47845366047534,60.0,0.0,2.0,5.0,7.0,5.5,1.0,15.0,7.0
423.8784536604753,60.0,0.0,2.0,5.0,7.0,5.5,1.0,15.0,7.0
423.8794536604753,60.0,0.0,2.0,5.0,7.0,5.5,1.0,15.0,7.0
424.27945366047527,60.0,0.0,2.0,5.0,7.0,5.5,1.0,15.0,7.0
424.28045366047525,70.0,0.0,2.0,5.0,7.0,5.5,1.0,15.0,7.0
424.6804536604752,70.0,0.0,2.0,5.0,7.0,5.5,1.0,15.0,7.0
424.68131080333234,70.0,0.0,2.0,5.0,7.0,5.5,1.0,15.0,7.0
425.0813108033323,70.0,0.0,2.0,5.0,7.0,5.5,1.0,15.0,7.0
425.08216794618943,70.0,0.0,2.0,5.0,7.0,5.5,1.0,15.0,7.0
425.4821679461894,70.0,0.0,2.0,5.0,7.0,5.5,1.0,15.0,7.0
425.4830250890465,70.0,0.0,2.0,5.0,7.0,5.5,1.0,15.0,7.0
425.8830250890465,70.0,0.0,2.0,5.0,7.0,5.5,1.0,15.0,7.0
425.8838822319036,70.0,0.0,2.0,5.0,7.0,5.5,1.0,15.0,7.0
426.2838822319036,70.0,0.0,2.0,5.0,7.0,5.5,1.0,15.0,7.0
426.2847393747607,70.0,0.0,2.0,5.0,7.0,5.5,1.0,15.0,7.0
426.6847393747607,70.0,0.0,2.0,5.0,7.0,5.5,1.0,15.0,7.0
426.6855965176178,70.0,0.0,2.0,5.0,7.0,5.5,1.0,15.0,7.0
427.0855965176178,70.0,0.0,2.0,5.0,7.0,5.5,1.0,15.0,7.0
427.0864536604749,70.0,0.0,2.0,5.0,7.0,5.5,1.0,15.0,7.0
427.48645366047487,70.0,0.0,2.0,5.0,7.0,5.5,1.0,15.0,7.0
427.487310803332,70.0,0.0,2.0,5.0,7.0,5.5,1.0,15.0,7.0
427.88731080333196,70.0,0.0,2.0,5.0,7.0,5.5,1.0,15.0,7.0
427.88816794618907,70.0,0.0,2.0,5.0,7.0,5.5,1.0,15.0,7.0
428.28816794618905,70.0,0.0,2.0,5.0,7.0,5.5,1.0,15.0,7.0
428.28902508904616,70.0,0.0,2.0,5.0,7.0,5.5,1.0,15.0,7.0
428.68902508904614,70.0,0.0,2.0,5.0,7.0,5.5,1.0,15.0,7.0
428.68988223190325,70.0,0.0,2.0,5.0,7.0,5.5,1.0,15.0,7.0
429.08988223190323,70.0,0.0,2.0,5.0,7.0,5.5,1.0,15.0,7.0
429.09073937476035,70.0,0.0,2.0,5.0,7.0,5.5,1.0,15.0,7.0
429.4907393747603,70.0,0.0,2.0,5.0,7.0,5.5,1.0,15.0,7.0
429.49159651761744,70.0,0.0,2.0,5.0,7.0,5.5,1.0,15.0,7.0
429.8915965176174,70.0,0.0,2.0,5.0,7.0,5.5,1.0,15.0,7.0
429.89245366047453,70.0,0.0,2.0,5.0,7.0,5.5,1.0,15.0,7.0
430.2924536604745,70.0,0.0,2.0,5.0,7.0,5.5,1.0,15.0,7.0
430.2933108033316,70.0,0.0,2.0,5.0,7.0,5.5,1.0,15.0,7.0
430.6933108033316,70.0,0.0,2.0,5.0,7.0,5.5,1.0,15.0,7.0
430.6941679461887,70.0,0.0,2.0,5.0,7.0,5.5,1.0,15.0,7.0
431.0941679461887,70.0,0.0,2.0,5.0,7.0,5.5,1.0,15.0,7.0
431.0950250890458,70.0,0.0,2.0,5.0,7.0,5.5,1.0,15.0,7.0
431.4950250890458,70.0,0.0,2.0,5.0,7.0,5.5,1.0,15.0,7.0
431.4958822319029,70.0,0.0,2.0,5.0,7.0,5.5,1.0,15.0,7.0
431.8958822319029,70.0,0.0,2.0,5.0,7.0,5.5,1.0,15.0,7.0
431.89673937476,70.0,0.0,2.0,5.0,7.0,5.5,1.0,15.0,7.0
432.29673937475997,70.0,0.0,2.0,5.0,7.0,5.5,1.0,15.0,7.0
432.2975965176171,70.0,0.0,2.0,5.0,7.0,5.5,1.0,15.0,7.0
432.69759651761706,70.0,0.0,2.0,5.0,7.0,5.5,1.0,15.0,7.0
432.6984536604742,70.0,0.0,2.0,5.0,7.0,5.5,1.0,15.0,7.0
433.09845366047415,70.0,0.0,2.0,5.0,7.0,5.5,1.0,15.0,7.0
433.09931080333126,70.0,0.0,2.0,5.0,7.0,5.5,1.0,15.0,7.0
433.49931080333124,70.0,0.0,2.0,5.0,7.0,5.5,1.0,15.0,7.0
433.50016794618836,70.0,0.0,3.0,5.0,7.0,5.5,1.0,15.0,7.0
433.90016794618833,70.0,0.0,3.0,5.0,7.0,5.5,1.0,15.0,7.0
433.90102508904545,70.0,0.0,3.0,5.0,7.0,5.5,1.0,15.0,7.0
434.3010250890454,70.0,0.0,3.0,5.0,7.0,5.5,1.0,15.0,7.0
434.30188223190254,70.0,0.0,3.0,5.0,7.0,5.5,1.0,15.0,7.0
434.7018822319025,70.0,0.0,3.0,5.0,7.0,5.5,1.0,15.0,7.0
434.70273937475963,70.0,0.0,3.0,5.0,7.0,5.5,1.0,15.0,7.0
435.1027393747596,70.0,0.0,3.0,5.0,7.0,5.5,1.0,15.0,7.0
435.1035965176167,70.0,0.0,3.0,5.0,7.0,5.5,1.0,15.0,7.0
435.5035965176167,70.0,0.0,3.0,5.0,7.0,5.5,1.0,15.0,7.0
435.5044536604738,70.0,0.0,3.0,5.0,7.0,5.5,1.0,15.0,7.0
435.9044536604738,70.0,0.0,3.0,5.0,7.0,5.5,1.0,15.0,7.0
435.9053108033309,70.0,0.0,3.0,5.0,7.0,5.5,1.0,15.0,7.0
436.3053108033309,70.0,0.0,3.0,5.0,7.0,5.5,1.0,15.0,7.0
436.306167946188,70.0,0.0,3.0,5.0,7.0,5.5,1.0,15.0,7.0
436.706167946188,70.0,0.0,3.0,5.0,7.0,5.5,1.0,15.0,7.0
436.7070250890451,70.0,0.0,3.0,5.0,7.0,5.5,1.0,15.0,7.0
437.10702508904507,70.0,0.0,3.0,5.0,7.0,5.5,1.0,15.0,7.0
437.1078822319022,70.0,0.0,3.0,5.0,7.0,5.5,1.0,15.0,7.0
437.50788223190216,70.0,0.0,3.0,5.0,7.0,5.5,1.0,15.0,7.0
437.5087393747593,70.0,0.0,3.0,5.0,7.0,5.5,1.0,15.0,7.0
437.90873937475925,70.0,0.0,3.0,5.0,7.0,5.5,1.0,15.0,7.0
437.90959651761636,70.0,0.0,3.0,5.0,7.0,5.5,1.0,15.0,7.0
438.30959651761634,70.0,0.0,3.0,5.0,7.0,5.5,1.0,15.0,7.0
438.31045366047346,70.0,0.0,3.0,5.0,7.0,5.5,1.0,15.0,7.0
438.71045366047343,70.0,0.0,3.0,5.0,7.0,5.5,1.0,15.0,7.0
438.71131080333055,70.0,0.0,3.0,5.0,7.0,5.5,1.0,15.0,7.0
439.1113108033305,70.0,0.0,3.0,5.0,7.0,5.5,1.0,15.0,7.0
439.11216794618764,70.0,0.0,3.0,5.0,7.0,5.5,1.0,15.0,7.0
439.5121679461876,70.0,0.0,3.0,5.0,7.0,5.5,1.0,15.0,7.0
439.51302508904473,70.0,0.0,3.0,5.0,7.0,5.5,1.0,15.0,7.0
439.9130250890447,70.0,0.0,3.0,5.0,7.0,5.5,1.0,15.0,7.0
439.9138822319018,70.0,0.0,3.0,5.0,7.0,5.5,1.0,15.0,7.0
440.3138822319018,70.0,0.0,3.0,5.0,7.0,5.5,1.0,15.0,7.0
440.3147393747589,70.0,0.0,3.0,5.0,7.0,5.5,1.0,15.0,7.0
440.7147393747589,70.0,0.0,3.0,5.0,7.0,5.5,1.0,15.0,7.0
440.715596517616,70.0,0.0,3.0,5.0,7.0,5.5,1.0,15.0,7.0
441.115596517616,70.0,0.0,3.0,5.0,7.0,5.5,1.0,15.0,7.0
441.1164536604731,70.0,0.0,3.0,5.0,7.0,5.5,1.0,15.0,7.0
441.5164536604731,70.0,0.0,3.0,5.0,7.0,5.5,1.0,15.0,7.0
441.5173108033302,70.0,0.0,3.0,5.0,7.0,5.5,1.0,15.0,7.0
441.91731080333017,70.0,0.0,3.0,5.0,7.0,5.5,1.0,15.0,7.0
441.9181679461873,70.0,0.0,3.0,5.0,7.0,5.5,1.0,15.0,7.0
442.31816794618726,70.0,0.0,3.0,5.0,7.0,5.5,1.0,15.0,7.0
442.3190250890444,70.0,0.0,3.0,5.0,7.0,5.5,1.0,15.0,7.0
442.71902508904435,70.0,0.0,3.0,5.0,7.0,5.5,1.0,15.0,7.0
442.71988223190147,70.0,0.0,3.0,5.0,7.0,5.5,1.0,15.0,7.0
443.11988223190144,70.0,0.0,3.0,5.0,7.0,5.5,1.0,15.0,7.0
443.12073937475856,70.0,0.0,3.0,5.0,7.0,5.5,1.0,15.0,7.0
443.52073937475853,70.0,0.0,3.0,5.0,7.0,5.5,1.0,15.0,7.0
443.52159651761565,70.0,0.0,3.0,5.0,7.0,5.5,1.0,15.0,7.0
443.9215965176156,70.0,0.0,3.0,5.0,7.0,5.5,1.0,15.0,7.0
443.92245366047274,70.0,0.0,3.0,5.0,7.0,5.5,1.0,15.0,7.0
444.3224536604727,70.0,0.0,3.0,5.0,7.0,5.5,1.0,15.0,7.0
444.32331080332983,70.0,0.0,3.0,5.0,7.0,5.5,1.0,15.0,7.0
444.7233108033298,70.0,0.0,3.0,5.0,7.0,5.5,1.0,15.0,7.0
444.7241679461869,70.0,0.0,3.0,5.0,7.0,5.5,1.0,15.0,7.0
445.1241679461869,70.0,0.0,3.0,5.0,7.0,5.5,1.0,15.0,7.0
445.125025089044,70.0,0.0,3.0,5.0,7.0,5.5,1.0,15.0,7.0
445.525025089044,70.0,0.0,3.0,5.0,7.0,5.5,1.0,15.0,7.0
445.5258822319011,70.0,0.0,3.0,5.0,7.0,5.5,1.0,15.0,7.0
445.9258822319011,70.0,0.0,3.0,5.0,7.0,5.5,1.0,15.0,7.0
445.9267393747582,70.0,0.0,3.0,5.0,7.0,5.5,1.0,15.0,7.0
446.3267393747582,70.0,0.0,3.0,5.0,7.0,5.5,1.0,15.0,7.0
446.3275965176153,70.0,0.0,3.0,5.0,7.0,5.5,1.0,15.0,7.0
446.72759651761527,70.0,0.0,3.0,5.0,7.0,5.5,1.0,15.0,7.0
446.7284536604724,70.0,0.0,3.0,5.0,7.0,5.5,1.0,15.0,7.0
447.12845366047236,70.0,0.0,3.0,5.0,7.0,5.5,1.0,15.0,7.0
447.1293108033295,70.0,0.0,3.0,5.0,7.0,5.5,1.0,15.0,7.0
447.52931080332945,70.0,0.0,3.0,5.0,7.0,5.5,1.0,15.0,7.0
447.53016794618657,70.0,0.0,3.0,5.0,7.0,5.5,1.0,15.0,7.0
447.93016794618654,70.0,0.0,3.0,5.0,7.0,5.5,1.0,15.0,7.0
447.93102508904366,70.0,0.0,3.0,5.0,7.0,5.5,1.0,15.0,7.0
448.33102508904364,70.0,0.0,3.0,5.0,7.0,5.5,1.0,15.0,7.0
448.33188223190075,70.0,0.0,3.0,5.0,7.0,5.5,1.0,15.0,7.0
448.7318822319007,70.0,0.0,3.0,5.0,7.0,5.5,1.0,15.0,7.0
448.73273937475784,70.0,0.0,3.0,5.0,7.0,5.5,1.0,15.0,7.0
449.1327393747578,70.0,0.0,3.0,5.0,7.0,5.5,1.0,15.0,7.0
449.13359651761493,70.0,0.0,3.0,5.0,7.0,5.5,1.0,15.0,7.0
449.5335965176149,70.0,0.0,3.0,5.0,7.0,5.5,1.0,15.0,7.0
449.534453660472,70.0,0.0,3.0,5.0,7.0,5.5,1.0,15.0,7.0
449.934453660472,70.0,0.0,3.0,5.0,7.0,5.5,1.0,15.0,7.0
449.9353108033291,60.0,0.0,3.0,5.0,7.0,5.5,1.0,15.0,7.0
450.3353108033291,60.0,0.0,3.0,5.0,7.0,5.5,1.0,15.0,7.0
450.33631080332907,60.0,0.0,3.0,5.0,7.0,5.5,1.0,15.0,7.0
450.73631080332905,60.0,0.0,3.0,5.0,7.0,5.5,1.0,15.0,7.0
450.737310803329,60.0,0.0,3.0,5.0,7.0,5.5,1.0,15.0,7.0
451.137310803329,60.0,0.0,3.0,5.0,7.0,5.5,1.0,15.0,7.0
451.138310803329,60.0,0.0,3.0,5.0,7.0,5.5,1.0,15.0,7.0
451.53831080332895,60.0,0.0,3.0,5.0,7.0,5.5,1.0,15.0,7.0
451.53931080332893,60.0,0.0,3.0,5.0,7.0,5.5,1.0,15.0,7.0
451.9393108033289,60.0,0.0,3.0,5.0,7.0,5.5,1.0,15.0,7.0
451.9403108033289,60.0,0.0,3.0,5.0,7.0,5.5,1.0,15.0,7.0
452.34031080332886,60.0,0.0,3.0,5.0,7.0,5.5,1.0,15.0,7.0
452.34131080332884,60.0,0.0,3.0,5.0,7.0,5.5,1.0,15.0,7.0
452.7413108033288,60.0,0.0,3.0,5.0,7.0,5.5,1.0,15.0,7.0
452.7423108033288,60.0,0.0,3.0,5.0,7.0,5.5,1.0,15.0,7.0
453.14231080332877,60.0,0.0,3.0,5.0,7.0,5.5,1.0,15.0,7.0
453.14331080332875,60.0,0.0,3.0,5.0,7.0,5.5,1.0,15.0,7.0
453.5433108033287,60.0,0.0,3.0,5.0,7.0,5.5,1.0,15.0,7.0
453.5443108033287,60.0,0.0,3.0,5.0,7.0,5.5,1.0,15.0,7.0
453.9443108033287,60.0,0.0,3.0,5.0,7.0,5.5,1.0,15.0,7.0
453.94531080332865,60.0,0.0,3.0,5.0,7.0,5.5,1.0,15.0,7.0
454.34531080332863,60.0,0.0,3.0,5.0,7.0,5.5,1.0,15.0,7.0
454.3463108033286,50.0,0.0,3.0,5.0,7.0,5.5,1.0,15.0,7.0
454.7463108033286,50.0,0.0,3.0,5.0,7.0,5.5,1.0,15.0,7.0
454.74751080332857,50.0,0.0,3.0,5.0,7.0,5.5,1.0,15.0,7.0
455.14751080332854,50.0,0.0,3.0,5.0,7.0,5.5,1.0,15.0,7.0
455.1487108033285,50.0,0.0,3.0,5.0,7.0,5.5,1.0,15.0,7.0
455.5487108033285,50.0,0.0,3.0,5.0,7.0,5.5,1.0,15.0,7.0
455.5499108033285,50.0,0.0,3.0,5.0,7.0,5.5,1.0,15.0,7.0
455.94991080332846,50.0,0.0,3.0,5.0,7.0,5.5,1.0,15.0,7.0
455.95111080332845,50.0,0.0,3.0,5.0,7.0,5.5,1.0,15.0,7.0
456.3511108033284,50.0,0.0,3.0,5.0,7.0,5.5,1.0,15.0,7.0
456.3523108033284,40.0,0.0,3.0,5.0,7.0,10.5,1.0,15.0,7.0
456.7523108033284,40.0,0.0,3.0,5.0,7.0,10.5,1.0,15.0,7.0
456.7528550210155,40.0,0.0,3.0,5.0,7.0,10.5,1.0,15.0,7.0
457.15285502101545,40.0,0.0,3.0,5.0,7.0,10.5,1.0,15.0,7.0
457.15339923870255,40.0,0.0,3.0,5.0,7.0,10.5,1.0,15.0,7.0
457.5533992387025,40.0,0.0,3.0,5.0,7.0,10.5,1.0,15.0,7.0
457.5539434563896,40.0,0.0,3.0,5.0,7.0,10.5,1.0,15.0,7.0
457.9539434563896,40.0,0.0,3.0,5.0,7.0,10.5,1.0,15.0,7.0
457.9544876740767,40.0,0.0,3.0,5.0,7.0,10.5,1.0,15.0,7.0
458.35448767407667,40.0,0.0,3.0,5.0,7.0,10.5,1.0,15.0,7.0
458.35503189176376,40.0,0.0,3.0,5.0,7.0,10.5,1.0,15.0,7.0
458.75503189176374,40.0,0.0,3.0,5.0,7.0,10.5,1.0,15.0,7.0
458.75557610945083,40.0,0.0,3.0,5.0,7.0,10.5,1.0,15.0,7.0
459.1555761094508,40.0,0.0,3.0,5.0,7.0,10.5,1.0,15.0,7.0
459.1561203271379,40.0,0.0,3.0,5.0,7.0,10.5,1.0,15.0,7.0
459.5561203271379,40.0,0.0,3.0,5.0,7.0,10.5,1.0,15.0,7.0
459.55666454482497,40.0,0.0,3.0,5.0,7.0,10.5,1.0,15.0,7.0
459.95666454482495,40.0,0.0,3.0,5.0,7.0,10.5,1.0,15.0,7.0
459.95720876251204,40.0,0.0,3.0,5.0,7.0,10.5,1.0,15.0,7.0
460.357208762512,40.0,0.0,3.0,5.0,7.0,10.5,1.0,15.0,7.0
460.3577529801991,40.0,0.0,3.0,5.0,7.0,10.5,1.0,15.0,7.0
460.7577529801991,40.0,0.0,3.0,5.0,7.0,10.5,1.0,15.0,7.0
460.7582971978862,40.0,0.0,3.0,5.0,7.0,10.5,1.0,15.0,7.0
461.15829719788616,40.0,0.0,3.0,5.0,7.0,10.5,1.0,15.0,7.0
461.15884141557325,40.0,0.0,3.0,5.0,7.0,10.5,1.0,15.0,7.0
461.5588414155732,40.0,0.0,3.0,5.0,7.0,10.5,1.0,15.0,7.0
461.5593856332603,40.0,0.0,3.0,5.0,7.0,10.5,1.0,15.0,7.0
461.9593856332603,40.0,0.0,3.0,5.0,7.0,10.5,1.0,15.0,7.0
461.9599298509474,40.0,0.0,3.0,5.0,7.0,10.5,1.0,15.0,7.0
462.35992985094737,40.0,0.0,3.0,5.0,7.0,10.5,1.0,15.0,7.0
462.36047406863446,40.0,0.0,3.0,5.0,7.0,10.5,1.0,15.0,7.0
462.76047406863444,40.0,0.0,3.0,5.0,7.0,10.5,1.0,15.0,7.0
462.76101828632153,40.0,0.0,3.0,5.0,7.0,10.5,1.0,15.0,7.0
463.1610182863215,40.0,0.0,3.0,5.0,7.0,10.5,1.0,15.0,7.0
463.1615625040086,40.0,0.0,3.0,5.0,7.0,10.5,1.0,15.0,7.0
463.5615625040086,40.0,0.0,3.0,5.0,7.0,10.5,1.0,15.0,7.0
463.56210672169567,40.0,0.0,3.0,5.0,7.0,10.5,1.0,15.0,7.0
463.96210672169565,40.0,0.0,3.0,5.0,7.0,10.5,1.0,15.0,7.0
463.96265093938274,40.0,0.0,3.0,5.0,7.0,10.5,1.0,15.0,7.0
464.3626509393827,40.0,0.0,3.0,5.0,7.0,10.5,1.0,15.0,7.0
464.3631951570698,40.0,0.0,3.0,5.0,7.0,10.5,1.0,15.0,7.0
464.7631951570698,40.0,0.0,3.0,5.0,7.0,10.5,1.0,15.0,7.0
464.7637393747569,40.0,0.0,3.0,5.0,7.0,10.5,1.0,15.0,7.0
465.16373937475686,40.0,0.0,3.0,5.0,7.0,10.5,1.0,15.0,7.0
465.16428359244395,40.0,0.0,3.0,5.0,7.0,10.5,1.0,15.0,7.0
465.5642835924439,40.0,0.0,3.0,5.0,7.0,10.5,1.0,15.0,7.0
465.564827810131,40.0,0.0,3.0,5.0,7.0,10.5,1.0,15.0,7.0
465.964827810131,40.0,0.0,3.0,5.0,7.0,10.5,1.0,15.0,7.0
465.9653720278181,40.0,0.0,3.0,5.0,7.0,10.5,1.0,15.0,7.0
466.36537202781807,40.0,0.0,3.0,5.0,7.0,10.5,1.0,15.0,7.0
466.36591624550516,40.0,0.0,3.0,5.0,7.0,10.5,1.0,15.0,7.0
466.76591624550514,40.0,0.0,3.0,5.0,7.0,10.5,1.0,15.0,7.0
466.76646046319223,40.0,0.0,3.0,5.0,7.0,10.5,1.0,15.0,7.0
467.1664604631922,40.0,0.0,3.0,5.0,7.0,10.5,1.0,15.0,7.0
467.1670046808793,40.0,0.0,3.0,5.0,7.0,10.5,1.0,15.0,7.0
467.5670046808793,40.0,0.0,3.0,5.0,7.0,10.5,1.0,15.0,7.0
467.5675488985664,40.0,0.0,3.0,5.0,7.0,10.5,1.0,15.0,7.0
467.96754889856635,40.0,0.0,3.0,5.0,7.0,10.5,1.0,15.0,7.0
467.96809311625344,40.0,0.0,3.0,5.0,7.0,10.5,1.0,15.0,7.0
468.3680931162534,40.0,0.0,3.0,5.0,7.0,10.5,1.0,15.0,7.0
468.3686373339405,40.0,0.0,3.0,5.0,7.0,10.5,1.0,15.0,7.0
468.7686373339405,40.0,0.0,3.0,5.0,7.0,10.5,1.0,15.0,7.0
468.7691815516276,40.0,0.0,3.0,5.0,7.0,8.5,1.0,16.0,7.0
469.16918155162756,40.0,0.0,3.0,5.0,7.0,8.5,1.0,16.0,7.0
469.17001200145455,40.0,0.0,3.0,5.0,7.0,8.5,1.0,16.0,7.0
469.57001200145453,40.0,0.0,3.0,5.0,7.0,8.5,1.0,16.0,7.0
469.5708424512815,40.0,0.0,3.0,5.0,7.0,8.5,1.0,16.0,7.0
469.9708424512815,40.0,0.0,3.0,5.0,7.0,8.5,1.0,16.0,7.0
469.9716729011085,40.0,0.0,3.0,5.0,7.0,6.5,1.0,17.0,7.0
470.37167290110847,40.0,0.0,3.0,5.0,7.0,6.5,1.0,17.0,7.0
470.37287290110845,40.0,0.0,3.0,5.0,7.0,6.5,1.0,17.0,7.0
470.7728729011084,40.0,0.0,3.0,5.0,7.0,6.5,1.0,17.0,7.0
470.7740729011084,40.0,0.0,3.0,5.0,7.0,6.5,1.0,17.0,7.0
471.1740729011084,40.0,0.0,3.0,5.0,7.0,6.5,1.0,17.0,7.0
471.17527290110837,40.0,0.0,3.0,5.0,7.0,6.5,1.0,17.0,7.0
471.57527290110835,40.0,0.0,3.0,5.0,7.0,6.5,1.0,17.0,7.0
471.57647290110833,40.0,0.0,3.0,5.0,7.0,6.5,1.0,17.0,7.0
471.9764729011083,40.0,0.0,3.0,5.0,7.0,6.5,1.0,17.0,7.0
471.9776729011083,40.0,0.0,3.0,5.0,7.0,6.5,1.0,17.0,7.0
472.37767290110827,40.0,0.0,3.0,5.0,7.0,6.5,1.0,17.0,7.0
472.37887290110825,40.0,0.0,3.0,5.0,7.0,6.5,1.0,17.0,7.0
472.77887290110823,40.0,0.0,3.0,5.0,7.0,6.5,1.0,17.0,7.0
472.7800729011082,40.0,0.0,3.0,5.0,7.0,6.5,1.0,17.0,7.0
473.1800729011082,40.0,0.0,3.0,5.0,7.0,6.5,1.0,17.0,7.0
473.1812729011082,40.0,0.0,3.0,5.0,7.0,6.5,1.0,17.0,7.0
473.58127290110815,40.0,0.0,3.0,5.0,7.0,6.5,1.0,17.0,7.0
473.58247290110813,40.0,0.0,3.0,5.0,7.0,6.5,1.0,17.0,7.0
473.9824729011081,40.0,0.0,3.0,5.0,7.0,6.5,1.0,17.0,7.0
473.9836729011081,40.0,0.0,3.0,5.0,7.0,6.5,1.0,17.0,7.0
474.38367290110807,40.0,0.0,3.0,5.0,7.0,6.5,1.0,17.0,7.0
474.38487290110805,40.0,0.0,3.0,5.0,7.0,6.5,1.0,17.0,7.0
474.78487290110803,40.0,0.0,3.0,5.0,7.0,6.5,1.0,17.0,7.0
474.786072901108,40.0,0.0,3.0,5.0,7.0,6.5,1.0,17.0,7.0
475.186072901108,40.0,0.0,3.0,5.0,7.0,6.5,1.0,17.0,7.0
475.187272901108,40.0,0.0,3.0,5.0,7.0,6.5,1.0,17.0,7.0
475.58727290110795,40.0,0.0,3.0,5.0,7.0,6.5,1.0,17.0,7.0
475.58847290110793,40.0,0.0,3.0,5.0,7.0,6.5,1.0,17.0,7.0
475.9884729011079,40.0,0.0,3.0,5.0,7.0,6.5,1.0,17.0,7.0
475.9896729011079,40.0,0.0,4.0,5.0,7.0,6.5,1.0,17.0,7.0
476.3896729011079,40.0,0.0,4.0,5.0,7.0,6.5,1.0,17.0,7.0
476.39087290110785,40.0,0.0,4.0,5.0,7.0,6.5,1.0,17.0,7.0
476.79087290110783,40.0,0.0,4.0,5.0,7.0,6.5,1.0,17.0,7.0
476.7920729011078,40.0,0.0,4.0,5.0,7.0,6.5,1.0,17.0,7.0
477.1920729011078,40.0,0.0,4.0,5.0,7.0,6.5,1.0,17.0,7.0
477.1932729011078,40.0,0.0,4.0,5.0,7.0,6.5,1.0,17.0,7.0
477.59327290110775,40.0,0.0,4.0,5.0,7.0,6.5,1.0,17.0,7.0
477.59447290110774,40.0,0.0,4.0,5.0,7.0,6.5,1.0,17.0,7.0
477.9944729011077,40.0,0.0,4.0,5.0,7.0,6.5,1.0,17.0,7.0
477.9956729011077,40.0,0.0,4.0,5.0,7.0,6.5,1.0,17.0,7.0
478.3956729011077,40.0,0.0,4.0,5.0,7.0,6.5,1.0,17.0,7.0
478.39687290110766,40.0,0.0,4.0,5.0,7.0,6.5,1.0,17.0,7.0
478.79687290110763,40.0,0.0,4.0,5.0,7.0,6.5,1.0,17.0,7.0
478.7980729011076,40.0,0.0,4.0,5.0,7.0,6.5,1.0,17.0,7.0
479.1980729011076,40.0,0.0,4.0,5.0,7.0,6.5,1.0,17.0,7.0
479.1992729011076,40.0,0.0,4.0,5.0,7.0,6.5,1.0,17.0,7.0
479.59927290110755,40.0,0.0,4.0,5.0,7.0,6.5,1.0,17.0,7.0
479.60047290110754,40.0,0.0,4.0,5.0,7.0,6.5,1.0,17.0,7.0
480.0004729011075,40.0,0.0,4.0,5.0,7.0,6.5,1.0,17.0,7.0
480.0016729011075,40.0,0.0,4.0,5.0,7.0,6.5,1.0,17.0,7.0
480.4016729011075,40.0,0.0,4.0,5.0,7.0,6.5,1.0,17.0,7.0
480.40287290110746,40.0,0.0,4.0,5.0,7.0,6.5,1.0,17.0,7.0
480.80287290110743,40.0,0.0,4.0,5.0,7.0,6.5,1.0,17.0,7.0
480.8040729011074,40.0,0.0,4.0,5.0,7.0,6.5,1.0,17.0,7.0
481.2040729011074,40.0,0.0,4.0,5.0,7.0,6.5,1.0,17.0,7.0
481.2052729011074,40.0,0.0,4.0,5.0,7.0,6.5,1.0,17.0,7.0
481.60527290110736,40.0,0.0,4.0,5.0,7.0,6.5,1.0,17.0,7.0
481.60647290110734,40.0,0.0,4.0,5.0,7.0,6.5,1.0,17.0,7.0
482.0064729011073,40.0,0.0,4.0,5.0,7.0,6.5,1.0,17.0,7.0
482.0076729011073,40.0,0.0,4.0,5.0,7.0,6.5,1.0,17.0,7.0
482.4076729011073,40.0,0.0,4.0,5.0,7.0,6.5,1.0,17.0,7.0
482.40887290110726,40.0,0.0,4.0,5.0,7.0,6.5,1.0,17.0,7.0
482.80887290110724,40.0,0.0,4.0,5.0,7.0,6.5,1.0,17.0,7.0
482.8100729011072,40.0,0.0,4.0,5.0,7.0,6.5,1.0,17.0,7.0
483.2100729011072,40.0,0.0,4.0,5.0,7.0,6.5,1.0,17.0,7.0
483.2112729011072,40.0,0.0,4.0,5.0,7.0,6.5,1.0,17.0,7.0
483.61127290110716,40.0,0.0,4.0,5.0,7.0,6.5,1.0,17.0,7.0
483.61247290110714,40.0,0.0,4.0,5.0,7.0,6.5,1.0,17.0,7.0
484.0124729011071,40.0,0.0,4.0,5.0,7.0,6.5,1.0,17.0,7.0
484.0136729011071,40.0,0.0,4.0,5.0,7.0,6.5,1.0,17.0,7.0
484.4136729011071,40.0,0.0,4.0,5.0,7.0,6.5,1.0,17.0,7.0
484.41487290110706,40.0,0.0,4.0,5.0,7.0,6.5,1.0,17.0,7.0
484.81487290110704,40.0,0.0,4.0,5.0,7.0,6.5,1.0,17.0,7.0
484.816072901107,40.0,0.0,4.0,5.0,7.0,6.5,1.0,17.0,7.0
485.216072901107,40.0,0.0,4.0,5.0,7.0,6.5,1.0,17.0,7.0
485.217272901107,40.0,0.0,4.0,5.0,7.0,6.5,1.0,17.0,7.0
485.61727290110696,40.0,0.0,4.0,5.0,7.0,6.5,1.0,17.0,7.0
485.61847290110694,40.0,0.0,4.0,5.0,7.0,6.5,1.0,17.0,7.0
486.0184729011069,40.0,0.0,4.0,5.0,7.0,6.5,1.0,17.0,7.0
486.0196729011069,40.0,0.0,4.0,5.0,7.0,6.5,1.0,17.0,7.0
486.4196729011069,40.0,0.0,4.0,5.0,7.0,6.5,1.0,17.0,7.0
486.42087290110686,40.0,0.0,4.0,5.0,7.0,6.5,1.0,17.0,7.0
486.82087290110684,40.0,0.0,4.0,5.0,7.0,6.5,1.0,17.0,7.0
486.8220729011068,40.0,0.0,4.0,5.0,7.0,6.5,1.0,17.0,7.0
487.2220729011068,40.0,0.0,4.0,5.0,7.0,6.5,1.0,17.0,7.0
487.2232729011068,40.0,0.0,4.0,5.0,7.0,6.5,1.0,17.0,7.0
487.62327290110676,40.0,0.0,4.0,5.0,7.0,6.5,1.0,17.0,7.0
487.62447290110674,40.0,0.0,4.0,5.0,7.0,6.5,1.0,17.0,7.0
488.0244729011067,40.0,0.0,4.0,5.0,7.0,6.5,1.0,17.0,7.0
488.0256729011067,40.0,0.0,4.0,5.0,7.0,6.5,1.0,17.0,7.0
488.4256729011067,40.0,0.0,4.0,5.0,7.0,6.5,1.0,17.0,7.0
488.42687290110666,40.0,0.0,4.0,5.0,7.0,6.5,1.0,17.0,7.0
488.82687290110664,40.0,0.0,4.0,5.0,7.0,6.5,1.0,17.0,7.0
488.8280729011066,40.0,0.0,4.0,5.0,7.0,6.5,1.0,17.0,7.0
489.2280729011066,40.0,0.0,4.0,5.0,7.0,6.5,1.0,17.0,7.0
489.2292729011066,40.0,0.0,4.0,5.0,7.0,6.5,1.0,17.0,7.0
489.62927290110656,40.0,0.0,4.0,5.0,7.0,6.5,1.0,17.0,7.0
489.63047290110654,40.0,0.0,4.0,5.0,7.0,6.5,1.0,17.0,7.0
490.0304729011065,40.0,0.0,4.0,5.0,7.0,6.5,1.0,17.0,7.0
490.0316729011065,40.0,0.0,4.0,5.0,7.0,6.5,1.0,17.0,7.0
490.4316729011065,40.0,0.0,4.0,5.0,7.0,6.5,1.0,17.0,7.0
490.43287290110646,40.0,0.0,4.0,5.0,7.0,6.5,1.0,17.0,7.0
490.83287290110644,40.0,0.0,4.0,5.0,7.0,6.5,1.0,17.0,7.0
490.8340729011064,40.0,0.0,4.0,5.0,7.0,6.5,1.0,17.0,7.0
491.2340729011064,40.0,0.0,4.0,5.0,7.0,6.5,1.0,17.0,7.0
491.2352729011064,40.0,0.0,4.0,5.0,7.0,6.5,1.0,17.0,7.0
491.63527290110636,40.0,0.0,4.0,5.0,7.0,6.5,1.0,17.0,7.0
491.63647290110634,40.0,0.0,4.0,5.0,7.0,6.5,1.0,17.0,7.0
492.0364729011063,40.0,0.0,4.0,5.0,7.0,6.5,1.0,17.0,7.0
492.0376729011063,40.0,0.0,4.0,5.0,7.0,6.5,1.0,17.0,7.0
492.4376729011063,40.0,0.0,4.0,5.0,7.0,6.5,1.0,17.0,7.0
492.43887290110627,40.0,0.0,4.0,5.0,7.0,6.5,1.0,17.0,7.0
492.83887290110624,40.0,0.0,4.0,5.0,7.0,6.5,1.0,17.0,7.0
492.8400729011062,40.0,0.0,4.0,5.0,7.0,6.5,1.0,17.0,7.0
493.2400729011062,40.0,0.0,4.0,5.0,7.0,6.5,1.0,17.0,7.0
493.2412729011062,40.0,0.0,4.0,5.0,7.0,6.5,1.0,17.0,7.0
493.64127290110616,40.0,0.0,4.0,5.0,7.0,6.5,1.0,17.0,7.0
493.64247290110615,40.0,0.0,4.0,5.0,7.0,6.5,1.0,17.0,7.0
494.0424729011061,40.0,0.0,4.0,5.0,7.0,6.5,1.0,17.0,7.0
494.0436729011061,40.0,0.0,4.0,5.0,7.0,6.5,1.0,17.0,7.0
494.4436729011061,40.0,0.0,4.0,5.0,7.0,6.5,1.0,17.0,7.0
494.44487290110607,40.0,0.0,4.0,5.0,7.0,6.5,1.0,17.0,7.0
494.84487290110604,40.0,0.0,4.0,5.0,7.0,6.5,1.0,17.0,7.0
494.846072901106,40.0,0.0,4.0,5.0,7.0,6.5,1.0,17.0,7.0
495.246072901106,40.0,0.0,4.0,5.0,7.0,6.5,1.0,17.0,7.0
495.247272901106,40.0,0.0,4.0,5.0,7.0,6.5,1.0,17.0,7.0
495.64727290110596,40.0,0.0,4.0,5.0,7.0,6.5,1.0,17.0,7.0
495.64847290110595,40.0,0.0,4.0,5.0,7.0,6.5,1.0,17.0,7.0
496.0484729011059,40.0,0.0,4.0,5.0,7.0,6.5,1.0,17.0,7.0
496.0496729011059,40.0,0.0,4.0,5.0,7.0,6.5,1.0,17.0,7.0
496.4496729011059,40.0,0.0,4.0,5.0,7.0,6.5,1.0,17.0,7.0
496.45087290110587,40.0,0.0,4.0,5.0,7.0,6.5,1.0,17.0,7.0
496.85087290110584,40.0,0.0,4.0,5.0,7.0,6.5,1.0,17.0,7.0
496.8520729011058,40.0,0.0,4.0,5.0,7.0,6.5,1.0,17.0,7.0
497.2520729011058,40.0,0.0,4.0,5.0,7.0,6.5,1.0,17.0,7.0
497.2532729011058,40.0,0.0,4.0,5.0,7.0,6.5,1.0,17.0,7.0
497.65327290110577,40.0,0.0,4.0,5.0,7.0,6.5,1.0,17.0,7.0
497.65447290110575,40.0,0.0,4.0,5.0,7.0,6.5,1.0,17.0,7.0
498.0544729011057,40.0,0.0,4.0,5.0,7.0,6.5,1.0,17.0,7.0
498.0556729011057,40.0,0.0,4.0,5.0,7.0,6.5,1.0,17.0,7.0
498.4556729011057,40.0,0.0,4.0,5.0,7.0,6.5,1.0,17.0,7.0
498.45687290110567,40.0,0.0,4.0,5.0,7.0,6.5,1.0,17.0,7.0
498.85687290110565,40.0,0.0,4.0,5.0,7.0,6.5,1.0,17.0,7.0
498.85807290110563,40.0,0.0,4.0,5.0,7.0,6.5,1.0,17.0,7.0
499.2580729011056,40.0,0.0,4.0,5.0,7.0,6.5,1.0,17.0,7.0
499.2592729011056,30.0,0.0,4.0,5.0,7.0,6.5,1.0,17.0,7.0
499.65927290110557,30.0,0.0,4.0,5.0,7.0,6.5,1.0,17.0,7.0
499.66047290110555,30.0,0.0,4.0,5.0,7.0,6.5,1.0,17.0,7.0
500.0604729011055,30.0,0.0,4.0,5.0,7.0,6.5,1.0,17.0,7.0
500.0616729011055,30.0,0.0,4.0,5.0,7.0,6.5,1.0,17.0,7.0
500.4616729011055,30.0,0.0,4.0,5.0,7.0,6.5,1.0,17.0,7.0
500.46287290110547,30.0,0.0,4.0,5.0,7.0,6.5,1.0,17.0,7.0
500.86287290110545,30.0,0.0,4.0,5.0,7.0,6.5,1.0,17.0,7.0
500.86407290110543,30.0,0.0,4.0,5.0,7.0,6.5,1.0,17.0,7.0
501.2640729011054,30.0,0.0,4.0,5.0,7.0,6.5,1.0,17.0,7.0
501.2652729011054,30.0,0.0,4.0,5.0,7.0,6.5,1.0,17.0,7.0
501.66527290110537,30.0,0.0,4.0,5.0,7.0,6.5,1.0,17.0,7.0
501.66647290110535,30.0,0.0,4.0,5.0,7.0,6.5,1.0,17.0,7.0
502.0664729011053,30.0,0.0,4.0,5.0,7.0,6.5,1.0,17.0,7.0
502.0676729011053,30.0,0.0,4.0,5.0,7.0,6.5,1.0,17.0,7.0
502.4676729011053,30.0,0.0,4.0,5.0,7.0,6.5,1.0,17.0,7.0
502.46887290110527,30.0,0.0,4.0,5.0,7.0,6.5,1.0,17.0,7.0
502.86887290110525,30.0,0.0,4.0,5.0,7.0,6.5,1.0,17.0,7.0
502.87007290110523,30.0,0.0,4.0,5.0,7.0,6.5,1.0,17.0,7.0
503.2700729011052,30.0,0.0,4.0,5.0,7.0,6.5,1.0,17.0,7.0
503.2712729011052,30.0,0.0,4.0,5.0,7.0,6.5,1.0,17.0,7.0
503.67127290110517,30.0,0.0,4.0,5.0,7.0,6.5,1.0,17.0,7.0
503.67247290110515,30.0,0.0,4.0,5.0,7.0,6.5,1.0,17.0,7.0
504.07247290110513,30.0,0.0,4.0,5.0,7.0,6.5,1.0,17.0,7.0
504.0736729011051,30.0,0.0,4.0,5.0,7.0,4.5,1.0,18.0,7.0
504.4736729011051,30.0,0.0,4.0,5.0,7.0,4.5,1.0,18.0,7.0
504.4748729011051,30.0,0.0,4.0,5.0,7.0,4.5,1.0,18.0,7.0
504.87487290110505,30.0,0.0,4.0,5.0,7.0,4.5,1.0,18.0,7.0
504.87607290110503,30.0,0.0,4.0,5.0,7.0,4.5,1.0,18.0,7.0
505.276072901105,30.0,0.0,4.0,5.0,7.0,4.5,1.0,18.0,7.0
505.277272901105,30.0,0.0,4.0,5.0,7.0,4.5,1.0,18.0,7.0
505.67727290110497,30.0,0.0,4.0,5.0,7.0,4.5,1.0,18.0,7.0
505.67847290110495,30.0,0.0,4.0,5.0,7.0,4.5,1.0,18.0,7.0
506.07847290110493,30.0,0.0,4.0,5.0,7.0,4.5,1.0,18.0,7.0
506.0796729011049,30.0,0.0,4.0,5.0,7.0,4.5,1.0,18.0,7.0
506.4796729011049,30.0,0.0,4.0,5.0,7.0,4.5,1.0,18.0,7.0
506.4808729011049,30.0,0.0,4.0,5.0,7.0,4.5,1.0,18.0,7.0
506.88087290110485,30.0,0.0,4.0,5.0,7.0,4.5,1.0,18.0,7.0
506.88207290110483,30.0,0.0,4.0,5.0,7.0,4.5,1.0,18.0,7.0
507.2820729011048,30.0,0.0,4.0,5.0,7.0,4.5,1.0,18.0,7.0
507.2832729011048,30.0,0.0,4.0,5.0,7.0,4.5,1.0,18.0,7.0
507.6832729011048,30.0,0.0,4.0,5.0,7.0,4.5,1.0,18.0,7.0
507.68447290110475,30.0,0.0,4.0,5.0,7.0,4.5,1.0,18.0,7.0
508.08447290110473,30.0,0.0,4.0,5.0,7.0,4.5,1.0,18.0,7.0
508.0856729011047,40.0,0.0,4.0,5.0,7.0,4.5,1.0,18.0,7.0
508.4856729011047,40.0,0.0,4.0,5.0,7.0,4.5,1.0,18.0,7.0
508.4868729011047,40.0,0.0,4.0,5.0,7.0,4.5,1.0,18.0,7.0
508.88687290110465,40.0,0.0,4.0,5.0,7.0,4.5,1.0,18.0,7.0
508.88807290110464,50.0,0.0,4.0,5.0,7.0,4.5,1.0,18.0,7.0
509.2880729011046,50.0,0.0,4.0,5.0,7.0,4.5,1.0,18.0,7.0
509.2892729011046,50.0,0.0,4.0,5.0,7.0,4.5,1.0,18.0,7.0
509.6892729011046,50.0,0.0,4.0,5.0,7.0,4.5,1.0,18.0,7.0
509.69047290110456,50.0,0.0,4.0,5.0,7.0,4.5,1.0,18.0,7.0
510.09047290110453,50.0,0.0,4.0,5.0,7.0,4.5,1.0,18.0,7.0
510.0916729011045,50.0,0.0,4.0,5.0,7.0,4.5,1.0,18.0,7.0
510.4916729011045,50.0,0.0,4.0,5.0,7.0,4.5,1.0,18.0,7.0
510.4928729011045,50.0,0.0,4.0,5.0,7.0,4.5,1.0,18.0,7.0
510.89287290110445,50.0,0.0,4.0,5.0,7.0,4.5,1.0,18.0,7.0
510.89407290110444,50.0,0.0,4.0,5.0,7.0,4.5,1.0,18.0,7.0
511.2940729011044,50.0,0.0,4.0,5.0,7.0,4.5,1.0,18.0,7.0
511.2952729011044,50.0,0.0,4.0,5.0,7.0,4.5,1.0,18.0,7.0
511.6952729011044,50.0,0.0,4.0,5.0,7.0,4.5,1.0,18.0,7.0
511.69647290110436,50.0,0.0,4.0,5.0,7.0,4.5,1.0,18.0,7.0
512.0964729011043,50.0,0.0,4.0,5.0,7.0,4.5,1.0,18.0,7.0
512.0976729011044,50.0,0.0,4.0,5.0,7.0,4.5,1.0,18.0,7.0
512.4976729011044,50.0,0.0,4.0,5.0,7.0,4.5,1.0,18.0,7.0
512.4988729011044,50.0,0.0,4.0,5.0,7.0,4.5,1.0,18.0,7.0
512.8988729011044,50.0,0.0,4.0,5.0,7.0,4.5,1.0,18.0,7.0
512.9000729011044,50.0,0.0,4.0,5.0,7.0,4.5,1.0,18.0,7.0
513.3000729011044,50.0,0.0,4.0,5.0,7.0,4.5,1.0,18.0,7.0
513.3012729011044,50.0,0.0,4.0,5.0,7.0,4.5,1.0,18.0,7.0
513.7012729011044,50.0,0.0,4.0,5.0,7.0,4.5,1.0,18.0,7.0
513.7024729011044,50.0,0.0,4.0,5.0,7.0,4.5,1.0,18.0,7.0
514.1024729011044,50.0,0.0,4.0,5.0,7.0,4.5,1.0,18.0,7.0
514.1036729011045,50.0,0.0,4.0,5.0,7.0,4.5,1.0,18.0,7.0
514.5036729011044,50.0,0.0,4.0,5.0,7.0,4.5,1.0,18.0,7.0
514.5048729011045,50.0,0.0,4.0,5.0,7.0,4.5,1.0,18.0,7.0
514.9048729011045,50.0,0.0,4.0,5.0,7.0,4.5,1.0,18.0,7.0
514.9060729011045,50.0,0.0,4.0,5.0,7.0,4.5,1.0,18.0,7.0
515.3060729011045,50.0,0.0,4.0,5.0,7.0,4.5,1.0,18.0,7.0
515.3072729011045,50.0,0.0,4.0,5.0,7.0,4.5,1.0,18.0,7.0
515.7072729011045,50.0,0.0,4.0,5.0,7.0,4.5,1.0,18.0,7.0
515.7084729011045,50.0,0.0,4.0,5.0,7.0,4.5,1.0,18.0,7.0
516.1084729011045,50.0,0.0,4.0,5.0,7.0,4.5,1.0,18.0,7.0
516.1096729011045,50.0,0.0,4.0,5.0,7.0,4.5,1.0,18.0,7.0
516.5096729011045,50.0,0.0,4.0,5.0,7.0,4.5,1.0,18.0,7.0
516.5108729011046,50.0,0.0,4.0,5.0,7.0,4.5,1.0,18.0,7.0
516.9108729011045,50.0,0.0,4.0,5.0,7.0,4.5,1.0,18.0,7.0
516.9120729011046,50.0,0.0,4.0,5.0,7.0,4.5,1.0,18.0,7.0
517.3120729011046,50.0,0.0,4.0,5.0,7.0,4.5,1.0,18.0,7.0
517.3132729011046,50.0,0.0,4.0,5.0,7.0,4.5,1.0,18.0,7.0
517.7132729011046,50.0,0.0,4.0,5.0,7.0,4.5,1.0,18.0,7.0
517.7144729011046,50.0,0.0,4.0,5.0,7.0,4.5,1.0,18.0,7.0
518.1144729011046,50.0,0.0,4.0,5.0,7.0,4.5,1.0,18.0,7.0
518.1156729011046,50.0,0.0,4.0,5.0,7.0,4.5,1.0,18.0,7.0
518.5156729011046,50.0,0.0,4.0,5.0,7.0,4.5,1.0,18.0,7.0
518.5168729011046,50.0,0.0,4.0,5.0,7.0,4.5,1.0,18.0,7.0
518.9168729011046,50.0,0.0,4.0,5.0,7.0,4.5,1.0,18.0,7.0
518.9180729011047,50.0,0.0,4.0,5.0,7.0,4.5,1.0,18.0,7.0
519.3180729011046,50.0,0.0,4.0,5.0,7.0,4.5,1.0,18.0,7.0
519.3192729011047,50.0,0.0,4.0,5.0,7.0,4.5,1.0,18.0,7.0
519.7192729011047,50.0,0.0,4.0,5.0,7.0,4.5,1.0,18.0,7.0
519.7204729011047,50.0,0.0,4.0,5.0,7.0,4.5,1.0,18.0,7.0
520.1204729011047,50.0,0.0,4.0,5.0,7.0,4.5,1.0,18.0,7.0
520.1216729011047,50.0,0.0,4.0,5.0,7.0,4.5,1.0,18.0,7.0
520.5216729011047,50.0,0.0,4.0,5.0,7.0,4.5,1.0,18.0,7.0
520.5228729011047,50.0,0.0,4.0,5.0,7.0,4.5,1.0,18.0,7.0
520.9228729011047,50.0,0.0,4.0,5.0,7.0,4.5,1.0,18.0,7.0
520.9240729011048,50.0,0.0,4.0,5.0,7.0,4.5,1.0,18.0,7.0
521.3240729011047,50.0,0.0,4.0,5.0,7.0,4.5,1.0,18.0,7.0
521.3252729011048,50.0,0.0,4.0,5.0,7.0,4.5,1.0,18.0,7.0
521.7252729011047,50.0,0.0,4.0,5.0,7.0,4.5,1.0,18.0,7.0
521.7264729011048,50.0,0.0,4.0,5.0,7.0,4.5,1.0,18.0,7.0
522.1264729011048,50.0,0.0,4.0,5.0,7.0,4.5,1.0,18.0,7.0
522.1276729011048,50.0,0.0,4.0,5.0,7.0,4.5,1.0,18.0,7.0
522.5276729011048,50.0,0.0,4.0,5.0,7.0,4.5,1.0,18.0,7.0
522.5288729011048,50.0,0.0,4.0,5.0,7.0,4.5,1.0,18.0,7.0
522.9288729011048,50.0,0.0,4.0,5.0,7.0,4.5,1.0,18.0,7.0
522.9300729011048,50.0,0.0,4.0,5.0,7.0,4.5,1.0,18.0,7.0
523.3300729011048,50.0,0.0,4.0,5.0,7.0,4.5,1.0,18.0,7.0
523.3312729011049,50.0,0.0,4.0,5.0,7.0,4.5,1.0,18.0,7.0
523.7312729011048,50.0,0.0,4.0,5.0,7.0,4.5,1.0,18.0,7.0
523.7324729011049,50.0,0.0,4.0,5.0,7.0,4.5,1.0,18.0,7.0
524.1324729011048,50.0,0.0,4.0,5.0,7.0,4.5,1.0,18.0,7.0
524.1336729011049,50.0,0.0,4.0,5.0,7.0,4.5,1.0,18.0,7.0
524.5336729011049,50.0,0.0,4.0,5.0,7.0,4.5,1.0,18.0,7.0
524.5348729011049,50.0,0.0,4.0,5.0,7.0,4.5,1.0,18.0,7.0
524.9348729011049,50.0,0.0,4.0,5.0,7.0,4.5,1.0,18.0,7.0
524.9360729011049,60.0,0.0,4.0,5.0,7.0,4.5,1.0,18.0,7.0
525.3360729011049,60.0,0.0,4.0,5.0,7.0,4.5,1.0,18.0,7.0
525.3370729011049,60.0,0.0,4.0,5.0,7.0,4.5,1.0,18.0,7.0
525.7370729011049,60.0,0.0,4.0,5.0,7.0,4.5,1.0,18.0,7.0
525.7380729011048,60.0,0.0,4.0,5.0,7.0,4.5,1.0,18.0,7.0
526.1380729011048,60.0,0.0,4.0,5.0,7.0,4.5,1.0,18.0,7.0
526.1390729011048,70.0,0.0,4.0,5.0,7.0,4.5,1.0,18.0,7.0
526.5390729011048,70.0,0.0,4.0,5.0,7.0,4.5,1.0,18.0,7.0
526.5399300439619,70.0,0.0,4.0,5.0,7.0,4.5,1.0,18.0,7.0
526.9399300439619,70.0,0.0,4.0,5.0,7.0,4.5,1.0,18.0,7.0
526.9407871868191,70.0,0.0,4.0,5.0,7.0,2.5,1.0,19.0,7.0
527.340787186819,70.0,0.0,4.0,5.0,7.0,2.5,1.0,19.0,7.0
527.3416443296762,70.0,0.0,4.0,5.0,7.0,2.5,1.0,19.0,7.0
527.7416443296762,70.0,0.0,4.0,5.0,7.0,2.5,1.0,19.0,7.0
527.7425014725334,70.0,0.0,4.0,5.0,7.0,2.5,1.0,19.0,7.0
528.1425014725334,70.0,0.0,4.0,5.0,7.0,2.5,1.0,19.0,7.0
528.1433586153905,70.0,0.0,4.0,5.0,7.0,2.5,1.0,19.0,7.0
528.5433586153905,70.0,0.0,4.0,5.0,7.0,2.5,1.0,19.0,7.0
528.5442157582477,70.0,0.0,4.0,5.0,7.0,2.5,1.0,19.0,7.0
528.9442157582477,70.0,0.0,4.0,5.0,7.0,2.5,1.0,19.0,7.0
528.9450729011048,70.0,0.0,4.0,5.0,7.0,2.5,1.0,19.0,7.0
529.3450729011048,70.0,0.0,4.0,5.0,7.0,2.5,1.0,19.0,7.0
529.345930043962,70.0,0.0,4.0,5.0,7.0,2.5,1.0,19.0,7.0
529.745930043962,70.0,0.0,4.0,5.0,7.0,2.5,1.0,19.0,7.0
529.7467871868191,70.0,0.0,4.0,5.0,7.0,2.5,1.0,19.0,7.0
530.1467871868191,70.0,0.0,4.0,5.0,7.0,2.5,1.0,19.0,7.0
530.1476443296763,70.0,0.0,4.0,5.0,7.0,2.5,1.0,19.0,7.0
530.5476443296762,70.0,0.0,4.0,5.0,7.0,2.5,1.0,19.0,7.0
530.5485014725334,70.0,0.0,4.0,5.0,7.0,2.5,1.0,19.0,7.0
530.9485014725334,70.0,0.0,4.0,5.0,7.0,2.5,1.0,19.0,7.0
530.9493586153906,70.0,0.0,4.0,5.0,7.0,2.5,1.0,19.0,7.0
531.3493586153905,70.0,0.0,4.0,5.0,7.0,2.5,1.0,19.0,7.0
531.3502157582477,70.0,0.0,4.0,5.0,7.0,2.5,1.0,19.0,7.0
531.7502157582477,70.0,0.0,4.0,5.0,7.0,2.5,1.0,19.0,7.0
531.7510729011049,70.0,0.0,4.0,5.0,7.0,2.5,1.0,19.0,7.0
532.1510729011048,70.0,0.0,4.0,5.0,7.0,2.5,1.0,19.0,7.0
532.151930043962,70.0,0.0,4.0,5.0,7.0,2.5,1.0,19.0,7.0
532.551930043962,70.0,0.0,4.0,5.0,7.0,2.5,1.0,19.0,7.0
532.5527871868192,70.0,0.0,4.0,5.0,7.0,2.5,1.0,19.0,7.0
532.9527871868191,70.0,0.0,4.0,5.0,7.0,2.5,1.0,19.0,7.0
532.9536443296763,70.0,0.0,4.0,5.0,7.0,2.5,1.0,19.0,7.0
533.3536443296763,70.0,0.0,4.0,5.0,7.0,2.5,1.0,19.0,7.0
533.3545014725335,70.0,0.0,4.0,5.0,7.0,2.5,1.0,19.0,7.0
533.7545014725334,70.0,0.0,4.0,5.0,7.0,2.5,1.0,19.0,7.0
533.7553586153906,70.0,0.0,4.0,5.0,7.0,2.5,1.0,19.0,7.0
534.1553586153906,70.0,0.0,4.0,5.0,7.0,2.5,1.0,19.0,7.0
534.1562157582478,70.0,0.0,4.0,5.0,7.0,7.5,1.0,19.0,7.0
534.5562157582477,70.0,0.0,4.0,5.0,7.0,7.5,1.0,19.0,7.0
534.5570729011049,70.0,0.0,4.0,5.0,7.0,7.5,1.0,19.0,7.0
534.9570729011049,70.0,0.0,4.0,5.0,7.0,7.5,1.0,19.0,7.0
534.957930043962,70.0,0.0,4.0,5.0,7.0,7.5,1.0,19.0,7.0
535.357930043962,70.0,0.0,4.0,5.0,7.0,7.5,1.0,19.0,7.0
535.3587871868192,70.0,0.0,4.0,5.0,7.0,5.5,1.0,20.0,7.0
535.7587871868192,70.0,0.0,4.0,5.0,7.0,5.5,1.0,20.0,7.0
535.7596443296763,70.0,0.0,4.0,5.0,7.0,5.5,1.0,20.0,7.0
536.1596443296763,70.0,0.0,4.0,5.0,7.0,5.5,1.0,20.0,7.0
536.1605014725335,70.0,0.0,4.0,5.0,7.0,5.5,1.0,20.0,7.0
536.5605014725335,70.0,0.0,4.0,5.0,7.0,5.5,1.0,20.0,7.0
536.5613586153906,70.0,0.0,4.0,5.0,7.0,5.5,1.0,20.0,7.0
536.9613586153906,70.0,0.0,4.0,5.0,7.0,5.5,1.0,20.0,7.0
536.9622157582478,70.0,0.0,4.0,5.0,7.0,5.5,1.0,20.0,7.0
537.3622157582478,70.0,0.0,4.0,5.0,7.0,5.5,1.0,20.0,7.0
537.3630729011049,70.0,0.0,4.0,5.0,7.0,5.5,1.0,20.0,7.0
537.7630729011049,70.0,0.0,4.0,5.0,7.0,5.5,1.0,20.0,7.0
537.7639300439621,70.0,0.0,4.0,5.0,7.0,5.5,1.0,20.0,7.0
538.1639300439621,70.0,0.0,4.0,5.0,7.0,5.5,1.0,20.0,7.0
538.1647871868192,70.0,0.0,4.0,5.0,7.0,5.5,1.0,20.0,7.0
538.5647871868192,70.0,0.0,4.0,5.0,7.0,5.5,1.0,20.0,7.0
538.5656443296764,70.0,0.0,4.0,5.0,7.0,5.5,1.0,20.0,7.0
538.9656443296764,70.0,0.0,4.0,5.0,7.0,5.5,1.0,20.0,7.0
538.9665014725335,70.0,0.0,4.0,5.0,7.0,5.5,1.0,20.0,7.0
539.3665014725335,70.0,0.0,4.0,5.0,7.0,5.5,1.0,20.0,7.0
539.3673586153907,70.0,0.0,4.0,5.0,7.0,5.5,1.0,20.0,7.0
539.7673586153907,70.0,0.0,4.0,5.0,7.0,5.5,1.0,20.0,7.0
539.7682157582478,70.0,0.0,4.0,5.0,7.0,5.5,1.0,20.0,7.0
540.1682157582478,70.0,0.0,4.0,5.0,7.0,5.5,1.0,20.0,7.0
540.169072901105,70.0,0.0,4.0,5.0,7.0,5.5,1.0,20.0,7.0
540.569072901105,70.0,0.0,4.0,5.0,7.0,5.5,1.0,20.0,7.0
540.5699300439621,70.0,0.0,4.0,5.0,7.0,5.5,1.0,20.0,7.0
540.9699300439621,70.0,0.0,4.0,5.0,7.0,5.5,1.0,20.0,7.0
540.9707871868193,70.0,0.0,4.0,5.0,7.0,5.5,1.0,20.0,7.0
541.3707871868193,70.0,0.0,4.0,5.0,7.0,5.5,1.0,20.0,7.0
541.3716443296764,60.0,0.0,4.0,5.0,7.0,5.5,1.0,20.0,7.0
541.7716443296764,60.0,0.0,4.0,5.0,7.0,5.5,1.0,20.0,7.0
541.7726443296764,60.0,0.0,4.0,5.0,7.0,5.5,1.0,20.0,7.0
542.1726443296764,60.0,0.0,4.0,5.0,7.0,5.5,1.0,20.0,7.0
542.1736443296763,60.0,0.0,4.0,5.0,7.0,5.5,1.0,20.0,7.0
542.5736443296763,60.0,0.0,4.0,5.0,7.0,5.5,1.0,20.0,7.0
542.5746443296763,60.0,0.0,4.0,5.0,7.0,5.5,1.0,20.0,7.0
542.9746443296763,60.0,0.0,4.0,5.0,7.0,5.5,1.0,20.0,7.0
542.9756443296762,60.0,0.0,4.0,5.0,7.0,5.5,1.0,20.0,7.0
543.3756443296762,60.0,0.0,4.0,5.0,7.0,5.5,1.0,20.0,7.0
543.3766443296762,60.0,0.0,4.0,5.0,7.0,5.5,1.0,20.0,7.0
543.7766443296762,60.0,0.0,4.0,5.0,7.0,5.5,1.0,20.0,7.0
543.7776443296761,60.0,0.0,4.0,5.0,7.0,5.5,1.0,20.0,7.0
544.1776443296761,60.0,0.0,4.0,5.0,7.0,5.5,1.0,20.0,7.0
544.1786443296761,60.0,0.0,4.0,5.0,7.0,5.5,1.0,20.0,7.0
544.5786443296761,60.0,0.0,4.0,5.0,7.0,5.5,1.0,20.0,7.0
544.5796443296761,60.0,0.0,4.0,5.0,7.0,5.5,1.0,20.0,7.0
544.979644329676,60.0,0.0,4.0,5.0,7.0,5.5,1.0,20.0,7.0
544.980644329676,60.0,0.0,4.0,5.0,7.0,5.5,1.0,20.0,7.0
545.380644329676,60.0,0.0,4.0,5.0,7.0,5.5,1.0,20.0,7.0
545.381644329676,60.0,0.0,4.0,5.0,7.0,5.5,1.0,20.0,7.0
545.7816443296759,60.0,0.0,4.0,5.0,7.0,5.5,1.0,20.0,7.0
545.7826443296759,60.0,0.0,4.0,5.0,7.0,5.5,1.0,20.0,7.0
546.1826443296759,60.0,0.0,4.0,5.0,7.0,5.5,1.0,20.0,7.0
546.1836443296759,60.0,0.0,4.0,5.0,7.0,5.5,1.0,20.0,7.0
546.5836443296758,60.0,0.0,4.0,5.0,7.0,5.5,1.0,20.0,7.0
546.5846443296758,60.0,0.0,4.0,5.0,7.0,5.5,1.0,20.0,7.0
546.9846443296758,60.0,0.0,4.0,5.0,7.0,5.5,1.0,20.0,7.0
546.9856443296758,50.0,0.0,4.0,5.0,7.0,5.5,1.0,20.0,7.0
547.3856443296758,50.0,0.0,4.0,5.0,7.0,5.5,1.0,20.0,7.0
547.3868443296758,40.0,0.0,4.0,5.0,7.0,5.5,1.0,20.0,7.0
547.7868443296758,40.0,0.0,4.0,5.0,7.0,5.5,1.0,20.0,7.0
547.7880443296758,40.0,0.0,4.0,5.0,7.0,5.5,1.0,20.0,7.0
548.1880443296758,40.0,0.0,4.0,5.0,7.0,5.5,1.0,20.0,7.0
548.1892443296758,40.0,0.0,4.0,5.0,7.0,5.5,1.0,20.0,7.0
548.5892443296758,40.0,0.0,4.0,5.0,7.0,5.5,1.0,20.0,7.0
548.5904443296758,40.0,0.0,4.0,5.0,7.0,5.5,1.0,20.0,7.0
548.9904443296758,40.0,0.0,4.0,5.0,7.0,5.5,1.0,20.0,7.0
548.9916443296759,40.0,0.0,4.0,5.0,7.0,5.5,1.0,20.0,7.0
549.3916443296758,40.0,0.0,4.0,5.0,7.0,5.5,1.0,20.0,7.0
549.3928443296759,40.0,0.0,4.0,5.0,7.0,5.5,1.0,20.0,7.0
549.7928443296759,40.0,0.0,4.0,5.0,7.0,5.5,1.0,20.0,7.0
549.7940443296759,40.0,0.0,4.0,5.0,7.0,5.5,1.0,20.0,7.0
550.1940443296759,40.0,0.0,4.0,5.0,7.0,5.5,1.0,20.0,7.0
550.1952443296759,40.0,0.0,4.0,5.0,7.0,5.5,1.0,20.0,7.0
550.5952443296759,40.0,0.0,4.0,5.0,7.0,5.5,1.0,20.0,7.0
550.5964443296759,40.0,0.0,4.0,5.0,7.0,5.5,1.0,20.0,7.0
550.9964443296759,40.0,0.0,4.0,5.0,7.0,5.5,1.0,20.0,7.0
550.997644329676,40.0,0.0,4.0,5.0,7.0,5.5,1.0,20.0,7.0
551.3976443296759,40.0,0.0,4.0,5.0,7.0,5.5,1.0,20.0,7.0
551.398844329676,30.0,0.0,4.0,5.0,7.0,5.5,1.0,20.0,7.0
551.798844329676,30.0,0.0,4.0,5.0,7.0,5.5,1.0,20.0,7.0
551.800044329676,30.0,0.0,4.0,5.0,7.0,5.5,1.0,20.0,7.0
552.200044329676,30.0,0.0,4.0,5.0,7.0,5.5,1.0,20.0,7.0
552.201244329676,30.0,0.0,4.0,5.0,7.0,5.5,1.0,20.0,7.0
552.601244329676,30.0,0.0,4.0,5.0,7.0,5.5,1.0,20.0,7.0
552.602444329676,30.0,0.0,4.0,5.0,7.0,5.5,1.0,20.0,7.0
553.002444329676,30.0,0.0,4.0,5.0,7.0,5.5,1.0,20.0,7.0
553.003644329676,30.0,0.0,4.0,5.0,7.0,5.5,1.0,20.0,7.0
553.403644329676,30.0,0.0,4.0,5.0,7.0,5.5,1.0,20.0,7.0
553.404844329676,30.0,0.0,4.0,5.0,7.0,5.5,1.0,20.0,7.0
553.804844329676,30.0,0.0,4.0,5.0,7.0,5.5,1.0,20.0,7.0
553.8060443296761,30.0,0.0,4.0,5.0,7.0,5.5,1.0,20.0,7.0
554.206044329676,30.0,0.0,4.0,5.0,7.0,5.5,1.0,20.0,7.0
554.2072443296761,30.0,0.0,4.0,5.0,7.0,5.5,1.0,20.0,7.0
554.6072443296761,30.0,0.0,4.0,5.0,7.0,5.5,1.0,20.0,7.0
554.6084443296761,30.0,0.0,4.0,5.0,7.0,5.5,1.0,20.0,7.0
555.0084443296761,30.0,0.0,4.0,5.0,7.0,5.5,1.0,20.0,7.0
555.0096443296761,30.0,0.0,4.0,5.0,7.0,5.5,1.0,20.0,7.0
555.4096443296761,30.0,0.0,4.0,5.0,7.0,5.5,1.0,20.0,7.0
555.4108443296761,30.0,0.0,4.0,5.0,7.0,5.5,1.0,20.0,7.0
555.8108443296761,30.0,0.0,4.0,5.0,7.0,5.5,1.0,20.0,7.0
555.8120443296762,30.0,0.0,4.0,5.0,7.0,5.5,1.0,20.0,7.0
556.2120443296761,30.0,0.0,4.0,5.0,7.0,5.5,1.0,20.0,7.0
556.2132443296762,30.0,0.0,4.0,5.0,7.0,5.5,1.0,20.0,7.0
556.6132443296761,30.0,0.0,4.0,5.0,7.0,5.5,1.0,20.0,7.0
556.6144443296762,20.0,0.0,4.0,5.0,7.0,5.5,1.0,20.0,7.0
557.0144443296762,20.0,0.0,4.0,5.0,7.0,5.5,1.0,20.0,7.0
557.0156443296762,20.0,0.0,4.0,5.0,7.0,5.5,1.0,20.0,7.0
557.4156443296762,20.0,0.0,4.0,5.0,7.0,5.5,1.0,20.0,7.0
557.4168443296762,20.0,0.0,4.0,5.0,7.0,5.5,1.0,20.0,7.0
557.8168443296762,20.0,0.0,4.0,5.0,7.0,5.5,1.0,20.0,7.0
557.8180443296762,30.0,0.0,4.0,5.0,7.0,5.5,1.0,20.0,7.0
558.2180443296762,30.0,0.0,4.0,5.0,7.0,5.5,1.0,20.0,7.0
558.2192443296763,30.0,0.0,4.0,5.0,7.0,5.5,1.0,20.0,7.0
558.6192443296762,30.0,0.0,4.0,5.0,7.0,5.5,1.0,20.0,7.0
558.6204443296763,30.0,0.0,4.0,5.0,7.0,5.5,1.0,20.0,7.0
559.0204443296763,30.0,0.0,4.0,5.0,7.0,5.5,1.0,20.0,7.0
559.0216443296763,30.0,0.0,4.0,5.0,7.0,5.5,1.0,20.0,7.0
559.4216443296763,30.0,0.0,4.0,5.0,7.0,5.5,1.0,20.0,7.0
559.4228443296763,30.0,0.0,4.0,5.0,7.0,3.5,1.0,21.0,7.0
559.8228443296763,30.0,0.0,4.0,5.0,7.0,3.5,1.0,21.0,7.0
559.8240443296763,30.0,0.0,4.0,5.0,7.0,3.5,1.0,21.0,7.0
560.2240443296763,30.0,0.0,4.0,5.0,7.0,3.5,1.0,21.0,7.0
560.2252443296763,30.0,0.0,4.0,5.0,7.0,3.5,1.0,21.0,7.0
560.6252443296763,30.0,0.0,4.0,5.0,7.0,3.5,1.0,21.0,7.0
560.6264443296764,30.0,0.0,4.0,5.0,7.0,3.5,1.0,21.0,7.0
561.0264443296763,30.0,0.0,4.0,5.0,7.0,3.5,1.0,21.0,7.0
561.0276443296764,30.0,0.0,4.0,5.0,7.0,3.5,1.0,21.0,7.0
561.4276443296764,30.0,0.0,4.0,5.0,7.0,3.5,1.0,21.0,7.0
561.4288443296764,40.0,0.0,4.0,5.0,7.0,3.5,1.0,21.0,7.0
561.8288443296764,40.0,0.0,4.0,5.0,7.0,3.5,1.0,21.0,7.0
561.8300443296764,40.0,0.0,4.0,5.0,7.0,3.5,1.0,21.0,7.0
562.2300443296764,40.0,0.0,4.0,5.0,7.0,3.5,1.0,21.0,7.0
562.2312443296764,40.0,0.0,4.0,5.0,7.0,3.5,1.0,21.0,7.0
562.6312443296764,40.0,0.0,4.0,5.0,7.0,3.5,1.0,21.0,7.0
562.6324443296764,40.0,0.0,4.0,5.0,7.0,3.5,1.0,21.0,7.0
563.0324443296764,40.0,0.0,4.0,5.0,7.0,3.5,1.0,21.0,7.0
563.0336443296765,40.0,0.0,4.0,5.0,7.0,3.5,1.0,21.0,7.0
563.4336443296764,40.0,0.0,4.0,5.0,7.0,3.5,1.0,21.0,7.0
563.4348443296765,40.0,0.0,4.0,5.0,7.0,3.5,1.0,21.0,7.0
563.8348443296765,40.0,0.0,4.0,5.0,7.0,3.5,1.0,21.0,7.0
563.8360443296765,40.0,0.0,4.0,5.0,7.0,3.5,1.0,21.0,7.0
564.2360443296765,40.0,0.0,4.0,5.0,7.0,3.5,1.0,21.0,7.0
564.2372443296765,40.0,0.0,4.0,5.0,7.0,3.5,1.0,21.0,7.0
564.6372443296765,40.0,0.0,4.0,5.0,7.0,3.5,1.0,21.0,7.0
564.6384443296765,40.0,0.0,4.0,5.0,7.0,3.5,1.0,21.0,7.0
565.0384443296765,40.0,0.0,4.0,5.0,7.0,3.5,1.0,21.0,7.0
565.0396443296765,40.0,0.0,4.0,5.0,7.0,3.5,1.0,21.0,7.0
565.4396443296765,40.0,0.0,4.0,5.0,7.0,3.5,1.0,21.0,7.0
565.4408443296766,40.0,0.0,4.0,5.0,7.0,3.5,1.0,21.0,7.0
565.8408443296765,40.0,0.0,4.0,5.0,7.0,3.5,1.0,21.0,7.0
565.8420443296766,40.0,0.0,4.0,5.0,7.0,3.5,1.0,21.0,7.0
566.2420443296766,40.0,0.0,4.0,5.0,7.0,3.5,1.0,21.0,7.0
566.2432443296766,40.0,0.0,4.0,5.0,7.0,3.5,1.0,21.0,7.0
566.6432443296766,40.0,0.0,4.0,5.0,7.0,3.5,1.0,21.0,7.0
566.6444443296766,40.0,0.0,4.0,5.0,7.0,3.5,1.0,21.0,7.0
567.0444443296766,40.0,0.0,4.0,5.0,7.0,3.5,1.0,21.0,7.0
567.0456443296766,40.0,0.0,4.0,5.0,7.0,3.5,1.0,21.0,7.0
567.4456443296766,40.0,0.0,4.0,5.0,7.0,3.5,1.0,21.0,7.0
567.4468443296767,40.0,0.0,4.0,5.0,7.0,3.5,1.0,21.0,7.0
567.8468443296766,40.0,0.0,4.0,5.0,7.0,3.5,1.0,21.0,7.0
567.8480443296767,40.0,0.0,4.0,5.0,7.0,3.5,1.0,21.0,7.0
568.2480443296766,40.0,0.0,4.0,5.0,7.0,3.5,1.0,21.0,7.0
568.2492443296767,40.0,0.0,4.0,5.0,7.0,3.5,1.0,21.0,7.0
568.6492443296767,40.0,0.0,4.0,5.0,7.0,3.5,1.0,21.0,7.0
568.6504443296767,40.0,0.0,4.0,5.0,7.0,3.5,1.0,21.0,7.0
569.0504443296767,40.0,0.0,4.0,5.0,7.0,3.5,1.0,21.0,7.0
569.0516443296767,40.0,0.0,4.0,5.0,7.0,3.5,1.0,21.0,7.0
569.4516443296767,40.0,0.0,4.0,5.0,7.0,3.5,1.0,21.0,7.0
569.4528443296767,40.0,0.0,4.0,5.0,7.0,3.5,1.0,21.0,7.0
569.8528443296767,40.0,0.0,4.0,5.0,7.0,3.5,1.0,21.0,7.0
569.8540443296768,40.0,0.0,4.0,5.0,7.0,3.5,1.0,21.0,7.0
570.2540443296767,40.0,0.0,4.0,5.0,7.0,3.5,1.0,21.0,7.0
570.2552443296768,40.0,0.0,4.0,5.0,7.0,3.5,1.0,21.0,7.0
570.6552443296767,40.0,0.0,4.0,5.0,7.0,3.5,1.0,21.0,7.0
570.6564443296768,40.0,0.0,4.0,5.0,7.0,3.5,1.0,21.0,7.0
571.0564443296768,40.0,0.0,4.0,5.0,7.0,3.5,1.0,21.0,7.0
571.0576443296768,40.0,0.0,4.0,5.0,7.0,3.5,1.0,21.0,7.0
571.4576443296768,40.0,0.0,4.0,5.0,7.0,3.5,1.0,21.0,7.0
571.4588443296768,40.0,0.0,4.0,5.0,7.0,3.5,1.0,21.0,7.0
571.8588443296768,40.0,0.0,4.0,5.0,7.0,3.5,1.0,21.0,7.0
571.8600443296768,40.0,0.0,4.0,5.0,7.0,3.5,1.0,21.0,7.0
572.2600443296768,40.0,0.0,4.0,5.0,7.0,3.5,1.0,21.0,7.0
572.2612443296769,40.0,0.0,4.0,5.0,7.0,3.5,1.0,21.0,7.0
572.6612443296768,40.0,0.0,4.0,5.0,7.0,3.5,1.0,21.0,7.0
572.6624443296769,40.0,0.0,4.0,5.0,7.0,3.5,1.0,21.0,7.0
573.0624443296769,40.0,0.0,4.0,5.0,7.0,3.5,1.0,21.0,7.0
573.0636443296769,40.0,0.0,4.0,5.0,7.0,3.5,1.0,21.0,7.0
573.4636443296769,40.0,0.0,4.0,5.0,7.0,3.5,1.0,21.0,7.0
573.4648443296769,40.0,0.0,4.0,5.0,7.0,3.5,1.0,21.0,7.0
573.8648443296769,40.0,0.0,4.0,5.0,7.0,3.5,1.0,21.0,7.0
573.8660443296769,40.0,0.0,4.0,5.0,7.0,3.5,1.0,21.0,7.0
574.2660443296769,40.0,0.0,4.0,5.0,7.0,3.5,1.0,21.0,7.0
574.2672443296769,40.0,0.0,4.0,5.0,7.0,3.5,1.0,21.0,7.0
574.6672443296769,40.0,0.0,4.0,5.0,7.0,3.5,1.0,21.0,7.0
574.668444329677,40.0,0.0,4.0,5.0,7.0,3.5,1.0,21.0,7.0
575.0684443296769,40.0,0.0,4.0,5.0,7.0,3.5,1.0,21.0,7.0
575.069644329677,40.0,0.0,4.0,5.0,7.0,3.5,1.0,21.0,7.0
575.469644329677,40.0,0.0,4.0,5.0,7.0,3.5,1.0,21.0,7.0
575.470844329677,40.0,0.0,4.0,5.0,7.0,3.5,1.0,21.0,7.0
575.870844329677,40.0,0.0,4.0,5.0,7.0,3.5,1.0,21.0,7.0
575.872044329677,40.0,0.0,4.0,5.0,7.0,3.5,1.0,21.0,7.0
576.272044329677,40.0,0.0,4.0,5.0,7.0,3.5,1.0,21.0,7.0
576.273244329677,40.0,0.0,4.0,5.0,7.0,3.5,1.0,21.0,7.0
576.673244329677,40.0,0.0,4.0,5.0,7.0,3.5,1.0,21.0,7.0
576.674444329677,40.0,0.0,4.0,5.0,7.0,3.5,1.0,21.0,7.0
577.074444329677,40.0,0.0,4.0,5.0,7.0,3.5,1.0,21.0,7.0
577.0756443296771,40.0,0.0,4.0,5.0,7.0,3.5,1.0,21.0,7.0
577.475644329677,40.0,0.0,4.0,5.0,7.0,3.5,1.0,21.0,7.0
577.4768443296771,40.0,0.0,4.0,5.0,7.0,3.5,1.0,21.0,7.0
577.876844329677,40.0,0.0,4.0,5.0,7.0,3.5,1.0,21.0,7.0
577.8780443296771,40.0,0.0,4.0,5.0,7.0,3.5,1.0,21.0,7.0
578.2780443296771,40.0,0.0,4.0,5.0,7.0,3.5,1.0,21.0,7.0
578.2792443296771,40.0,0.0,5.0,5.0,7.0,3.5,1.0,21.0,7.0
578.6792443296771,40.0,0.0,5.0,5.0,7.0,3.5,1.0,21.0,7.0
578.6804443296771,50.0,0.0,5.0,5.0,7.0,3.5,1.0,21.0,7.0
579.0804443296771,50.0,0.0,5.0,5.0,7.0,3.5,1.0,21.0,7.0
579.0816443296771,50.0,0.0,5.0,5.0,7.0,3.5,1.0,21.0,7.0
579.4816443296771,50.0,0.0,5.0,5.0,7.0,3.5,1.0,21.0,7.0
579.4828443296772,50.0,0.0,5.0,5.0,7.0,3.5,1.0,21.0,7.0
579.8828443296771,50.0,0.0,5.0,5.0,7.0,3.5,1.0,21.0,7.0
579.8840443296772,50.0,0.0,5.0,5.0,7.0,3.5,1.0,21.0,7.0
580.2840443296772,50.0,0.0,5.0,5.0,7.0,3.5,1.0,21.0,7.0
580.2852443296772,40.0,0.0,5.0,5.0,7.0,3.5,1.0,21.0,7.0
580.6852443296772,40.0,0.0,5.0,5.0,7.0,3.5,1.0,21.0,7.0
580.6864443296772,40.0,0.0,5.0,5.0,7.0,3.5,1.0,21.0,7.0
581.0864443296772,40.0,0.0,5.0,5.0,7.0,3.5,1.0,21.0,7.0
581.0876443296772,40.0,0.0,5.0,5.0,7.0,3.5,1.0,21.0,7.0
581.4876443296772,40.0,0.0,5.0,5.0,7.0,3.5,1.0,21.0,7.0
581.4888443296772,40.0,0.0,5.0,5.0,7.0,3.5,1.0,21.0,7.0
581.8888443296772,40.0,0.0,5.0,5.0,7.0,3.5,1.0,21.0,7.0
581.8900443296773,40.0,0.0,5.0,5.0,7.0,3.5,1.0,21.0,7.0
582.2900443296772,40.0,0.0,5.0,5.0,7.0,3.5,1.0,21.0,7.0
582.2912443296773,40.0,0.0,5.0,5.0,7.0,3.5,1.0,21.0,7.0
582.6912443296773,40.0,0.0,5.0,5.0,7.0,3.5,1.0,21.0,7.0
582.6924443296773,40.0,0.0,5.0,5.0,7.0,3.5,1.0,21.0,7.0
583.0924443296773,40.0,0.0,5.0,5.0,7.0,3.5,1.0,21.0,7.0
583.0936443296773,40.0,0.0,5.0,5.0,7.0,3.5,1.0,21.0,7.0
583.4936443296773,40.0,0.0,5.0,5.0,7.0,3.5,1.0,21.0,7.0
583.4948443296773,40.0,0.0,5.0,5.0,7.0,3.5,1.0,21.0,7.0
583.8948443296773,40.0,0.0,5.0,5.0,7.0,3.5,1.0,21.0,7.0
583.8960443296774,40.0,0.0,5.0,5.0,7.0,3.5,1.0,21.0,7.0
584.2960443296773,40.0,0.0,5.0,5.0,7.0,3.5,1.0,21.0,7.0
584.2972443296774,40.0,0.0,5.0,5.0,8.0,3.5,1.0,21.0,7.0
584.6972443296773,40.0,0.0,5.0,5.0,8.0,3.5,1.0,21.0,7.0
584.6984443296774,40.0,0.0,5.0,5.0,8.0,3.5,1.0,21.0,7.0
585.0984443296774,40.0,0.0,5.0,5.0,8.0,3.5,1.0,21.0,7.0
585.0996443296774,40.0,0.0,5.0,5.0,8.0,3.5,1.0,21.0,7.0
585.4996443296774,40.0,0.0,5.0,5.0,8.0,3.5,1.0,21.0,7.0
585.5008443296774,40.0,0.0,5.0,5.0,8.0,3.5,1.0,21.0,7.0
585.9008443296774,40.0,0.0,5.0,5.0,8.0,3.5,1.0,21.0,7.0
585.9020443296774,40.0,0.0,5.0,5.0,8.0,1.5,1.0,22.0,7.0
586.3020443296774,40.0,0.0,5.0,5.0,8.0,1.5,1.0,22.0,7.0
586.3032443296775,40.0,0.0,5.0,5.0,8.0,1.5,1.0,22.0,7.0
586.7032443296774,40.0,0.0,5.0,5.0,8.0,1.5,1.0,22.0,7.0
586.7044443296775,40.0,0.0,5.0,5.0,8.0,1.5,1.0,22.0,7.0
587.1044443296774,40.0,0.0,5.0,5.0,8.0,1.5,1.0,22.0,7.0
587.1056443296775,40.0,0.0,5.0,5.0,8.0,1.5,1.0,22.0,7.0
587.5056443296775,40.0,0.0,5.0,5.0,8.0,1.5,1.0,22.0,7.0
587.5068443296775,40.0,0.0,5.0,5.0,8.0,1.5,1.0,22.0,7.0
587.9068443296775,40.0,0.0,5.0,5.0,8.0,1.5,1.0,22.0,7.0
587.9080443296775,40.0,0.0,5.0,5.0,8.0,1.5,1.0,22.0,7.0
588.3080443296775,40.0,0.0,5.0,5.0,8.0,1.5,1.0,22.0,7.0
588.3092443296775,40.0,0.0,5.0,5.0,8.0,1.5,1.0,22.0,7.0
588.7092443296775,40.0,0.0,5.0,5.0,8.0,1.5,1.0,22.0,7.0
588.7104443296776,40.0,0.0,5.0,5.0,8.0,1.5,1.0,22.0,7.0
589.1104443296775,40.0,0.0,5.0,5.0,8.0,1.5,1.0,22.0,7.0
589.1116443296776,40.0,0.0,5.0,5.0,8.0,1.5,1.0,22.0,7.0
589.5116443296776,40.0,0.0,5.0,5.0,8.0,1.5,1.0,22.0,7.0
589.5128443296776,40.0,0.0,5.0,5.0,8.0,1.5,1.0,22.0,7.0
589.9128443296776,40.0,0.0,5.0,5.0,8.0,1.5,1.0,22.0,7.0
589.9140443296776,40.0,0.0,5.0,5.0,8.0,1.5,1.0,22.0,7.0
590.3140443296776,40.0,0.0,5.0,5.0,8.0,1.5,1.0,22.0,7.0
590.3152443296776,40.0,0.0,5.0,5.0,8.0,1.5,1.0,22.0,7.0
590.7152443296776,40.0,0.0,5.0,5.0,8.0,1.5,1.0,22.0,7.0
590.7164443296776,40.0,0.0,5.0,5.0,8.0,1.5,1.0,22.0,7.0
591.1164443296776,40.0,0.0,5.0,5.0,8.0,1.5,1.0,22.0,7.0
591.1176443296777,40.0,0.0,5.0,5.0,8.0,1.5,1.0,22.0,7.0
591.5176443296776,40.0,0.0,5.0,5.0,8.0,1.5,1.0,22.0,7.0
591.5188443296777,40.0,0.0,5.0,5.0,8.0,1.5,1.0,22.0,7.0
591.9188443296777,40.0,0.0,5.0,5.0,8.0,1.5,1.0,22.0,7.0
591.9200443296777,40.0,0.0,5.0,5.0,8.0,1.5,1.0,22.0,7.0
592.3200443296777,40.0,0.0,5.0,5.0,8.0,1.5,1.0,22.0,7.0
592.3212443296777,40.0,0.0,5.0,5.0,8.0,1.5,1.0,22.0,7.0
592.7212443296777,40.0,0.0,5.0,5.0,8.0,1.5,1.0,22.0,7.0
592.7224443296777,40.0,0.0,5.0,5.0,8.0,1.5,1.0,22.0,7.0
593.1224443296777,40.0,0.0,5.0,5.0,8.0,1.5,1.0,22.0,7.0
593.1236443296777,40.0,0.0,5.0,5.0,8.0,1.5,1.0,22.0,7.0
593.5236443296777,40.0,0.0,5.0,5.0,8.0,1.5,1.0,22.0,7.0
593.5248443296778,40.0,0.0,5.0,5.0,8.0,1.5,1.0,22.0,7.0
593.9248443296777,40.0,0.0,5.0,5.0,8.0,1.5,1.0,22.0,7.0
593.9260443296778,30.0,0.0,5.0,5.0,8.0,1.5,1.0,22.0,7.0
594.3260443296778,30.0,0.0,5.0,5.0,8.0,1.5,1.0,22.0,7.0
594.3272443296778,30.0,0.0,5.0,5.0,8.0,1.5,1.0,22.0,7.0
594.7272443296778,30.0,0.0,5.0,5.0,8.0,1.5,1.0,22.0,7.0
594.7284443296778,30.0,0.0,5.0,5.0,8.0,1.5,1.0,22.0,7.0
595.1284443296778,30.0,0.0,5.0,5.0,8.0,1.5,1.0,22.0,7.0
595.1296443296778,30.0,0.0,5.0,5.0,8.0,1.5,1.0,22.0,7.0
595.5296443296778,30.0,0.0,5.0,5.0,8.0,1.5,1.0,22.0,7.0
595.5308443296778,30.0,0.0,5.0,5.0,8.0,6.5,1.0,22.0,7.0
595.9308443296778,30.0,0.0,5.0,5.0,8.0,6.5,1.0,22.0,7.0
595.9320443296779,40.0,0.0,5.0,5.0,8.0,6.5,1.0,22.0,7.0
596.3320443296778,40.0,0.0,5.0,5.0,8.0,6.5,1.0,22.0,7.0
596.3332443296779,40.0,0.0,5.0,5.0,8.0,6.5,1.0,22.0,7.0
596.7332443296779,40.0,0.0,5.0,5.0,8.0,6.5,1.0,22.0,7.0
596.7344443296779,40.0,0.0,5.0,5.0,8.0,6.5,1.0,22.0,7.0
597.1344443296779,40.0,0.0,5.0,5.0,8.0,6.5,1.0,22.0,7.0
597.1356443296779,40.0,0.0,5.0,5.0,8.0,6.5,1.0,22.0,7.0
597.5356443296779,40.0,0.0,5.0,5.0,8.0,6.5,1.0,22.0,7.0
597.5368443296779,40.0,0.0,5.0,5.0,8.0,6.5,1.0,22.0,7.0
597.9368443296779,40.0,0.0,5.0,5.0,8.0,6.5,1.0,22.0,7.0
597.938044329678,40.0,0.0,5.0,5.0,8.0,6.5,1.0,22.0,7.0
598.3380443296779,40.0,0.0,5.0,5.0,8.0,6.5,1.0,22.0,7.0
598.339244329678,40.0,0.0,5.0,5.0,8.0,6.5,1.0,22.0,7.0
598.739244329678,40.0,0.0,5.0,5.0,8.0,6.5,1.0,22.0,7.0
598.740444329678,40.0,0.0,5.0,5.0,8.0,6.5,1.0,22.0,7.0
599.140444329678,40.0,0.0,5.0,5.0,8.0,6.5,1.0,22.0,7.0
599.141644329678,40.0,0.0,5.0,5.0,8.0,6.5,1.0,22.0,7.0
599.541644329678,40.0,0.0,5.0,5.0,8.0,6.5,1.0,22.0,7.0
599.542844329678,40.0,0.0,5.0,5.0,8.0,6.5,1.0,22.0,7.0
599.942844329678,40.0,0.0,5.0,5.0,8.0,6.5,1.0,22.0,7.0
599.944044329678,40.0,0.0,5.0,5.0,8.0,6.5,1.0,22.0,7.0
600.344044329678,40.0,0.0,5.0,5.0,8.0,6.5,1.0,22.0,7.0
600.345244329678,40.0,0.0,5.0,5.0,8.0,6.5,1.0,22.0,7.0
600.745244329678,40.0,0.0,5.0,5.0,8.0,6.5,1.0,22.0,7.0
600.7464443296781,40.0,0.0,5.0,5.0,8.0,6.5,1.0,22.0,7.0
601.146444329678,40.0,0.0,5.0,5.0,8.0,6.5,1.0,22.0,7.0
601.1476443296781,40.0,0.0,5.0,5.0,8.0,6.5,1.0,22.0,7.0
601.5476443296781,40.0,0.0,5.0,5.0,8.0,6.5,1.0,22.0,7.0
601.5488443296781,40.0,0.0,5.0,5.0,8.0,6.5,1.0,22.0,7.0
601.9488443296781,40.0,0.0,5.0,5.0,8.0,6.5,1.0,22.0,7.0
601.9500443296781,40.0,0.0,5.0,5.0,8.0,6.5,1.0,22.0,7.0
602.3500443296781,40.0,0.0,5.0,5.0,8.0,6.5,1.0,22.0,7.0
602.3512443296781,40.0,0.0,5.0,5.0,8.0,6.5,1.0,22.0,7.0
602.7512443296781,40.0,0.0,5.0,5.0,8.0,6.5,1.0,22.0,7.0
602.7524443296782,40.0,0.0,5.0,5.0,8.0,6.5,1.0,22.0,7.0
603.1524443296781,40.0,0.0,5.0,5.0,8.0,6.5,1.0,22.0,7.0
603.1536443296782,40.0,0.0,5.0,5.0,8.0,6.5,1.0,22.0,7.0
603.5536443296781,40.0,0.0,5.0,5.0,8.0,6.5,1.0,22.0,7.0
603.5548443296782,40.0,0.0,5.0,5.0,8.0,6.5,1.0,22.0,7.0
603.9548443296782,40.0,0.0,5.0,5.0,8.0,6.5,1.0,22.0,7.0
603.9560443296782,40.0,0.0,5.0,5.0,8.0,6.5,1.0,22.0,7.0
604.3560443296782,40.0,0.0,5.0,5.0,8.0,6.5,1.0,22.0,7.0
604.3572443296782,40.0,0.0,5.0,5.0,8.0,6.5,1.0,22.0,7.0
604.7572443296782,40.0,0.0,5.0,5.0,8.0,6.5,1.0,22.0,7.0
604.7584443296782,40.0,0.0,5.0,5.0,8.0,6.5,1.0,22.0,7.0
605.1584443296782,40.0,0.0,5.0,5.0,8.0,6.5,1.0,22.0,7.0
605.1596443296783,40.0,0.0,5.0,5.0,8.0,6.5,1.0,22.0,7.0
605.5596443296782,40.0,0.0,5.0,5.0,8.0,6.5,1.0,22.0,7.0
605.5608443296783,40.0,0.0,5.0,5.0,8.0,6.5,1.0,22.0,7.0
605.9608443296783,40.0,0.0,5.0,5.0,8.0,6.5,1.0,22.0,7.0
605.9620443296783,40.0,0.0,5.0,5.0,8.0,6.5,1.0,22.0,7.0
606.3620443296783,40.0,0.0,5.0,5.0,8.0,6.5,1.0,22.0,7.0
606.3632443296783,40.0,0.0,5.0,5.0,8.0,6.5,1.0,22.0,7.0
606.7632443296783,40.0,0.0,5.0,5.0,8.0,6.5,1.0,22.0,7.0
606.7644443296783,40.0,0.0,5.0,5.0,8.0,6.5,1.0,22.0,7.0
607.1644443296783,40.0,0.0,5.0,5.0,8.0,6.5,1.0,22.0,7.0
607.1656443296783,40.0,0.0,5.0,5.0,8.0,6.5,1.0,22.0,7.0
607.5656443296783,40.0,0.0,5.0,5.0,8.0,6.5,1.0,22.0,7.0
607.5668443296784,40.0,0.0,5.0,5.0,8.0,6.5,1.0,22.0,7.0
607.9668443296783,40.0,0.0,5.0,5.0,8.0,6.5,1.0,22.0,7.0
607.9680443296784,40.0,0.0,5.0,5.0,8.0,6.5,1.0,22.0,7.0
608.3680443296784,40.0,0.0,5.0,5.0,8.0,6.5,1.0,22.0,7.0
608.3692443296784,40.0,0.0,5.0,5.0,8.0,6.5,1.0,22.0,7.0
608.7692443296784,40.0,0.0,5.0,5.0,8.0,6.5,1.0,22.0,7.0
608.7704443296784,40.0,0.0,5.0,5.0,8.0,6.5,1.0,22.0,7.0
609.1704443296784,40.0,0.0,5.0,5.0,8.0,6.5,1.0,22.0,7.0
609.1716443296784,40.0,0.0,5.0,5.0,8.0,6.5,1.0,22.0,7.0
609.5716443296784,40.0,0.0,5.0,5.0,8.0,6.5,1.0,22.0,7.0
609.5728443296784,40.0,0.0,5.0,5.0,8.0,6.5,1.0,22.0,7.0
609.9728443296784,40.0,0.0,5.0,5.0,8.0,6.5,1.0,22.0,7.0
609.9740443296785,40.0,0.0,5.0,5.0,8.0,6.5,1.0,22.0,7.0
610.3740443296784,40.0,0.0,5.0,5.0,8.0,6.5,1.0,22.0,7.0
610.3752443296785,40.0,0.0,5.0,5.0,8.0,6.5,1.0,22.0,7.0
610.7752443296785,40.0,0.0,5.0,5.0,8.0,6.5,1.0,22.0,7.0
610.7764443296785,40.0,0.0,5.0,5.0,8.0,6.5,1.0,22.0,7.0
611.1764443296785,40.0,0.0,5.0,5.0,8.0,6.5,1.0,22.0,7.0
611.1776443296785,40.0,0.0,5.0,5.0,8.0,6.5,1.0,22.0,7.0
611.5776443296785,40.0,0.0,5.0,5.0,8.0,6.5,1.0,22.0,7.0
611.5788443296785,40.0,0.0,5.0,5.0,8.0,6.5,1.0,22.0,7.0
611.9788443296785,40.0,0.0,5.0,5.0,8.0,6.5,1.0,22.0,7.0
611.9800443296785,40.0,0.0,5.0,5.0,8.0,6.5,1.0,22.0,7.0
612.3800443296785,40.0,0.0,5.0,5.0,8.0,6.5,1.0,22.0,7.0
612.3812443296786,40.0,0.0,5.0,5.0,8.0,6.5,1.0,22.0,7.0
612.7812443296785,40.0,0.0,5.0,5.0,8.0,6.5,1.0,22.0,7.0
612.7824443296786,40.0,0.0,5.0,5.0,8.0,6.5,1.0,22.0,7.0
613.1824443296786,40.0,0.0,5.0,5.0,8.0,6.5,1.0,22.0,7.0
613.1836443296786,40.0,0.0,5.0,5.0,8.0,6.5,1.0,22.0,7.0
613.5836443296786,40.0,0.0,5.0,5.0,8.0,6.5,1.0,22.0,7.0
613.5848443296786,40.0,0.0,5.0,5.0,8.0,6.5,1.0,22.0,7.0
613.9848443296786,40.0,0.0,5.0,5.0,8.0,6.5,1.0,22.0,7.0
613.9860443296786,40.0,0.0,5.0,5.0,8.0,6.5,1.0,22.0,7.0
614.3860443296786,40.0,0.0,5.0,5.0,8.0,6.5,1.0,22.0,7.0
614.3872443296787,40.0,0.0,5.0,5.0,8.0,6.5,1.0,22.0,7.0
614.7872443296786,40.0,0.0,5.0,5.0,8.0,6.5,1.0,22.0,7.0
614.7884443296787,40.0,0.0,5.0,5.0,8.0,6.5,1.0,22.0,7.0
615.1884443296786,40.0,0.0,5.0,5.0,8.0,6.5,1.0,22.0,7.0
615.1896443296787,40.0,0.0,5.0,5.0,8.0,6.5,1.0,22.0,7.0
615.5896443296787,40.0,0.0,5.0,5.0,8.0,6.5,1.0,22.0,7.0
615.5908443296787,40.0,0.0,5.0,5.0,8.0,6.5,1.0,22.0,7.0
615.9908443296787,40.0,0.0,5.0,5.0,8.0,6.5,1.0,22.0,7.0
615.9920443296787,40.0,0.0,5.0,5.0,8.0,6.5,1.0,22.0,7.0
616.3920443296787,40.0,0.0,5.0,5.0,8.0,6.5,1.0,22.0,7.0
616.3932443296787,40.0,0.0,5.0,5.0,8.0,6.5,1.0,22.0,7.0
616.7932443296787,40.0,0.0,5.0,5.0,8.0,6.5,1.0,22.0,7.0
616.7944443296788,40.0,0.0,5.0,5.0,8.0,6.5,1.0,22.0,7.0
617.1944443296787,40.0,0.0,5.0,5.0,8.0,6.5,1.0,22.0,7.0
617.1956443296788,40.0,0.0,5.0,5.0,8.0,6.5,1.0,22.0,6.0
617.5956443296787,40.0,0.0,5.0,5.0,8.0,6.5,1.0,22.0,6.0
617.5968443296788,40.0,0.0,5.0,5.0,8.0,6.5,1.0,22.0,6.0
617.9968443296788,40.0,0.0,5.0,5.0,8.0,6.5,1.0,22.0,6.0
617.9980443296788,40.0,0.0,5.0,5.0,8.0,6.5,1.0,22.0,6.0
618.3980443296788,40.0,0.0,5.0,5.0,8.0,6.5,1.0,22.0,6.0
618.3992443296788,40.0,0.0,5.0,5.0,8.0,6.5,1.0,22.0,6.0
618.7992443296788,40.0,0.0,5.0,5.0,8.0,6.5,1.0,22.0,6.0
618.8004443296788,40.0,0.0,5.0,5.0,8.0,6.5,1.0,22.0,6.0
619.2004443296788,40.0,0.0,5.0,5.0,8.0,6.5,1.0,22.0,6.0
619.2016443296789,40.0,0.0,5.0,5.0,8.0,6.5,1.0,22.0,6.0
619.6016443296788,40.0,0.0,5.0,5.0,8.0,6.5,1.0,22.0,6.0
619.6028443296789,40.0,0.0,5.0,5.0,8.0,6.5,1.0,22.0,6.0
620.0028443296789,40.0,0.0,5.0,5.0,8.0,6.5,1.0,22.0,6.0
620.0040443296789,40.0,0.0,5.0,5.0,8.0,6.5,1.0,22.0,6.0
620.4040443296789,40.0,0.0,5.0,5.0,8.0,6.5,1.0,22.0,6.0
620.4052443296789,40.0,0.0,5.0,5.0,8.0,6.5,1.0,22.0,6.0
620.8052443296789,40.0,0.0,5.0,5.0,8.0,6.5,1.0,22.0,6.0
620.8064443296789,40.0,0.0,5.0,5.0,8.0,6.5,1.0,22.0,6.0
621.2064443296789,40.0,0.0,5.0,5.0,8.0,6.5,1.0,22.0,6.0
621.2076443296789,40.0,0.0,5.0,5.0,8.0,4.5,1.0,23.0,6.0
621.6076443296789,40.0,0.0,5.0,5.0,8.0,4.5,1.0,23.0,6.0
621.608844329679,40.0,0.0,5.0,5.0,8.0,4.5,1.0,23.0,6.0
622.0088443296789,40.0,0.0,5.0,5.0,8.0,4.5,1.0,23.0,6.0
622.010044329679,40.0,0.0,5.0,5.0,8.0,4.5,1.0,23.0,6.0
622.410044329679,40.0,0.0,5.0,5.0,8.0,4.5,1.0,23.0,6.0
622.411244329679,40.0,0.0,5.0,5.0,8.0,4.5,1.0,23.0,6.0
622.811244329679,40.0,0.0,5.0,5.0,8.0,4.5,1.0,23.0,6.0
622.812444329679,40.0,0.0,5.0,5.0,8.0,4.5,1.0,23.0,6.0
623.212444329679,40.0,0.0,5.0,5.0,8.0,4.5,1.0,23.0,6.0
623.213644329679,40.0,0.0,5.0,5.0,8.0,4.5,1.0,23.0,6.0
623.613644329679,40.0,0.0,5.0,5.0,8.0,4.5,1.0,23.0,6.0
623.614844329679,40.0,0.0,5.0,5.0,8.0,4.5,1.0,23.0,6.0
624.014844329679,40.0,0.0,5.0,5.0,8.0,4.5,1.0,23.0,6.0
624.0160443296791,40.0,0.0,5.0,5.0,8.0,4.5,1.0,23.0,6.0
624.416044329679,40.0,0.0,5.0,5.0,8.0,4.5,1.0,23.0,6.0
624.4172443296791,40.0,0.0,5.0,5.0,8.0,4.5,1.0,23.0,6.0
624.817244329679,40.0,0.0,5.0,5.0,8.0,4.5,1.0,23.0,6.0
624.8184443296791,40.0,0.0,5.0,5.0,8.0,4.5,1.0,23.0,6.0
625.2184443296791,40.0,0.0,5.0,5.0,8.0,4.5,1.0,23.0,6.0
625.2196443296791,40.0,0.0,5.0,5.0,8.0,4.5,1.0,23.0,6.0
625.6196443296791,40.0,0.0,5.0,5.0,8.0,4.5,1.0,23.0,6.0
625.6208443296791,40.0,0.0,5.0,5.0,8.0,4.5,1.0,23.0,6.0
626.0208443296791,40.0,0.0,5.0,5.0,8.0,4.5,1.0,23.0,6.0
626.0220443296791,40.0,0.0,5.0,5.0,8.0,4.5,1.0,23.0,6.0
626.4220443296791,40.0,0.0,5.0,5.0,8.0,4.5,1.0,23.0,6.0
626.4232443296792,40.0,0.0,5.0,5.0,8.0,4.5,1.0,23.0,6.0
626.8232443296791,40.0,0.0,5.0,5.0,8.0,4.5,1.0,23.0,6.0
626.8244443296792,40.0,0.0,5.0,5.0,8.0,4.5,1.0,23.0,6.0
627.2244443296792,40.0,0.0,5.0,5.0,8.0,4.5,1.0,23.0,6.0
627.2256443296792,40.0,0.0,5.0,5.0,8.0,4.5,1.0,23.0,6.0
627.6256443296792,40.0,0.0,5.0,5.0,8.0,4.5,1.0,23.0,6.0
627.6268443296792,40.0,0.0,5.0,5.0,8.0,4.5,1.0,23.0,6.0
628.0268443296792,40.0,0.0,5.0,5.0,8.0,4.5,1.0,23.0,6.0
628.0280443296792,40.0,0.0,5.0,5.0,8.0,4.5,1.0,23.0,6.0
628.4280443296792,40.0,0.0,5.0,5.0,8.0,4.5,1.0,23.0,6.0
628.4292443296792,40.0,0.0,5.0,5.0,8.0,4.5,1.0,23.0,6.0
628.8292443296792,40.0,0.0,5.0,5.0,8.0,4.5,1.0,23.0,6.0
628.8304443296793,40.0,0.0,5.0,5.0,8.0,4.5,6.0,23.0,6.0
629.2304443296792,40.0,0.0,5.0,5.0,8.0,4.5,6.0,23.0,6.0
629.2316443296793,40.0,0.0,5.0,5.0,8.0,4.5,6.0,23.0,6.0
629.6316443296793,40.0,0.0,5.0,5.0,8.0,4.5,6.0,23.0,6.0
629.6328443296793,40.0,0.0,5.0,5.0,8.0,4.5,6.0,23.0,6.0
630.0328443296793,40.0,0.0,5.0,5.0,8.0,4.5,6.0,23.0,6.0
630.0340443296793,40.0,0.0,5.0,5.0,8.0,4.5,6.0,23.0,6.0
630.4340443296793,40.0,0.0,5.0,5.0,8.0,4.5,6.0,23.0,6.0
630.4352443296793,40.0,0.0,5.0,5.0,8.0,4.5,6.0,23.0,6.0
630.8352443296793,40.0,0.0,5.0,5.0,8.0,4.5,6.0,23.0,6.0
630.8364443296794,40.0,0.0,5.0,5.0,8.0,4.5,6.0,23.0,6.0
631.2364443296793,40.0,0.0,5.0,5.0,8.0,4.5,6.0,23.0,6.0
631.2376443296794,40.0,0.0,5.0,5.0,8.0,4.5,6.0,23.0,6.0
631.6376443296793,40.0,0.0,5.0,5.0,8.0,4.5,6.0,23.0,6.0
631.6388443296794,40.0,0.0,5.0,5.0,8.0,4.5,6.0,23.0,6.0
632.0388443296794,40.0,0.0,5.0,5.0,8.0,4.5,6.0,23.0,6.0
632.0400443296794,50.0,0.0,5.0,5.0,8.0,4.5,6.0,23.0,6.0
632.4400443296794,50.0,0.0,5.0,5.0,8.0,4.5,6.0,23.0,6.0
632.4412443296794,50.0,0.0,5.0,5.0,8.0,4.5,6.0,23.0,6.0
632.8412443296794,50.0,0.0,5.0,5.0,8.0,4.5,6.0,23.0,6.0
632.8424443296794,40.0,0.0,5.0,5.0,8.0,4.5,6.0,23.0,6.0
633.2424443296794,40.0,0.0,5.0,5.0,8.0,4.5,6.0,23.0,6.0
633.2436443296795,40.0,0.0,5.0,5.0,8.0,4.5,6.0,23.0,6.0
633.6436443296794,40.0,0.0,5.0,5.0,8.0,4.5,6.0,23.0,6.0
633.6448443296795,40.0,0.0,5.0,5.0,8.0,4.5,6.0,23.0,6.0
634.0448443296794,40.0,0.0,5.0,5.0,8.0,4.5,6.0,23.0,6.0
634.0460443296795,40.0,0.0,5.0,5.0,8.0,4.5,6.0,23.0,6.0
634.4460443296795,40.0,0.0,5.0,5.0,8.0,4.5,6.0,23.0,6.0
634.4472443296795,40.0,0.0,5.0,5.0,8.0,4.5,6.0,23.0,6.0
634.8472443296795,40.0,0.0,5.0,5.0,8.0,4.5,6.0,23.0,6.0
634.8484443296795,40.0,0.0,5.0,5.0,8.0,4.5,6.0,23.0,6.0
635.2484443296795,40.0,0.0,5.0,5.0,8.0,4.5,6.0,23.0,6.0
635.2496443296795,40.0,0.0,5.0,5.0,8.0,4.5,6.0,23.0,6.0
635.6496443296795,40.0,0.0,5.0,5.0,8.0,4.5,6.0,23.0,6.0
635.6508443296796,40.0,0.0,5.0,5.0,8.0,4.5,6.0,23.0,6.0
636.0508443296795,40.0,0.0,5.0,5.0,8.0,4.5,6.0,23.0,6.0
636.0520443296796,40.0,0.0,5.0,5.0,8.0,4.5,6.0,23.0,6.0
636.4520443296796,40.0,0.0,5.0,5.0,8.0,4.5,6.0,23.0,6.0
636.4532443296796,40.0,0.0,5.0,5.0,8.0,4.5,4.0,23.0,7.0
636.8532443296796,40.0,0.0,5.0,5.0,8.0,4.5,4.0,23.0,7.0
636.8544443296796,40.0,0.0,5.0,5.0,8.0,4.5,4.0,23.0,7.0
637.2544443296796,40.0,0.0,5.0,5.0,8.0,4.5,4.0,23.0,7.0
637.2556443296796,40.0,0.0,5.0,5.0,8.0,4.5,4.0,23.0,7.0
637.6556443296796,40.0,0.0,5.0,5.0,8.0,4.5,4.0,23.0,7.0
637.6568443296796,40.0,0.0,5.0,5.0,8.0,4.5,4.0,23.0,7.0
638.0568443296796,40.0,0.0,5.0,5.0,8.0,4.5,4.0,23.0,7.0
638.0580443296797,40.0,0.0,5.0,5.0,8.0,4.5,4.0,23.0,7.0
638.4580443296796,40.0,0.0,5.0,5.0,8.0,4.5,4.0,23.0,7.0
638.4592443296797,40.0,0.0,5.0,5.0,8.0,4.5,4.0,23.0,7.0
638.8592443296797,40.0,0.0,5.0,5.0,8.0,4.5,4.0,23.0,7.0
638.8604443296797,40.0,0.0,5.0,5.0,8.0,4.5,4.0,23.0,7.0
639.2604443296797,40.0,0.0,5.0,5.0,8.0,4.5,4.0,23.0,7.0
639.2616443296797,40.0,0.0,5.0,5.0,8.0,4.5,4.0,23.0,7.0
639.6616443296797,40.0,0.0,5.0,5.0,8.0,4.5,4.0,23.0,7.0
639.6628443296797,40.0,0.0,5.0,5.0,8.0,4.5,2.0,23.0,8.0
640.0628443296797,40.0,0.0,5.0,5.0,8.0,4.5,2.0,23.0,8.0
640.0640443296797,40.0,0.0,5.0,5.0,8.0,4.5,2.0,23.0,8.0
640.4640443296797,40.0,0.0,5.0,5.0,8.0,4.5,2.0,23.0,8.0
640.4652443296798,40.0,0.0,5.0,5.0,8.0,2.5,2.0,24.0,8.0
640.8652443296797,40.0,0.0,5.0,5.0,8.0,2.5,2.0,24.0,8.0
640.8664443296798,40.0,0.0,5.0,5.0,8.0,2.5,2.0,24.0,8.0
641.2664443296798,40.0,0.0,5.0,5.0,8.0,2.5,2.0,24.0,8.0
641.2676443296798,40.0,0.0,5.0,5.0,8.0,2.5,2.0,24.0,8.0
641.6676443296798,40.0,0.0,5.0,5.0,8.0,2.5,2.0,24.0,8.0
641.6688443296798,40.0,0.0,5.0,5.0,8.0,2.5,2.0,24.0,8.0
642.0688443296798,40.0,0.0,5.0,5.0,8.0,2.5,2.0,24.0,8.0
642.0700443296798,40.0,0.0,5.0,5.0,8.0,2.5,2.0,24.0,8.0
642.4700443296798,40.0,0.0,5.0,5.0,8.0,2.5,2.0,24.0,8.0
642.4712443296798,40.0,0.0,5.0,5.0,8.0,2.5,2.0,24.0,8.0
642.8712443296798,40.0,0.0,5.0,5.0,8.0,2.5,2.0,24.0,8.0
642.8724443296799,40.0,0.0,5.0,5.0,8.0,2.5,2.0,24.0,8.0
643.2724443296798,40.0,0.0,5.0,5.0,8.0,2.5,2.0,24.0,8.0
643.2736443296799,40.0,0.0,5.0,5.0,8.0,2.5,2.0,24.0,8.0
643.6736443296799,40.0,0.0,5.0,5.0,8.0,2.5,2.0,24.0,8.0
643.6748443296799,40.0,0.0,5.0,5.0,8.0,2.5,2.0,24.0,8.0
644.0748443296799,40.0,0.0,5.0,5.0,8.0,2.5,2.0,24.0,8.0
644.0760443296799,40.0,0.0,5.0,5.0,8.0,2.5,2.0,24.0,8.0
644.4760443296799,40.0,0.0,5.0,5.0,8.0,2.5,2.0,24.0,8.0
644.4772443296799,40.0,0.0,5.0,5.0,8.0,2.5,2.0,24.0,8.0
644.8772443296799,40.0,0.0,5.0,5.0,8.0,2.5,2.0,24.0,8.0
644.87844432968,40.0,0.0,5.0,5.0,8.0,2.5,2.0,24.0,8.0
645.2784443296799,40.0,0.0,5.0,5.0,8.0,2.5,2.0,24.0,8.0
645.27964432968,40.0,0.0,5.0,5.0,8.0,2.5,2.0,24.0,8.0
645.67964432968,40.0,0.0,5.0,5.0,8.0,2.5,2.0,24.0,8.0
645.68084432968,40.0,0.0,5.0,5.0,8.0,2.5,2.0,24.0,8.0
646.08084432968,40.0,0.0,5.0,5.0,8.0,2.5,2.0,24.0,8.0
646.08204432968,40.0,0.0,5.0,5.0,8.0,2.5,2.0,24.0,8.0
646.48204432968,40.0,0.0,5.0,5.0,8.0,2.5,2.0,24.0,8.0
646.48324432968,40.0,0.0,5.0,5.0,8.0,2.5,2.0,24.0,8.0
646.88324432968,40.0,0.0,5.0,5.0,8.0,2.5,2.0,24.0,8.0
646.88444432968,40.0,0.0,5.0,5.0,8.0,2.5,2.0,24.0,8.0
647.28444432968,40.0,0.0,5.0,5.0,8.0,2.5,2.0,24.0,8.0
647.28564432968,40.0,0.0,5.0,5.0,8.0,2.5,2.0,24.0,8.0
647.68564432968,40.0,0.0,5.0,5.0,8.0,2.5,2.0,24.0,8.0
647.6868443296801,40.0,0.0,5.0,5.0,8.0,2.5,2.0,24.0,8.0
648.08684432968,40.0,0.0,5.0,5.0,8.0,2.5,2.0,24.0,8.0
648.0880443296801,40.0,0.0,5.0,5.0,8.0,2.5,2.0,24.0,8.0
648.4880443296801,40.0,0.0,5.0,5.0,8.0,2.5,2.0,24.0,8.0
648.4892443296801,40.0,0.0,5.0,5.0,8.0,2.5,2.0,24.0,8.0
648.8892443296801,40.0,0.0,5.0,5.0,8.0,2.5,2.0,24.0,8.0
648.8904443296801,40.0,0.0,5.0,5.0,8.0,2.5,2.0,24.0,8.0
649.2904443296801,40.0,0.0,5.0,5.0,8.0,2.5,2.0,24.0,8.0
649.2916443296801,40.0,0.0,5.0,5.0,8.0,2.5,2.0,24.0,8.0
649.6916443296801,40.0,0.0,5.0,5.0,8.0,2.5,2.0,24.0,8.0
649.6928443296802,20.0,0.0,5.0,5.0,8.0,2.5,2.0,24.0,8.0
650.0928443296801,20.0,0.0,5.0,5.0,8.0,2.5,2.0,24.0,8.0
650.0940443296802,20.0,0.0,5.0,5.0,8.0,2.5,2.0,24.0,8.0
650.4940443296802,20.0,0.0,5.0,5.0,8.0,2.5,2.0,24.0,8.0
650.4952443296802,20.0,0.0,5.0,5.0,8.0,2.5,2.0,24.0,8.0
650.8952443296802,20.0,0.0,5.0,5.0,8.0,2.5,2.0,24.0,8.0
650.8964443296802,20.0,0.0,5.0,5.0,8.0,7.5,2.0,24.0,8.0
651.2964443296802,20.0,0.0,5.0,5.0,8.0,7.5,2.0,24.0,8.0
651.2975109963469,20.0,0.0,5.0,5.0,8.0,7.5,2.0,24.0,7.0
651.6975109963469,20.0,0.0,5.0,5.0,8.0,7.5,2.0,24.0,7.0
651.6985776630136,20.0,0.0,5.0,5.0,8.0,7.5,2.0,24.0,7.0
652.0985776630135,20.0,0.0,5.0,5.0,8.0,7.5,2.0,24.0,7.0
652.0996443296802,20.0,0.0,5.0,5.0,8.0,7.5,2.0,24.0,7.0
652.4996443296802,20.0,0.0,5.0,5.0,8.0,7.5,2.0,24.0,7.0
652.5007109963469,20.0,0.0,5.0,5.0,8.0,7.5,2.0,24.0,7.0
652.9007109963469,20.0,0.0,5.0,5.0,8.0,7.5,2.0,24.0,7.0
652.9017776630136,20.0,0.0,5.0,5.0,8.0,7.5,2.0,24.0,7.0
653.3017776630136,20.0,0.0,5.0,5.0,8.0,7.5,2.0,24.0,7.0
653.3028443296803,20.0,0.0,5.0,5.0,8.0,7.5,2.0,24.0,7.0
653.7028443296803,20.0,0.0,5.0,5.0,8.0,7.5,2.0,24.0,7.0
653.703910996347,20.0,0.0,5.0,5.0,8.0,7.5,2.0,24.0,7.0
654.1039109963469,20.0,0.0,5.0,5.0,8.0,7.5,2.0,24.0,7.0
654.1049776630136,20.0,0.0,5.0,5.0,8.0,7.5,2.0,24.0,7.0
654.5049776630136,20.0,0.0,5.0,5.0,8.0,7.5,2.0,24.0,7.0
654.5060443296803,20.0,0.0,5.0,5.0,8.0,7.5,2.0,24.0,7.0
654.9060443296803,20.0,0.0,5.0,5.0,8.0,7.5,2.0,24.0,7.0
654.907110996347,20.0,0.0,5.0,5.0,8.0,7.5,2.0,24.0,7.0
655.307110996347,20.0,0.0,5.0,5.0,8.0,7.5,2.0,24.0,7.0
655.3081776630137,20.0,0.0,5.0,5.0,8.0,7.5,2.0,24.0,7.0
655.7081776630137,20.0,0.0,5.0,5.0,8.0,7.5,2.0,24.0,7.0
655.7092443296804,20.0,0.0,5.0,5.0,8.0,7.5,2.0,24.0,7.0
656.1092443296803,20.0,0.0,5.0,5.0,8.0,7.5,2.0,24.0,7.0
656.110310996347,20.0,0.0,5.0,5.0,8.0,7.5,2.0,24.0,7.0
656.510310996347,20.0,0.0,5.0,5.0,8.0,7.5,2.0,24.0,7.0
656.5113776630137,20.0,0.0,5.0,5.0,8.0,7.5,2.0,24.0,7.0
656.9113776630137,20.0,0.0,5.0,5.0,8.0,7.5,2.0,24.0,7.0
656.9124443296804,20.0,0.0,5.0,5.0,8.0,7.5,2.0,24.0,7.0
657.3124443296804,20.0,0.0,5.0,5.0,8.0,7.5,2.0,24.0,7.0
657.3135109963471,20.0,0.0,5.0,5.0,8.0,7.5,2.0,24.0,7.0
657.713510996347,20.0,0.0,5.0,5.0,8.0,7.5,2.0,24.0,7.0
657.7145776630138,20.0,0.0,5.0,5.0,8.0,7.5,2.0,24.0,7.0
658.1145776630137,20.0,0.0,5.0,5.0,8.0,7.5,2.0,24.0,7.0
658.1156443296804,20.0,0.0,5.0,5.0,8.0,7.5,2.0,24.0,7.0
658.5156443296804,20.0,0.0,5.0,5.0,8.0,7.5,2.0,24.0,7.0
658.5167109963471,20.0,0.0,5.0,5.0,8.0,7.5,2.0,24.0,7.0
658.9167109963471,20.0,0.0,5.0,5.0,8.0,7.5,2.0,24.0,7.0
658.9177776630138,20.0,0.0,5.0,5.0,8.0,7.5,2.0,24.0,7.0
659.3177776630138,20.0,0.0,5.0,5.0,8.0,7.5,2.0,24.0,7.0
659.3188443296805,20.0,0.0,5.0,5.0,8.0,7.5,2.0,24.0,7.0
659.7188443296805,20.0,0.0,5.0,5.0,8.0,7.5,2.0,24.0,7.0
659.7199109963472,20.0,0.0,5.0,5.0,8.0,7.5,2.0,24.0,7.0
660.1199109963471,20.0,0.0,5.0,5.0,8.0,7.5,2.0,24.0,7.0
660.1209776630138,20.0,0.0,5.0,5.0,8.0,7.5,2.0,24.0,7.0
660.5209776630138,20.0,0.0,5.0,5.0,8.0,7.5,2.0,24.0,7.0
660.5220443296805,20.0,0.0,5.0,5.0,8.0,7.5,2.0,24.0,7.0
660.9220443296805,20.0,0.0,5.0,5.0,8.0,7.5,2.0,24.0,7.0
660.9231109963472,20.0,0.0,5.0,5.0,8.0,7.5,2.0,24.0,7.0
661.3231109963472,20.0,0.0,5.0,5.0,8.0,7.5,2.0,24.0,7.0
661.3241776630139,20.0,0.0,5.0,5.0,8.0,7.5,2.0,24.0,7.0
661.7241776630138,20.0,0.0,5.0,5.0,8.0,7.5,2.0,24.0,7.0
661.7252443296805,20.0,0.0,5.0,5.0,8.0,7.5,2.0,24.0,7.0
662.1252443296805,20.0,0.0,5.0,5.0,8.0,7.5,2.0,24.0,7.0
662.1263109963472,20.0,0.0,5.0,5.0,8.0,7.5,2.0,24.0,7.0
662.5263109963472,20.0,0.0,5.0,5.0,8.0,7.5,2.0,24.0,7.0
662.5273776630139,20.0,0.0,5.0,5.0,8.0,7.5,2.0,24.0,7.0
662.9273776630139,20.0,0.0,5.0,5.0,8.0,7.5,2.0,24.0,7.0
662.9284443296806,20.0,0.0,5.0,5.0,8.0,7.5,2.0,24.0,7.0
663.3284443296806,20.0,0.0,5.0,5.0,8.0,7.5,2.0,24.0,7.0
663.3295109963473,20.0,0.0,5.0,5.0,8.0,7.5,2.0,24.0,7.0
663.7295109963472,20.0,0.0,5.0,5.0,8.0,7.5,2.0,24.0,7.0
663.730577663014,20.0,0.0,5.0,5.0,8.0,7.5,2.0,24.0,7.0
664.1305776630139,20.0,0.0,5.0,5.0,8.0,7.5,2.0,24.0,7.0
664.1316443296806,20.0,0.0,5.0,5.0,8.0,7.5,2.0,24.0,7.0
664.5316443296806,20.0,0.0,5.0,5.0,8.0,7.5,2.0,24.0,7.0
664.5327109963473,20.0,0.0,5.0,5.0,8.0,7.5,2.0,24.0,7.0
664.9327109963473,20.0,0.0,5.0,5.0,8.0,7.5,2.0,24.0,7.0
664.933777663014,20.0,0.0,5.0,5.0,8.0,7.5,2.0,24.0,7.0
665.333777663014,20.0,0.0,5.0,5.0,8.0,7.5,2.0,24.0,7.0
665.3348443296807,20.0,0.0,5.0,5.0,8.0,7.5,2.0,24.0,7.0
665.7348443296806,20.0,0.0,5.0,5.0,8.0,7.5,2.0,24.0,7.0
665.7359109963473,20.0,0.0,5.0,5.0,8.0,7.5,2.0,24.0,7.0
666.1359109963473,20.0,0.0,5.0,5.0,8.0,7.5,2.0,24.0,7.0
666.136977663014,20.0,0.0,5.0,5.0,8.0,5.5,2.0,25.0,7.0
666.536977663014,20.0,0.0,5.0,5.0,8.0,5.5,2.0,25.0,7.0
666.538177663014,20.0,0.0,5.0,5.0,8.0,5.5,2.0,25.0,7.0
666.938177663014,20.0,0.0,5.0,5.0,8.0,5.5,2.0,25.0,7.0
666.939377663014,20.0,0.0,5.0,5.0,8.0,5.5,2.0,25.0,7.0
667.339377663014,20.0,0.0,5.0,5.0,8.0,5.5,2.0,25.0,7.0
667.3405776630141,20.0,0.0,5.0,5.0,8.0,5.5,2.0,25.0,7.0
667.740577663014,20.0,0.0,5.0,5.0,8.0,5.5,2.0,25.0,7.0
667.7417776630141,20.0,0.0,5.0,5.0,8.0,5.5,2.0,25.0,7.0
668.1417776630141,20.0,0.0,5.0,5.0,8.0,5.5,2.0,25.0,7.0
668.1429776630141,20.0,0.0,5.0,5.0,8.0,5.5,2.0,25.0,7.0
668.5429776630141,20.0,0.0,5.0,5.0,8.0,5.5,2.0,25.0,7.0
668.5441776630141,20.0,0.0,5.0,5.0,8.0,5.5,2.0,25.0,7.0
668.9441776630141,20.0,0.0,5.0,5.0,8.0,5.5,2.0,25.0,7.0
668.9453776630141,20.0,0.0,5.0,5.0,8.0,5.5,2.0,25.0,7.0
669.3453776630141,20.0,0.0,5.0,5.0,8.0,5.5,2.0,25.0,7.0
669.3465776630142,20.0,0.0,5.0,5.0,8.0,5.5,2.0,25.0,7.0
669.7465776630141,20.0,0.0,5.0,5.0,8.0,5.5,2.0,25.0,7.0
669.7477776630142,20.0,0.0,5.0,5.0,8.0,10.5,2.0,25.0,7.0
670.1477776630142,20.0,0.0,5.0,5.0,8.0,10.5,2.0,25.0,7.0
670.1483218807012,20.0,0.0,5.0,5.0,8.0,10.5,2.0,25.0,7.0
670.5483218807012,20.0,0.0,5.0,5.0,8.0,10.5,2.0,25.0,7.0
670.5488660983883,20.0,0.0,5.0,5.0,8.0,10.5,2.0,25.0,7.0
670.9488660983883,20.0,0.0,5.0,5.0,8.0,10.5,2.0,25.0,7.0
670.9494103160754,20.0,0.0,5.0,5.0,8.0,10.5,2.0,25.0,7.0
671.3494103160754,20.0,0.0,5.0,5.0,8.0,10.5,2.0,25.0,7.0
671.3499545337625,30.0,0.0,5.0,5.0,8.0,10.5,2.0,25.0,7.0
671.7499545337624,30.0,0.0,5.0,5.0,8.0,10.5,2.0,25.0,7.0
671.7504987514495,30.0,0.0,5.0,5.0,8.0,10.5,2.0,25.0,7.0
672.1504987514495,30.0,0.0,5.0,5.0,8.0,10.5,2.0,25.0,7.0
672.1510429691366,30.0,0.0,5.0,5.0,8.0,10.5,2.0,25.0,7.0
672.5510429691366,30.0,0.0,5.0,5.0,8.0,10.5,2.0,25.0,7.0
672.5515871868237,30.0,0.0,5.0,5.0,8.0,10.5,2.0,25.0,7.0
672.9515871868236,30.0,0.0,5.0,5.0,8.0,10.5,2.0,25.0,7.0
672.9521314045107,30.0,0.0,5.0,5.0,8.0,10.5,2.0,25.0,7.0
673.3521314045107,30.0,0.0,5.0,5.0,8.0,10.5,2.0,25.0,7.0
673.3526756221978,30.0,0.0,5.0,5.0,8.0,10.5,2.0,25.0,7.0
673.7526756221978,30.0,0.0,5.0,5.0,8.0,10.5,2.0,25.0,7.0
673.7532198398849,30.0,0.0,5.0,5.0,8.0,10.5,2.0,25.0,7.0
674.1532198398849,30.0,0.0,5.0,5.0,8.0,10.5,2.0,25.0,7.0
674.153764057572,30.0,0.0,5.0,5.0,8.0,10.5,2.0,25.0,7.0
674.5537640575719,30.0,0.0,5.0,5.0,8.0,10.5,2.0,25.0,7.0
674.554308275259,30.0,0.0,5.0,5.0,8.0,10.5,2.0,25.0,7.0
674.954308275259,30.0,0.0,5.0,5.0,8.0,10.5,2.0,25.0,7.0
674.9548524929461,30.0,0.0,5.0,5.0,8.0,10.5,2.0,25.0,7.0
675.3548524929461,30.0,0.0,5.0,5.0,8.0,10.5,2.0,25.0,7.0
675.3553967106332,30.0,0.0,5.0,5.0,8.0,10.5,2.0,25.0,7.0
675.7553967106331,30.0,0.0,5.0,5.0,8.0,10.5,2.0,25.0,7.0
675.7559409283202,30.0,0.0,5.0,5.0,8.0,10.5,2.0,25.0,7.0
676.1559409283202,30.0,0.0,5.0,5.0,8.0,10.5,2.0,25.0,7.0
676.1564851460073,30.0,0.0,5.0,5.0,8.0,10.5,2.0,25.0,7.0
676.5564851460073,30.0,0.0,5.0,5.0,8.0,10.5,2.0,25.0,7.0
676.5570293636944,30.0,0.0,5.0,5.0,8.0,10.5,2.0,25.0,7.0
676.9570293636943,30.0,0.0,5.0,5.0,8.0,10.5,2.0,25.0,7.0
676.9575735813814,30.0,0.0,5.0,5.0,8.0,10.5,2.0,25.0,7.0
677.3575735813814,30.0,0.0,5.0,5.0,8.0,10.5,2.0,25.0,7.0
677.3581177990685,30.0,0.0,5.0,5.0,8.0,10.5,2.0,25.0,7.0
677.7581177990685,30.0,0.0,5.0,5.0,8.0,10.5,2.0,25.0,7.0
677.7586620167556,30.0,0.0,5.0,5.0,8.0,10.5,2.0,25.0,7.0
678.1586620167556,30.0,0.0,5.0,5.0,8.0,10.5,2.0,25.0,7.0
678.1592062344426,30.0,0.0,5.0,5.0,8.0,10.5,2.0,25.0,7.0
678.5592062344426,30.0,0.0,5.0,5.0,8.0,10.5,2.0,25.0,7.0
678.5597504521297,30.0,0.0,5.0,5.0,8.0,10.5,2.0,25.0,7.0
678.9597504521297,30.0,0.0,5.0,5.0,8.0,10.5,2.0,25.0,7.0
678.9602946698168,30.0,0.0,5.0,5.0,8.0,10.5,2.0,25.0,7.0
679.3602946698168,30.0,0.0,5.0,5.0,8.0,10.5,2.0,25.0,7.0
679.3608388875039,30.0,0.0,5.0,5.0,8.0,10.5,2.0,25.0,7.0
679.7608388875038,30.0,0.0,5.0,5.0,8.0,10.5,2.0,25.0,7.0
679.7613831051909,30.0,0.0,5.0,5.0,8.0,10.5,2.0,25.0,7.0
680.1613831051909,30.0,0.0,5.0,5.0,8.0,10.5,2.0,25.0,7.0
680.161927322878,30.0,0.0,5.0,5.0,8.0,10.5,2.0,25.0,7.0
680.561927322878,30.0,0.0,5.0,5.0,8.0,10.5,2.0,25.0,7.0
680.5624715405651,30.0,0.0,5.0,5.0,8.0,10.5,2.0,25.0,7.0
680.962471540565,30.0,0.0,5.0,5.0,8.0,10.5,2.0,25.0,7.0
680.9630157582521,30.0,0.0,5.0,5.0,8.0,10.5,2.0,25.0,7.0
681.3630157582521,30.0,0.0,5.0,5.0,8.0,10.5,2.0,25.0,7.0
681.3635599759392,30.0,0.0,5.0,5.0,8.0,10.5,2.0,25.0,7.0
681.7635599759392,30.0,0.0,5.0,5.0,8.0,10.5,2.0,25.0,7.0
681.7641041936263,30.0,0.0,5.0,5.0,8.0,10.5,2.0,25.0,7.0
682.1641041936263,30.0,0.0,5.0,5.0,8.0,10.5,2.0,25.0,7.0
682.1646484113134,30.0,0.0,5.0,5.0,8.0,10.5,2.0,25.0,7.0
682.5646484113133,30.0,0.0,5.0,5.0,8.0,10.5,2.0,25.0,7.0
682.5651926290004,30.0,0.0,5.0,5.0,8.0,10.5,2.0,25.0,7.0
682.9651926290004,30.0,0.0,5.0,5.0,8.0,10.5,2.0,25.0,7.0
682.9657368466875,30.0,0.0,5.0,5.0,8.0,10.5,2.0,25.0,7.0
683.3657368466875,30.0,0.0,5.0,5.0,8.0,10.5,2.0,25.0,7.0
683.3662810643746,30.0,0.0,5.0,5.0,8.0,10.5,2.0,25.0,7.0
683.7662810643745,30.0,0.0,5.0,5.0,8.0,10.5,2.0,25.0,7.0
683.7668252820616,30.0,0.0,5.0,5.0,8.0,10.5,2.0,25.0,7.0
684.1668252820616,30.0,0.0,5.0,5.0,8.0,10.5,2.0,25.0,7.0
684.1673694997487,30.0,0.0,5.0,5.0,8.0,10.5,2.0,25.0,7.0
684.5673694997487,30.0,0.0,5.0,5.0,8.0,10.5,2.0,25.0,7.0
684.5679137174358,30.0,0.0,5.0,5.0,8.0,10.5,2.0,25.0,7.0
684.9679137174357,30.0,0.0,5.0,5.0,8.0,10.5,2.0,25.0,7.0
684.9684579351228,30.0,0.0,5.0,5.0,8.0,10.5,2.0,25.0,7.0
685.3684579351228,30.0,0.0,5.0,5.0,8.0,10.5,2.0,25.0,7.0
685.3690021528099,30.0,0.0,5.0,5.0,8.0,10.5,2.0,25.0,7.0
685.7690021528099,30.0,0.0,5.0,5.0,8.0,10.5,2.0,25.0,7.0
685.769546370497,30.0,0.0,5.0,5.0,8.0,10.5,2.0,25.0,7.0
686.169546370497,30.0,0.0,5.0,5.0,8.0,10.5,2.0,25.0,7.0
686.170090588184,30.0,0.0,5.0,5.0,8.0,10.5,2.0,25.0,7.0
686.570090588184,30.0,0.0,5.0,5.0,8.0,10.5,2.0,25.0,7.0
686.5706348058711,30.0,0.0,5.0,5.0,8.0,10.5,2.0,25.0,7.0
686.9706348058711,30.0,0.0,5.0,5.0,8.0,10.5,2.0,25.0,7.0
686.9711790235582,30.0,0.0,5.0,5.0,8.0,10.5,2.0,25.0,7.0
687.3711790235582,30.0,0.0,5.0,5.0,8.0,10.5,2.0,25.0,7.0
687.3717232412453,30.0,0.0,5.0,5.0,8.0,10.5,2.0,25.0,7.0
687.7717232412452,30.0,0.0,5.0,5.0,8.0,10.5,2.0,25.0,7.0
687.7722674589323,30.0,0.0,5.0,5.0,8.0,10.5,2.0,25.0,7.0
688.1722674589323,30.0,0.0,5.0,5.0,8.0,10.5,2.0,25.0,7.0
688.1728116766194,30.0,0.0,5.0,5.0,8.0,10.5,2.0,25.0,7.0
688.5728116766194,30.0,0.0,5.0,5.0,8.0,10.5,2.0,25.0,7.0
688.5733558943065,30.0,0.0,5.0,5.0,8.0,10.5,2.0,25.0,7.0
688.9733558943065,30.0,0.0,5.0,5.0,8.0,10.5,2.0,25.0,7.0
688.9739001119935,30.0,0.0,5.0,5.0,8.0,10.5,2.0,25.0,7.0
689.3739001119935,30.0,0.0,5.0,5.0,8.0,10.5,2.0,25.0,7.0
689.3744443296806,30.0,0.0,5.0,5.0,8.0,10.5,2.0,25.0,7.0
689.7744443296806,30.0,0.0,5.0,5.0,8.0,10.5,2.0,25.0,7.0
689.7749885473677,30.0,0.0,5.0,5.0,8.0,10.5,2.0,25.0,7.0
690.1749885473677,30.0,0.0,5.0,5.0,8.0,10.5,2.0,25.0,7.0
690.1755327650548,30.0,0.0,5.0,5.0,8.0,8.5,2.0,26.0,7.0
690.5755327650547,30.0,0.0,5.0,5.0,8.0,8.5,2.0,26.0,7.0
690.5763632148817,30.0,0.0,5.0,5.0,8.0,8.5,2.0,26.0,7.0
690.9763632148816,30.0,0.0,5.0,5.0,8.0,8.5,2.0,26.0,7.0
690.9771936647086,30.0,0.0,5.0,5.0,8.0,8.5,2.0,26.0,7.0
691.3771936647086,30.0,0.0,5.0,5.0,8.0,8.5,2.0,26.0,7.0
691.3780241145355,30.0,0.0,5.0,5.0,8.0,8.5,2.0,26.0,7.0
691.7780241145355,30.0,0.0,5.0,5.0,8.0,8.5,2.0,26.0,7.0
691.7788545643624,30.0,0.0,5.0,5.0,8.0,8.5,2.0,26.0,7.0
692.1788545643624,30.0,0.0,5.0,5.0,8.0,8.5,2.0,26.0,7.0
692.1796850141893,30.0,0.0,5.0,5.0,8.0,8.5,2.0,26.0,7.0
692.5796850141893,30.0,0.0,5.0,5.0,8.0,8.5,2.0,26.0,7.0
692.5805154640162,30.0,0.0,5.0,5.0,8.0,8.5,2.0,26.0,7.0
692.9805154640162,30.0,0.0,5.0,5.0,8.0,8.5,2.0,26.0,7.0
692.9813459138431,30.0,0.0,5.0,5.0,8.0,8.5,2.0,26.0,7.0
693.3813459138431,30.0,0.0,5.0,5.0,8.0,8.5,2.0,26.0,7.0
693.38217636367,30.0,0.0,5.0,5.0,8.0,8.5,2.0,26.0,7.0
693.78217636367,30.0,0.0,5.0,5.0,8.0,8.5,2.0,26.0,7.0
693.783006813497,30.0,0.0,5.0,5.0,8.0,8.5,2.0,26.0,7.0
694.183006813497,30.0,0.0,5.0,5.0,8.0,8.5,2.0,26.0,7.0
694.1838372633239,30.0,0.0,5.0,5.0,8.0,8.5,2.0,26.0,7.0
694.5838372633239,30.0,0.0,5.0,5.0,8.0,8.5,2.0,26.0,7.0
694.5846677131508,30.0,0.0,5.0,5.0,8.0,8.5,2.0,26.0,7.0
694.9846677131508,30.0,0.0,5.0,5.0,8.0,8.5,2.0,26.0,7.0
694.9854981629777,30.0,0.0,5.0,5.0,8.0,8.5,2.0,26.0,7.0
695.3854981629777,30.0,0.0,5.0,5.0,8.0,8.5,2.0,26.0,7.0
695.3863286128046,30.0,0.0,5.0,5.0,8.0,8.5,2.0,26.0,7.0
695.7863286128046,30.0,0.0,5.0,5.0,8.0,8.5,2.0,26.0,7.0
695.7871590626315,30.0,0.0,5.0,5.0,8.0,8.5,2.0,26.0,7.0
696.1871590626315,30.0,0.0,5.0,5.0,8.0,8.5,2.0,26.0,7.0
696.1879895124584,30.0,0.0,5.0,5.0,8.0,8.5,2.0,26.0,7.0
696.5879895124584,30.0,0.0,5.0,5.0,8.0,8.5,2.0,26.0,7.0
696.5888199622854,30.0,0.0,5.0,5.0,8.0,8.5,2.0,26.0,7.0
696.9888199622853,30.0,0.0,5.0,5.0,8.0,8.5,2.0,26.0,7.0
696.9896504121123,30.0,0.0,5.0,5.0,8.0,8.5,2.0,26.0,7.0
697.3896504121122,30.0,0.0,5.0,5.0,8.0,8.5,2.0,26.0,7.0
697.3904808619392,30.0,0.0,5.0,5.0,8.0,8.5,2.0,26.0,7.0
697.7904808619392,30.0,0.0,5.0,5.0,8.0,8.5,2.0,26.0,7.0
697.7913113117661,30.0,0.0,5.0,5.0,8.0,8.5,2.0,26.0,7.0
698.1913113117661,30.0,0.0,5.0,5.0,8.0,8.5,2.0,26.0,7.0
698.192141761593,40.0,0.0,5.0,5.0,8.0,8.5,2.0,26.0,7.0
698.592141761593,40.0,0.0,5.0,5.0,8.0,8.5,2.0,26.0,7.0
698.5929722114199,40.0,0.0,5.0,5.0,8.0,8.5,2.0,26.0,7.0
698.9929722114199,40.0,0.0,5.0,5.0,8.0,8.5,2.0,26.0,7.0
698.9938026612468,40.0,0.0,5.0,5.0,8.0,8.5,2.0,26.0,7.0
699.3938026612468,40.0,0.0,5.0,5.0,8.0,8.5,2.0,26.0,7.0
699.3946331110737,40.0,0.0,5.0,5.0,8.0,8.5,2.0,26.0,7.0
699.7946331110737,40.0,0.0,5.0,5.0,8.0,8.5,2.0,26.0,7.0
699.7954635609007,40.0,0.0,5.0,5.0,8.0,8.5,2.0,26.0,7.0
700.1954635609006,40.0,0.0,5.0,5.0,8.0,8.5,2.0,26.0,7.0
700.1962940107276,40.0,0.0,5.0,5.0,8.0,8.5,2.0,26.0,7.0
700.5962940107275,40.0,0.0,5.0,5.0,8.0,8.5,2.0,26.0,7.0
700.5971244605545,40.0,0.0,5.0,5.0,8.0,8.5,2.0,26.0,7.0
700.9971244605545,40.0,0.0,5.0,5.0,8.0,8.5,2.0,26.0,7.0
700.9979549103814,40.0,0.0,5.0,5.0,8.0,8.5,2.0,26.0,7.0
701.3979549103814,40.0,0.0,5.0,5.0,8.0,8.5,2.0,26.0,7.0
701.3987853602083,40.0,0.0,5.0,5.0,8.0,8.5,2.0,26.0,7.0
701.7987853602083,40.0,0.0,5.0,5.0,8.0,8.5,2.0,26.0,7.0
701.7996158100352,40.0,0.0,5.0,5.0,8.0,8.5,2.0,26.0,7.0
702.1996158100352,40.0,0.0,5.0,5.0,8.0,8.5,2.0,26.0,7.0
702.2004462598621,40.0,0.0,5.0,5.0,8.0,8.5,2.0,26.0,7.0
702.6004462598621,40.0,0.0,5.0,5.0,8.0,8.5,2.0,26.0,7.0
702.601276709689,40.0,0.0,5.0,5.0,8.0,8.5,2.0,26.0,7.0
703.001276709689,40.0,0.0,5.0,5.0,8.0,8.5,2.0,26.0,7.0
703.002107159516,40.0,0.0,5.0,5.0,8.0,8.5,2.0,26.0,7.0
703.4021071595159,40.0,0.0,5.0,5.0,8.0,8.5,2.0,26.0,7.0
703.4029376093429,40.0,0.0,5.0,5.0,8.0,8.5,2.0,26.0,7.0
703.8029376093428,40.0,0.0,5.0,5.0,8.0,8.5,2.0,26.0,7.0
703.8037680591698,40.0,0.0,5.0,5.0,8.0,8.5,2.0,26.0,7.0
704.2037680591698,40.0,0.0,5.0,5.0,8.0,8.5,2.0,26.0,7.0
704.2045985089967,40.0,0.0,5.0,5.0,8.0,8.5,2.0,26.0,7.0
704.6045985089967,40.0,0.0,5.0,5.0,8.0,8.5,2.0,26.0,7.0
704.6054289588236,40.0,0.0,5.0,5.0,8.0,8.5,2.0,26.0,7.0
705.0054289588236,40.0,0.0,5.0,5.0,8.0,8.5,2.0,26.0,7.0
705.0062594086505,40.0,0.0,5.0,5.0,8.0,8.5,2.0,26.0,7.0
705.4062594086505,40.0,0.0,5.0,5.0,8.0,8.5,2.0,26.0,7.0
705.4070898584774,40.0,0.0,5.0,5.0,8.0,8.5,2.0,26.0,7.0
705.8070898584774,40.0,0.0,5.0,5.0,8.0,8.5,2.0,26.0,7.0
705.8079203083043,40.0,0.0,5.0,5.0,8.0,8.5,2.0,26.0,7.0
706.2079203083043,40.0,0.0,5.0,5.0,8.0,8.5,2.0,26.0,7.0
706.2087507581313,40.0,0.0,5.0,5.0,8.0,8.5,2.0,26.0,7.0
706.6087507581312,40.0,0.0,5.0,5.0,8.0,8.5,2.0,26.0,7.0
706.6095812079582,40.0,0.0,5.0,5.0,8.0,8.5,2.0,26.0,7.0
707.0095812079581,40.0,0.0,5.0,5.0,8.0,8.5,2.0,26.0,7.0
707.0104116577851,40.0,0.0,5.0,5.0,8.0,8.5,2.0,26.0,7.0
707.4104116577851,40.0,0.0,5.0,5.0,8.0,8.5,2.0,26.0,7.0
707.411242107612,40.0,0.0,5.0,5.0,8.0,8.5,2.0,26.0,7.0
707.811242107612,40.0,0.0,5.0,5.0,8.0,8.5,2.0,26.0,7.0
707.8120725574389,40.0,0.0,5.0,5.0,8.0,8.5,2.0,26.0,7.0
708.2120725574389,40.0,0.0,5.0,5.0,8.0,8.5,2.0,26.0,7.0
708.2129030072658,40.0,0.0,5.0,5.0,8.0,8.5,2.0,26.0,7.0
708.6129030072658,40.0,0.0,5.0,5.0,8.0,8.5,2.0,26.0,7.0
708.6137334570927,40.0,0.0,5.0,5.0,8.0,8.5,2.0,26.0,7.0
709.0137334570927,40.0,0.0,5.0,5.0,8.0,8.5,2.0,26.0,7.0
709.0145639069196,40.0,0.0,5.0,5.0,8.0,8.5,2.0,26.0,7.0
709.4145639069196,40.0,0.0,5.0,5.0,8.0,8.5,2.0,26.0,7.0
709.4153943567466,40.0,0.0,5.0,5.0,8.0,8.5,2.0,26.0,7.0
709.8153943567465,40.0,0.0,5.0,5.0,8.0,8.5,2.0,26.0,7.0
709.8162248065735,40.0,0.0,5.0,5.0,8.0,8.5,2.0,26.0,7.0
710.2162248065735,40.0,0.0,5.0,5.0,8.0,8.5,2.0,26.0,7.0
710.2170552564004,40.0,0.0,5.0,5.0,8.0,8.5,2.0,26.0,7.0
710.6170552564004,40.0,0.0,5.0,5.0,8.0,8.5,2.0,26.0,7.0
710.6178857062273,40.0,0.0,5.0,5.0,8.0,8.5,2.0,26.0,7.0
711.0178857062273,40.0,0.0,5.0,5.0,8.0,8.5,2.0,26.0,7.0
711.0187161560542,40.0,0.0,5.0,5.0,8.0,8.5,2.0,26.0,7.0
711.4187161560542,40.0,0.0,5.0,5.0,8.0,8.5,2.0,26.0,7.0
711.4195466058811,40.0,0.0,5.0,5.0,8.0,8.5,2.0,26.0,7.0
711.8195466058811,40.0,0.0,5.0,5.0,8.0,8.5,2.0,26.0,7.0
711.820377055708,40.0,0.0,5.0,5.0,8.0,8.5,2.0,26.0,7.0
712.220377055708,40.0,0.0,5.0,5.0,8.0,8.5,2.0,26.0,7.0
712.221207505535,40.0,0.0,5.0,5.0,8.0,8.5,2.0,26.0,7.0
712.6212075055349,40.0,0.0,5.0,5.0,8.0,8.5,2.0,26.0,7.0
712.6220379553619,40.0,0.0,5.0,5.0,8.0,8.5,2.0,26.0,7.0
713.0220379553618,40.0,0.0,5.0,5.0,8.0,8.5,2.0,26.0,7.0
713.0228684051888,20.0,0.0,5.0,5.0,8.0,8.5,2.0,26.0,7.0
713.4228684051888,20.0,0.0,5.0,5.0,8.0,8.5,2.0,26.0,7.0
713.4236988550157,20.0,0.0,5.0,5.0,8.0,8.5,2.0,26.0,7.0
713.8236988550157,20.0,0.0,5.0,5.0,8.0,8.5,2.0,26.0,7.0
713.8245293048426,10.0,0.0,5.0,5.0,8.0,8.5,2.0,26.0,7.0
714.2245293048426,10.0,0.0,5.0,5.0,8.0,8.5,2.0,26.0,7.0
714.2253597546695,10.0,0.0,5.0,5.0,8.0,8.5,2.0,26.0,7.0
714.6253597546695,10.0,0.0,5.0,5.0,8.0,8.5,2.0,26.0,7.0
714.6261902044964,10.0,0.0,5.0,5.0,8.0,8.5,2.0,26.0,7.0
715.0261902044964,10.0,0.0,5.0,5.0,8.0,8.5,2.0,26.0,7.0
715.0270206543233,10.0,0.0,5.0,5.0,8.0,8.5,2.0,26.0,7.0
715.4270206543233,10.0,0.0,5.0,5.0,8.0,8.5,2.0,26.0,7.0
715.4278511041502,10.0,0.0,5.0,5.0,8.0,8.5,2.0,26.0,7.0
715.8278511041502,10.0,0.0,5.0,5.0,8.0,8.5,2.0,26.0,7.0
715.8286815539772,10.0,0.0,5.0,5.0,8.0,8.5,2.0,26.0,7.0
716.2286815539771,10.0,0.0,5.0,5.0,8.0,8.5,2.0,26.0,7.0
716.2295120038041,10.0,0.0,5.0,5.0,8.0,8.5,2.0,26.0,7.0
716.629512003804,10.0,0.0,5.0,5.0,8.0,8.5,2.0,26.0,7.0
716.630342453631,10.0,0.0,5.0,5.0,8.0,8.5,2.0,26.0,7.0
717.030342453631,10.0,0.0,5.0,5.0,8.0,8.5,2.0,26.0,7.0
717.0311729034579,10.0,0.0,5.0,5.0,8.0,8.5,2.0,26.0,7.0
717.4311729034579,10.0,0.0,5.0,5.0,8.0,8.5,2.0,26.0,7.0
717.4320033532848,10.0,0.0,5.0,5.0,8.0,8.5,2.0,26.0,7.0
717.8320033532848,10.0,0.0,5.0,5.0,8.0,8.5,2.0,26.0,7.0
717.8328338031117,10.0,0.0,5.0,5.0,8.0,8.5,2.0,26.0,7.0
718.2328338031117,10.0,0.0,5.0,5.0,8.0,8.5,2.0,26.0,7.0
718.2336642529386,10.0,0.0,5.0,5.0,8.0,8.5,2.0,26.0,7.0
718.6336642529386,10.0,0.0,5.0,5.0,8.0,8.5,2.0,26.0,7.0
718.6344947027656,10.0,0.0,5.0,5.0,8.0,8.5,2.0,26.0,7.0
719.0344947027655,10.0,0.0,5.0,5.0,8.0,8.5,2.0,26.0,7.0
719.0353251525925,10.0,0.0,5.0,5.0,8.0,8.5,2.0,26.0,7.0
719.4353251525924,10.0,0.0,5.0,5.0,8.0,8.5,2.0,26.0,7.0
719.4361556024194,10.0,0.0,5.0,5.0,8.0,8.5,2.0,26.0,7.0
719.8361556024194,10.0,0.0,5.0,5.0,8.0,8.5,2.0,26.0,7.0
719.8369860522463,10.0,0.0,5.0,5.0,8.0,8.5,2.0,26.0,7.0
720.2369860522463,10.0,0.0,5.0,5.0,8.0,8.5,2.0,26.0,7.0
720.2378165020732,10.0,0.0,5.0,5.0,8.0,8.5,2.0,26.0,7.0
720.6378165020732,10.0,0.0,5.0,5.0,8.0,8.5,2.0,26.0,7.0
720.6386469519001,10.0,0.0,5.0,5.0,8.0,11.5,2.0,27.0,7.0
721.0386469519001,10.0,0.0,5.0,5.0,8.0,11.5,2.0,27.0,7.0
721.0391006381004,10.0,0.0,5.0,5.0,8.0,11.5,2.0,27.0,7.0
721.4391006381004,10.0,0.0,5.0,5.0,8.0,11.5,2.0,27.0,7.0
721.4395543243007,10.0,0.0,5.0,5.0,8.0,11.5,2.0,27.0,7.0
721.8395543243007,10.0,0.0,5.0,5.0,8.0,11.5,2.0,27.0,7.0
721.840008010501,10.0,0.0,5.0,5.0,8.0,11.5,2.0,27.0,7.0
722.240008010501,10.0,0.0,5.0,5.0,8.0,11.5,2.0,27.0,7.0
722.2404616967013,10.0,0.0,5.0,5.0,8.0,11.5,2.0,27.0,7.0
722.6404616967013,10.0,0.0,5.0,5.0,8.0,11.5,2.0,27.0,7.0
722.6409153829017,10.0,0.0,5.0,5.0,8.0,11.5,2.0,27.0,7.0
723.0409153829016,10.0,0.0,5.0,5.0,8.0,11.5,2.0,27.0,7.0
723.041369069102,10.0,0.0,5.0,5.0,8.0,11.5,2.0,27.0,7.0
723.4413690691019,10.0,0.0,5.0,5.0,8.0,11.5,2.0,27.0,7.0
723.4418227553023,10.0,0.0,5.0,5.0,8.0,11.5,2.0,27.0,7.0
723.8418227553022,10.0,0.0,5.0,5.0,8.0,11.5,2.0,27.0,7.0
723.8422764415026,10.0,0.0,5.0,5.0,8.0,11.5,2.0,27.0,7.0
724.2422764415026,10.0,0.0,5.0,5.0,8.0,11.5,2.0,27.0,7.0
724.2427301277029,10.0,0.0,5.0,5.0,8.0,11.5,2.0,27.0,7.0
724.6427301277029,10.0,0.0,5.0,5.0,8.0,11.5,2.0,27.0,7.0
724.6431838139032,10.0,0.0,5.0,5.0,8.0,11.5,2.0,27.0,7.0
725.0431838139032,10.0,0.0,5.0,5.0,8.0,11.5,2.0,27.0,7.0
725.0436375001035,10.0,0.0,5.0,5.0,8.0,11.5,2.0,27.0,7.0
725.4436375001035,10.0,0.0,5.0,5.0,8.0,11.5,2.0,27.0,7.0
725.4440911863038,10.0,0.0,5.0,5.0,8.0,11.5,2.0,27.0,7.0
725.8440911863038,10.0,0.0,5.0,5.0,8.0,11.5,2.0,27.0,7.0
725.8445448725041,10.0,0.0,5.0,5.0,8.0,11.5,2.0,27.0,7.0
726.2445448725041,10.0,0.0,5.0,5.0,8.0,11.5,2.0,27.0,7.0
726.2449985587044,10.0,0.0,5.0,5.0,8.0,11.5,2.0,27.0,7.0
726.6449985587044,10.0,0.0,5.0,5.0,8.0,11.5,2.0,27.0,7.0
726.6454522449047,10.0,0.0,5.0,5.0,8.0,11.5,2.0,27.0,7.0
727.0454522449047,10.0,0.0,5.0,5.0,8.0,11.5,2.0,27.0,7.0
727.045905931105,10.0,0.0,5.0,5.0,8.0,11.5,2.0,27.0,7.0
727.445905931105,10.0,0.0,5.0,5.0,8.0,11.5,2.0,27.0,7.0
727.4463596173053,10.0,0.0,5.0,5.0,8.0,11.5,2.0,27.0,7.0
727.8463596173053,10.0,0.0,5.0,5.0,8.0,11.5,2.0,27.0,7.0
727.8468133035057,10.0,0.0,5.0,5.0,8.0,11.5,2.0,27.0,7.0
728.2468133035056,10.0,0.0,5.0,5.0,8.0,11.5,2.0,27.0,7.0
728.247266989706,10.0,0.0,5.0,5.0,8.0,11.5,2.0,27.0,7.0
728.6472669897059,10.0,0.0,5.0,5.0,8.0,11.5,2.0,27.0,7.0
728.6477206759063,10.0,0.0,5.0,5.0,8.0,11.5,2.0,27.0,7.0
729.0477206759062,10.0,0.0,5.0,5.0,8.0,11.5,2.0,27.0,7.0
729.0481743621066,10.0,0.0,5.0,5.0,8.0,11.5,2.0,27.0,7.0
729.4481743621066,10.0,0.0,5.0,5.0,8.0,11.5,2.0,27.0,7.0
729.4486280483069,10.0,0.0,5.0,5.0,8.0,11.5,2.0,27.0,7.0
729.8486280483069,10.0,0.0,5.0,5.0,8.0,11.5,2.0,27.0,7.0
729.8490817345072,10.0,0.0,5.0,5.0,8.0,11.5,2.0,27.0,7.0
730.2490817345072,10.0,0.0,5.0,5.0,8.0,11.5,2.0,27.0,7.0
730.2495354207075,10.0,0.0,5.0,5.0,8.0,11.5,2.0,27.0,7.0
730.6495354207075,10.0,0.0,5.0,5.0,8.0,11.5,2.0,27.0,7.0
730.6499891069078,10.0,0.0,5.0,5.0,8.0,11.5,2.0,27.0,7.0
731.0499891069078,10.0,0.0,5.0,5.0,8.0,11.5,2.0,27.0,7.0
731.0504427931081,10.0,0.0,5.0,5.0,8.0,11.5,2.0,27.0,7.0
731.4504427931081,10.0,0.0,5.0,5.0,8.0,11.5,2.0,27.0,7.0
731.4508964793084,10.0,0.0,5.0,5.0,8.0,11.5,2.0,27.0,7.0
731.8508964793084,10.0,0.0,5.0,5.0,8.0,11.5,2.0,27.0,7.0
731.8513501655087,10.0,0.0,5.0,5.0,8.0,11.5,2.0,27.0,7.0
732.2513501655087,10.0,0.0,5.0,5.0,8.0,11.5,2.0,27.0,7.0
732.251803851709,10.0,0.0,5.0,5.0,8.0,11.5,2.0,27.0,7.0
732.651803851709,10.0,0.0,5.0,5.0,8.0,11.5,2.0,27.0,7.0
732.6522575379093,10.0,0.0,5.0,5.0,8.0,11.5,2.0,27.0,7.0
733.0522575379093,10.0,0.0,5.0,5.0,8.0,11.5,2.0,27.0,7.0
733.0527112241097,10.0,0.0,5.0,5.0,8.0,11.5,2.0,27.0,7.0
733.4527112241096,10.0,0.0,5.0,5.0,8.0,11.5,2.0,27.0,7.0
733.45316491031,10.0,0.0,5.0,5.0,8.0,11.5,2.0,27.0,7.0
733.8531649103099,10.0,0.0,5.0,5.0,8.0,11.5,2.0,27.0,7.0
733.8536185965103,10.0,0.0,5.0,5.0,8.0,11.5,2.0,27.0,7.0
734.2536185965103,10.0,0.0,5.0,5.0,8.0,11.5,2.0,27.0,7.0
734.2540722827106,10.0,0.0,5.0,5.0,8.0,11.5,2.0,27.0,7.0
734.6540722827106,10.0,0.0,5.0,5.0,8.0,11.5,2.0,27.0,7.0
734.6545259689109,10.0,0.0,5.0,5.0,8.0,11.5,2.0,27.0,7.0
735.0545259689109,10.0,0.0,5.0,5.0,8.0,11.5,2.0,27.0,7.0
735.0549796551112,10.0,0.0,5.0,5.0,8.0,11.5,2.0,27.0,7.0
735.4549796551112,10.0,0.0,5.0,5.0,8.0,11.5,2.0,27.0,7.0
735.4554333413115,10.0,0.0,5.0,5.0,8.0,11.5,2.0,27.0,7.0
735.8554333413115,10.0,0.0,5.0,5.0,8.0,11.5,2.0,27.0,7.0
735.8558870275118,10.0,0.0,5.0,5.0,8.0,11.5,2.0,27.0,7.0
736.2558870275118,10.0,0.0,5.0,5.0,8.0,11.5,2.0,27.0,7.0
736.2563407137121,10.0,0.0,5.0,5.0,8.0,11.5,2.0,27.0,7.0
736.6563407137121,10.0,0.0,5.0,5.0,8.0,11.5,2.0,27.0,7.0
736.6567943999124,10.0,0.0,5.0,5.0,8.0,11.5,2.0,27.0,7.0
737.0567943999124,10.0,0.0,5.0,5.0,8.0,11.5,2.0,27.0,7.0
737.0572480861127,10.0,0.0,5.0,5.0,8.0,11.5,2.0,27.0,7.0
737.4572480861127,10.0,0.0,5.0,5.0,8.0,11.5,2.0,27.0,7.0
737.457701772313,10.0,0.0,5.0,5.0,8.0,11.5,2.0,27.0,7.0
737.857701772313,10.0,0.0,5.0,5.0,8.0,11.5,2.0,27.0,7.0
737.8581554585134,10.0,0.0,5.0,5.0,8.0,11.5,2.0,27.0,7.0
738.2581554585133,10.0,0.0,5.0,5.0,8.0,11.5,2.0,27.0,7.0
738.2586091447137,10.0,0.0,5.0,5.0,8.0,11.5,2.0,27.0,7.0
738.6586091447136,10.0,0.0,5.0,5.0,8.0,11.5,2.0,27.0,7.0
738.659062830914,10.0,0.0,5.0,5.0,8.0,11.5,2.0,27.0,7.0
739.059062830914,10.0,0.0,5.0,5.0,8.0,11.5,2.0,27.0,7.0
739.0595165171143,10.0,0.0,5.0,5.0,8.0,11.5,2.0,27.0,7.0
739.4595165171143,10.0,0.0,5.0,5.0,8.0,11.5,2.0,27.0,7.0
739.4599702033146,10.0,0.0,5.0,5.0,8.0,11.5,2.0,27.0,7.0
739.8599702033146,10.0,0.0,5.0,5.0,8.0,11.5,2.0,27.0,7.0
739.8604238895149,10.0,0.0,5.0,5.0,8.0,11.5,2.0,27.0,7.0
740.2604238895149,10.0,0.0,5.0,5.0,8.0,11.5,2.0,27.0,7.0
740.2608775757152,10.0,0.0,5.0,5.0,8.0,11.5,2.0,27.0,7.0
740.6608775757152,10.0,0.0,5.0,5.0,8.0,11.5,2.0,27.0,7.0
740.6613312619155,10.0,0.0,5.0,5.0,8.0,11.5,2.0,27.0,7.0
741.0613312619155,10.0,0.0,5.0,5.0,8.0,11.5,2.0,27.0,7.0
741.0617849481158,10.0,0.0,5.0,5.0,8.0,11.5,2.0,27.0,7.0
741.4617849481158,10.0,0.0,5.0,5.0,8.0,11.5,2.0,27.0,7.0
741.4622386343161,10.0,0.0,5.0,5.0,8.0,11.5,2.0,27.0,7.0
741.8622386343161,10.0,0.0,5.0,5.0,8.0,11.5,2.0,27.0,7.0
741.8626923205164,10.0,0.0,5.0,5.0,8.0,11.5,2.0,27.0,7.0
742.2626923205164,10.0,0.0,5.0,5.0,8.0,11.5,2.0,27.0,7.0
742.2631460067167,10.0,0.0,5.0,5.0,8.0,11.5,2.0,27.0,7.0
742.6631460067167,10.0,0.0,5.0,5.0,8.0,11.5,2.0,27.0,7.0
742.663599692917,10.0,0.0,5.0,5.0,8.0,11.5,2.0,27.0,7.0
743.063599692917,10.0,0.0,5.0,5.0,8.0,11.5,2.0,27.0,7.0
743.0640533791174,10.0,0.0,5.0,5.0,8.0,11.5,2.0,27.0,7.0
743.4640533791173,10.0,0.0,5.0,5.0,8.0,11.5,2.0,27.0,7.0
743.4645070653177,10.0,0.0,5.0,5.0,8.0,11.5,2.0,27.0,7.0
743.8645070653176,10.0,0.0,5.0,5.0,8.0,11.5,2.0,27.0,7.0
743.864960751518,10.0,0.0,5.0,5.0,8.0,11.5,2.0,27.0,7.0
744.264960751518,10.0,0.0,5.0,5.0,8.0,11.5,2.0,27.0,7.0
744.2654144377183,10.0,0.0,5.0,5.0,8.0,11.5,2.0,27.0,7.0
744.6654144377183,10.0,0.0,5.0,5.0,8.0,11.5,2.0,27.0,7.0
744.6658681239186,10.0,0.0,5.0,5.0,8.0,11.5,2.0,27.0,7.0
745.0658681239186,10.0,0.0,5.0,5.0,8.0,11.5,2.0,27.0,7.0
745.0663218101189,10.0,0.0,5.0,5.0,8.0,11.5,2.0,27.0,7.0
745.4663218101189,10.0,0.0,5.0,5.0,8.0,11.5,2.0,27.0,7.0
745.4667754963192,10.0,0.0,5.0,5.0,8.0,11.5,2.0,27.0,7.0
745.8667754963192,10.0,0.0,5.0,5.0,8.0,11.5,2.0,27.0,7.0
745.8672291825195,10.0,0.0,5.0,5.0,8.0,11.5,2.0,27.0,7.0
746.2672291825195,10.0,0.0,5.0,5.0,8.0,11.5,2.0,27.0,7.0
746.2676828687198,10.0,0.0,5.0,5.0,8.0,11.5,2.0,27.0,7.0
746.6676828687198,10.0,0.0,5.0,5.0,8.0,11.5,2.0,27.0,7.0
746.6681365549201,10.0,0.0,5.0,5.0,8.0,11.5,2.0,27.0,7.0
747.0681365549201,10.0,0.0,5.0,5.0,8.0,11.5,2.0,27.0,7.0
747.0685902411204,10.0,0.0,5.0,5.0,8.0,11.5,2.0,27.0,7.0
747.4685902411204,10.0,0.0,5.0,5.0,8.0,11.5,2.0,27.0,7.0
747.4690439273207,10.0,0.0,5.0,5.0,8.0,11.5,2.0,27.0,7.0
747.8690439273207,10.0,0.0,5.0,5.0,8.0,11.5,2.0,27.0,7.0
747.869497613521,10.0,0.0,5.0,5.0,8.0,11.5,2.0,27.0,7.0
748.269497613521,10.0,0.0,5.0,5.0,8.0,11.5,2.0,27.0,7.0
748.2699512997214,10.0,0.0,5.0,5.0,8.0,11.5,2.0,27.0,7.0
748.6699512997213,10.0,0.0,5.0,5.0,8.0,11.5,2.0,27.0,7.0
748.6704049859217,10.0,0.0,5.0,5.0,8.0,11.5,2.0,27.0,7.0
749.0704049859216,10.0,0.0,5.0,5.0,8.0,11.5,2.0,27.0,7.0
749.070858672122,10.0,0.0,5.0,5.0,8.0,11.5,2.0,27.0,7.0
749.470858672122,10.0,0.0,5.0,5.0,8.0,11.5,2.0,27.0,7.0
749.4713123583223,10.0,0.0,5.0,5.0,8.0,11.5,2.0,27.0,7.0
749.8713123583223,10.0,0.0,5.0,5.0,8.0,11.5,2.0,27.0,7.0
749.8717660445226,10.0,0.0,5.0,5.0,8.0,11.5,2.0,27.0,7.0
750.2717660445226,10.0,0.0,5.0,5.0,8.0,11.5,2.0,27.0,7.0
750.2722197307229,10.0,0.0,5.0,5.0,8.0,11.5,2.0,27.0,7.0
750.6722197307229,10.0,0.0,5.0,5.0,8.0,11.5,2.0,27.0,7.0
750.6726734169232,10.0,0.0,5.0,5.0,8.0,11.5,2.0,27.0,7.0
751.0726734169232,10.0,0.0,5.0,5.0,8.0,11.5,2.0,27.0,7.0
751.0731271031235,10.0,0.0,5.0,5.0,8.0,11.5,2.0,27.0,7.0
751.4731271031235,10.0,0.0,5.0,5.0,8.0,11.5,2.0,27.0,7.0
751.4735807893238,10.0,0.0,5.0,5.0,8.0,11.5,2.0,27.0,7.0
751.8735807893238,10.0,0.0,5.0,5.0,8.0,11.5,2.0,27.0,7.0
751.8740344755241,10.0,0.0,5.0,5.0,8.0,11.5,2.0,27.0,7.0
752.2740344755241,10.0,0.0,5.0,5.0,8.0,11.5,2.0,27.0,7.0
752.2744881617244,10.0,0.0,5.0,5.0,8.0,9.5,2.0,28.0,7.0
752.6744881617244,10.0,0.0,5.0,5.0,8.0,9.5,2.0,28.0,7.0
752.675152981669,10.0,0.0,5.0,5.0,8.0,9.5,2.0,28.0,7.0
753.075152981669,10.0,0.0,5.0,5.0,8.0,9.5,2.0,28.0,7.0
753.0758178016137,10.0,0.0,5.0,5.0,8.0,9.5,2.0,28.0,7.0
753.4758178016136,10.0,0.0,5.0,5.0,8.0,9.5,2.0,28.0,7.0
753.4764826215583,10.0,0.0,5.0,5.0,8.0,9.5,2.0,28.0,7.0
753.8764826215582,10.0,0.0,5.0,5.0,8.0,9.5,2.0,28.0,7.0
753.8771474415029,10.0,0.0,5.0,5.0,8.0,9.5,2.0,28.0,7.0
754.2771474415028,10.0,0.0,5.0,5.0,8.0,9.5,2.0,28.0,7.0
754.2778122614475,10.0,0.0,5.0,5.0,8.0,9.5,2.0,28.0,7.0
754.6778122614475,10.0,0.0,5.0,5.0,8.0,9.5,2.0,28.0,7.0
754.6784770813921,10.0,0.0,5.0,5.0,8.0,9.5,2.0,28.0,7.0
755.0784770813921,10.0,0.0,5.0,5.0,8.0,9.5,2.0,28.0,7.0
755.0791419013367,10.0,0.0,5.0,5.0,8.0,9.5,2.0,28.0,7.0
755.4791419013367,10.0,0.0,5.0,5.0,8.0,9.5,2.0,28.0,7.0
755.4798067212813,10.0,0.0,5.0,5.0,8.0,9.5,2.0,28.0,7.0
755.8798067212813,10.0,0.0,5.0,5.0,8.0,9.5,2.0,28.0,7.0
755.8804715412259,10.0,0.0,5.0,5.0,8.0,9.5,2.0,28.0,7.0
756.2804715412259,10.0,0.0,5.0,5.0,8.0,9.5,2.0,28.0,7.0
756.2811363611705,10.0,0.0,5.0,5.0,8.0,9.5,2.0,28.0,7.0
756.6811363611705,10.0,0.0,5.0,5.0,8.0,9.5,2.0,28.0,7.0
756.6818011811151,10.0,0.0,5.0,5.0,8.0,9.5,2.0,28.0,7.0
757.0818011811151,10.0,0.0,5.0,5.0,8.0,9.5,2.0,28.0,7.0
757.0824660010597,10.0,0.0,5.0,5.0,8.0,9.5,2.0,28.0,7.0
757.4824660010597,10.0,0.0,5.0,5.0,8.0,9.5,2.0,28.0,7.0
757.4831308210044,10.0,0.0,5.0,5.0,8.0,9.5,2.0,28.0,7.0
757.8831308210043,10.0,0.0,5.0,5.0,8.0,9.5,2.0,28.0,7.0
757.883795640949,10.0,0.0,5.0,5.0,8.0,9.5,2.0,28.0,7.0
758.2837956409489,10.0,0.0,5.0,5.0,8.0,9.5,2.0,28.0,7.0
758.2844604608936,10.0,0.0,5.0,5.0,8.0,9.5,2.0,28.0,7.0
758.6844604608935,10.0,0.0,5.0,5.0,8.0,9.5,2.0,28.0,7.0
758.6851252808382,10.0,0.0,5.0,5.0,8.0,9.5,2.0,28.0,7.0
759.0851252808382,10.0,0.0,5.0,5.0,8.0,9.5,2.0,28.0,7.0
759.0857901007828,10.0,0.0,5.0,5.0,8.0,9.5,2.0,28.0,7.0
759.4857901007828,10.0,0.0,5.0,5.0,8.0,9.5,2.0,28.0,7.0
759.4864549207274,10.0,0.0,5.0,5.0,8.0,9.5,2.0,28.0,7.0
759.8864549207274,10.0,0.0,5.0,5.0,8.0,9.5,2.0,28.0,7.0
759.887119740672,10.0,0.0,5.0,5.0,8.0,9.5,2.0,28.0,7.0
760.287119740672,10.0,0.0,5.0,5.0,8.0,9.5,2.0,28.0,7.0
760.2877845606166,10.0,0.0,5.0,5.0,8.0,9.5,2.0,28.0,7.0
760.6877845606166,10.0,0.0,5.0,5.0,8.0,9.5,2.0,28.0,7.0
760.6884493805612,10.0,0.0,5.0,5.0,8.0,7.5,2.0,29.0,7.0
761.0884493805612,10.0,0.0,5.0,5.0,8.0,7.5,2.0,29.0,7.0
761.0895160472279,10.0,0.0,5.0,5.0,8.0,7.5,2.0,29.0,7.0
761.4895160472279,10.0,0.0,5.0,5.0,8.0,7.5,2.0,29.0,7.0
761.4905827138946,10.0,0.0,5.0,5.0,8.0,7.5,2.0,29.0,7.0
761.8905827138946,10.0,0.0,5.0,5.0,8.0,7.5,2.0,29.0,7.0
761.8916493805613,10.0,0.0,5.0,5.0,8.0,7.5,2.0,29.0,7.0
762.2916493805612,10.0,0.0,5.0,5.0,8.0,7.5,2.0,29.0,7.0
762.2927160472279,10.0,0.0,5.0,5.0,8.0,7.5,2.0,29.0,7.0
762.6927160472279,10.0,0.0,5.0,5.0,8.0,7.5,2.0,29.0,7.0
762.6937827138946,10.0,0.0,5.0,5.0,8.0,5.5,2.0,30.0,7.0
763.0937827138946,10.0,0.0,5.0,5.0,8.0,5.5,2.0,30.0,7.0
763.0949827138946,10.0,0.0,5.0,5.0,8.0,5.5,2.0,30.0,7.0
763.4949827138946,10.0,0.0,5.0,5.0,8.0,5.5,2.0,30.0,7.0
763.4961827138947,10.0,0.0,5.0,5.0,8.0,5.5,2.0,30.0,7.0
763.8961827138946,10.0,0.0,5.0,5.0,8.0,5.5,2.0,30.0,7.0
763.8973827138947,10.0,0.0,5.0,5.0,8.0,5.5,2.0,30.0,7.0
764.2973827138946,10.0,0.0,5.0,5.0,8.0,5.5,2.0,30.0,7.0
764.2985827138947,10.0,0.0,5.0,5.0,8.0,5.5,2.0,30.0,7.0
764.6985827138947,10.0,0.0,5.0,5.0,8.0,5.5,2.0,30.0,7.0
764.6997827138947,10.0,0.0,5.0,5.0,8.0,5.5,2.0,30.0,7.0
765.0997827138947,10.0,0.0,5.0,5.0,8.0,5.5,2.0,30.0,7.0
765.1009827138947,10.0,0.0,5.0,5.0,8.0,5.5,2.0,30.0,7.0
765.5009827138947,10.0,0.0,5.0,5.0,8.0,5.5,2.0,30.0,7.0
765.5021827138947,10.0,0.0,5.0,5.0,8.0,5.5,2.0,30.0,7.0
765.9021827138947,10.0,0.0,5.0,5.0,8.0,5.5,2.0,30.0,7.0
765.9033827138948,10.0,0.0,5.0,5.0,8.0,5.5,2.0,30.0,7.0
766.3033827138947,10.0,0.0,5.0,5.0,8.0,5.5,2.0,30.0,7.0
766.3045827138948,10.0,0.0,5.0,5.0,8.0,5.5,2.0,30.0,7.0
766.7045827138948,10.0,0.0,5.0,5.0,8.0,5.5,2.0,30.0,7.0
766.7057827138948,10.0,0.0,5.0,5.0,8.0,5.5,2.0,30.0,7.0
767.1057827138948,10.0,0.0,5.0,5.0,8.0,5.5,2.0,30.0,7.0
767.1069827138948,10.0,0.0,5.0,5.0,8.0,5.5,2.0,30.0,7.0
767.5069827138948,10.0,0.0,5.0,5.0,8.0,5.5,2.0,30.0,7.0
767.5081827138948,10.0,0.0,5.0,5.0,8.0,5.5,2.0,30.0,7.0
767.9081827138948,10.0,0.0,5.0,5.0,8.0,5.5,2.0,30.0,7.0
767.9093827138948,10.0,0.0,5.0,5.0,8.0,5.5,2.0,30.0,7.0
768.3093827138948,10.0,0.0,5.0,5.0,8.0,5.5,2.0,30.0,7.0
768.3105827138949,10.0,0.0,5.0,5.0,8.0,5.5,2.0,30.0,7.0
768.7105827138948,10.0,0.0,5.0,5.0,8.0,5.5,2.0,30.0,7.0
768.7117827138949,10.0,0.0,5.0,5.0,8.0,5.5,2.0,30.0,7.0
769.1117827138949,10.0,0.0,5.0,5.0,8.0,5.5,2.0,30.0,7.0
769.1129827138949,10.0,0.0,5.0,5.0,8.0,5.5,2.0,30.0,7.0
769.5129827138949,10.0,0.0,5.0,5.0,8.0,5.5,2.0,30.0,7.0
769.5141827138949,10.0,0.0,5.0,5.0,8.0,5.5,2.0,30.0,7.0
769.9141827138949,10.0,0.0,5.0,5.0,8.0,5.5,2.0,30.0,7.0
769.9153827138949,10.0,0.0,5.0,5.0,8.0,5.5,2.0,30.0,7.0
770.3153827138949,10.0,0.0,5.0,5.0,8.0,5.5,2.0,30.0,7.0
770.316582713895,10.0,0.0,5.0,5.0,8.0,5.5,2.0,30.0,7.0
770.7165827138949,10.0,0.0,5.0,5.0,8.0,5.5,2.0,30.0,7.0
770.717782713895,10.0,0.0,5.0,5.0,8.0,5.5,2.0,30.0,7.0
771.1177827138949,10.0,0.0,5.0,5.0,8.0,5.5,2.0,30.0,7.0
771.118982713895,10.0,0.0,5.0,5.0,8.0,5.5,2.0,30.0,7.0
771.518982713895,10.0,0.0,5.0,5.0,8.0,5.5,2.0,30.0,7.0
771.520182713895,10.0,0.0,5.0,5.0,8.0,5.5,2.0,30.0,7.0
771.920182713895,10.0,0.0,5.0,5.0,8.0,5.5,2.0,30.0,7.0
771.921382713895,10.0,0.0,5.0,5.0,8.0,5.5,2.0,30.0,7.0
772.321382713895,10.0,0.0,5.0,5.0,8.0,5.5,2.0,30.0,7.0
772.322582713895,10.0,0.0,5.0,5.0,8.0,5.5,2.0,30.0,7.0
772.722582713895,10.0,0.0,5.0,5.0,8.0,5.5,2.0,30.0,7.0
772.723782713895,10.0,0.0,5.0,5.0,8.0,5.5,2.0,30.0,7.0
773.123782713895,10.0,0.0,5.0,5.0,8.0,5.5,2.0,30.0,7.0
773.1249827138951,10.0,0.0,5.0,5.0,8.0,5.5,2.0,30.0,7.0
773.524982713895,10.0,0.0,5.0,5.0,8.0,5.5,2.0,30.0,7.0
773.5261827138951,10.0,0.0,5.0,5.0,8.0,5.5,2.0,30.0,7.0
773.9261827138951,10.0,0.0,5.0,5.0,8.0,5.5,2.0,30.0,7.0
773.9273827138951,10.0,0.0,5.0,5.0,8.0,5.5,2.0,30.0,7.0
774.3273827138951,10.0,0.0,5.0,5.0,8.0,5.5,2.0,30.0,7.0
774.3285827138951,10.0,0.0,5.0,5.0,8.0,5.5,2.0,30.0,7.0
774.7285827138951,10.0,0.0,5.0,5.0,8.0,5.5,2.0,30.0,7.0
774.7297827138951,10.0,0.0,5.0,5.0,8.0,5.5,2.0,30.0,7.0
775.1297827138951,10.0,0.0,5.0,5.0,8.0,5.5,2.0,30.0,7.0
775.1309827138952,10.0,0.0,5.0,5.0,8.0,5.5,2.0,30.0,7.0
775.5309827138951,10.0,0.0,5.0,5.0,8.0,5.5,2.0,30.0,7.0
775.5321827138952,10.0,0.0,5.0,5.0,8.0,5.5,2.0,30.0,7.0
775.9321827138951,10.0,0.0,5.0,5.0,8.0,5.5,2.0,30.0,7.0
775.9333827138952,10.0,0.0,5.0,5.0,8.0,5.5,2.0,30.0,7.0
776.3333827138952,10.0,0.0,5.0,5.0,8.0,5.5,2.0,30.0,7.0
776.3345827138952,10.0,0.0,5.0,5.0,8.0,5.5,2.0,30.0,7.0
776.7345827138952,10.0,0.0,5.0,5.0,8.0,5.5,2.0,30.0,7.0
776.7357827138952,10.0,0.0,5.0,5.0,8.0,5.5,2.0,30.0,7.0
777.1357827138952,10.0,0.0,5.0,5.0,8.0,5.5,2.0,30.0,7.0
777.1369827138952,10.0,0.0,5.0,5.0,8.0,5.5,2.0,30.0,7.0
777.5369827138952,10.0,0.0,5.0,5.0,8.0,5.5,2.0,30.0,7.0
777.5381827138953,10.0,0.0,5.0,5.0,8.0,3.5,2.0,31.0,7.0
777.9381827138952,10.0,0.0,5.0,5.0,8.0,3.5,2.0,31.0,7.0
777.9393827138953,10.0,0.0,5.0,5.0,8.0,3.5,2.0,31.0,7.0
778.3393827138952,10.0,0.0,5.0,5.0,8.0,3.5,2.0,31.0,7.0
778.3405827138953,10.0,0.0,5.0,5.0,8.0,3.5,2.0,31.0,7.0
778.7405827138953,10.0,0.0,5.0,5.0,8.0,3.5,2.0,31.0,7.0
778.7417827138953,10.0,0.0,5.0,5.0,8.0,3.5,2.0,31.0,7.0
779.1417827138953,10.0,0.0,5.0,5.0,8.0,3.5,2.0,31.0,7.0
779.1429827138953,10.0,0.0,5.0,5.0,8.0,3.5,2.0,31.0,7.0
779.5429827138953,10.0,0.0,5.0,5.0,8.0,3.5,2.0,31.0,7.0
779.5441827138953,10.0,0.0,5.0,5.0,8.0,3.5,2.0,31.0,7.0
779.9441827138953,10.0,0.0,5.0,5.0,8.0,3.5,2.0,31.0,7.0
779.9453827138954,10.0,0.0,5.0,5.0,8.0,3.5,2.0,31.0,7.0
780.3453827138953,10.0,0.0,5.0,5.0,8.0,3.5,2.0,31.0,7.0
780.3465827138954,10.0,0.0,5.0,5.0,8.0,3.5,0.0,31.0,8.0
780.7465827138954,10.0,0.0,5.0,5.0,8.0,3.5,0.0,31.0,8.0
780.7477827138954,10.0,0.0,5.0,5.0,8.0,3.5,0.0,31.0,8.0
781.1477827138954,10.0,0.0,5.0,5.0,8.0,3.5,0.0,31.0,8.0
781.1489827138954,10.0,0.0,6.0,5.0,8.0,3.5,0.0,31.0,8.0
781.5489827138954,10.0,0.0,6.0,5.0,8.0,3.5,0.0,31.0,8.0
781.5501827138954,10.0,0.0,6.0,5.0,8.0,3.5,0.0,31.0,8.0
781.9501827138954,10.0,0.0,6.0,5.0,8.0,3.5,0.0,31.0,8.0
781.9513827138954,10.0,0.0,6.0,5.0,8.0,3.5,0.0,31.0,8.0
782.3513827138954,10.0,0.0,6.0,5.0,8.0,3.5,0.0,31.0,8.0
782.3525827138955,10.0,0.0,6.0,5.0,8.0,3.5,0.0,31.0,8.0
782.7525827138954,10.0,0.0,6.0,5.0,8.0,3.5,0.0,31.0,8.0
782.7537827138955,10.0,0.0,6.0,5.0,8.0,3.5,0.0,31.0,8.0
783.1537827138955,10.0,0.0,6.0,5.0,8.0,3.5,0.0,31.0,8.0
783.1549827138955,10.0,0.0,6.0,5.0,8.0,3.5,0.0,31.0,8.0
783.5549827138955,10.0,0.0,6.0,5.0,8.0,3.5,0.0,31.0,8.0
783.5561827138955,10.0,0.0,6.0,5.0,8.0,3.5,0.0,31.0,8.0
783.9561827138955,10.0,0.0,6.0,5.0,8.0,3.5,0.0,31.0,8.0
783.9573827138955,10.0,0.0,6.0,5.0,8.0,3.5,0.0,31.0,8.0
784.3573827138955,10.0,0.0,6.0,5.0,8.0,3.5,0.0,31.0,8.0
784.3585827138955,10.0,0.0,6.0,5.0,8.0,3.5,0.0,31.0,8.0
784.7585827138955,10.0,0.0,6.0,5.0,8.0,3.5,0.0,31.0,8.0
784.7597827138956,10.0,0.0,6.0,5.0,8.0,3.5,0.0,31.0,8.0
785.1597827138955,10.0,0.0,6.0,5.0,8.0,3.5,0.0,31.0,8.0
785.1609827138956,10.0,0.0,6.0,5.0,8.0,3.5,0.0,31.0,8.0
785.5609827138956,10.0,0.0,6.0,5.0,8.0,3.5,0.0,31.0,8.0
785.5621827138956,10.0,0.0,6.0,5.0,8.0,3.5,0.0,31.0,8.0
785.9621827138956,10.0,0.0,6.0,5.0,8.0,3.5,0.0,31.0,8.0
785.9633827138956,10.0,0.0,6.0,5.0,8.0,3.5,0.0,31.0,8.0
786.3633827138956,10.0,0.0,6.0,5.0,8.0,3.5,0.0,31.0,8.0
786.3645827138956,10.0,0.0,6.0,5.0,8.0,3.5,0.0,31.0,8.0
786.7645827138956,10.0,0.0,6.0,5.0,8.0,3.5,0.0,31.0,8.0
786.7657827138956,10.0,0.0,6.0,5.0,8.0,3.5,0.0,31.0,8.0
787.1657827138956,10.0,0.0,6.0,5.0,8.0,3.5,0.0,31.0,8.0
787.1669827138957,10.0,0.0,6.0,5.0,8.0,3.5,0.0,31.0,8.0
787.5669827138956,10.0,0.0,6.0,5.0,8.0,3.5,0.0,31.0,8.0
787.5681827138957,10.0,0.0,6.0,5.0,8.0,3.5,0.0,31.0,8.0
787.9681827138957,10.0,0.0,6.0,5.0,8.0,3.5,0.0,31.0,8.0
787.9693827138957,10.0,0.0,6.0,5.0,8.0,3.5,0.0,31.0,8.0
788.3693827138957,10.0,0.0,6.0,5.0,8.0,3.5,0.0,31.0,8.0
788.3705827138957,10.0,0.0,6.0,5.0,8.0,3.5,0.0,31.0,8.0
788.7705827138957,10.0,0.0,6.0,5.0,8.0,3.5,0.0,31.0,8.0
788.7717827138957,10.0,0.0,6.0,5.0,8.0,3.5,0.0,31.0,8.0
789.1717827138957,10.0,0.0,6.0,5.0,8.0,3.5,0.0,31.0,8.0
789.1729827138957,10.0,0.0,6.0,5.0,8.0,3.5,0.0,31.0,8.0
789.5729827138957,10.0,0.0,6.0,5.0,8.0,3.5,0.0,31.0,8.0
789.5741827138958,10.0,0.0,6.0,5.0,8.0,3.5,0.0,31.0,8.0
789.9741827138957,10.0,0.0,6.0,5.0,8.0,3.5,0.0,31.0,8.0
789.9753827138958,10.0,0.0,6.0,5.0,8.0,3.5,0.0,31.0,8.0
790.3753827138958,10.0,0.0,6.0,5.0,8.0,3.5,0.0,31.0,8.0
790.3765827138958,10.0,0.0,6.0,5.0,8.0,3.5,0.0,31.0,8.0
790.7765827138958,10.0,0.0,6.0,5.0,8.0,3.5,0.0,31.0,8.0
790.7777827138958,10.0,0.0,6.0,5.0,8.0,3.5,0.0,31.0,8.0
791.1777827138958,10.0,0.0,6.0,5.0,8.0,3.5,0.0,31.0,8.0
791.1789827138958,10.0,0.0,6.0,5.0,8.0,3.5,0.0,31.0,8.0
791.5789827138958,10.0,0.0,6.0,5.0,8.0,3.5,0.0,31.0,8.0
791.5801827138959,10.0,0.0,6.0,5.0,8.0,3.5,0.0,31.0,8.0
791.9801827138958,10.0,0.0,6.0,5.0,8.0,3.5,0.0,31.0,8.0
791.9813827138959,10.0,0.0,6.0,5.0,8.0,3.5,0.0,31.0,8.0
792.3813827138958,10.0,0.0,6.0,5.0,8.0,3.5,0.0,31.0,8.0
792.3825827138959,0.0,0.0,6.0,5.0,8.0,3.5,0.0,31.0,8.0
792.7825827138959,0.0,0.0,6.0,5.0,8.0,3.5,0.0,31.0,8.0
792.7837827138959,0.0,0.0,6.0,5.0,8.0,3.5,0.0,31.0,8.0
793.1837827138959,0.0,0.0,6.0,5.0,8.0,3.5,0.0,31.0,8.0
793.1849827138959,0.0,0.0,6.0,5.0,8.0,3.5,0.0,31.0,8.0
793.5849827138959,0.0,0.0,6.0,5.0,8.0,3.5,0.0,31.0,8.0
793.5861827138959,0.0,0.0,6.0,5.0,8.0,1.5,0.0,32.0,8.0
793.9861827138959,0.0,0.0,6.0,5.0,8.0,1.5,0.0,32.0,8.0
793.987382713896,0.0,0.0,6.0,5.0,8.0,1.5,0.0,32.0,8.0
794.3873827138959,0.0,0.0,6.0,5.0,8.0,1.5,0.0,32.0,8.0
794.388582713896,0.0,0.0,6.0,5.0,8.0,1.5,0.0,32.0,8.0
794.788582713896,0.0,0.0,6.0,5.0,8.0,1.5,0.0,32.0,8.0
794.789782713896,0.0,0.0,6.0,5.0,8.0,1.5,0.0,32.0,8.0
795.189782713896,0.0,0.0,6.0,5.0,8.0,1.5,0.0,32.0,8.0
795.190982713896,0.0,0.0,6.0,5.0,8.0,1.5,0.0,32.0,8.0
795.590982713896,0.0,0.0,6.0,5.0,8.0,1.5,0.0,32.0,8.0
795.592182713896,0.0,0.0,6.0,5.0,8.0,1.5,0.0,32.0,8.0
795.992182713896,0.0,0.0,6.0,5.0,8.0,1.5,0.0,32.0,8.0
795.993382713896,0.0,0.0,6.0,5.0,8.0,1.5,0.0,32.0,8.0
796.393382713896,0.0,0.0,6.0,5.0,8.0,1.5,0.0,32.0,8.0
796.394582713896,0.0,0.0,6.0,5.0,8.0,1.5,0.0,32.0,8.0
796.794582713896,0.0,0.0,6.0,5.0,8.0,1.5,0.0,32.0,8.0
796.7957827138961,0.0,0.0,6.0,5.0,8.0,1.5,0.0,32.0,8.0
797.195782713896,0.0,0.0,6.0,5.0,8.0,1.5,0.0,32.0,8.0
797.1969827138961,0.0,0.0,6.0,5.0,8.0,1.5,0.0,32.0,8.0
797.5969827138961,0.0,0.0,6.0,5.0,8.0,1.5,0.0,32.0,8.0
797.5981827138961,0.0,0.0,6.0,5.0,8.0,1.5,0.0,32.0,8.0
797.9981827138961,0.0,0.0,6.0,5.0,8.0,1.5,0.0,32.0,8.0
797.9993827138961,0.0,0.0,6.0,5.0,8.0,1.5,0.0,32.0,8.0
798.3993827138961,0.0,0.0,6.0,5.0,8.0,1.5,0.0,32.0,8.0
798.4005827138961,0.0,0.0,6.0,5.0,8.0,1.5,0.0,32.0,8.0
798.8005827138961,0.0,0.0,6.0,5.0,8.0,1.5,0.0,32.0,8.0
798.8017827138962,0.0,0.0,6.0,5.0,8.0,1.5,0.0,32.0,8.0
799.2017827138961,0.0,0.0,6.0,5.0,8.0,1.5,0.0,32.0,8.0
799.2029827138962,0.0,0.0,6.0,5.0,8.0,1.5,0.0,32.0,8.0
799.6029827138962,0.0,0.0,6.0,5.0,8.0,1.5,0.0,32.0,8.0
799.6041827138962,0.0,0.0,6.0,5.0,8.0,1.5,0.0,32.0,8.0
800.0041827138962,0.0,0.0,6.0,5.0,8.0,1.5,0.0,32.0,8.0
800.0053827138962,0.0,0.0,6.0,5.0,8.0,1.5,0.0,32.0,8.0
800.4053827138962,0.0,0.0,6.0,5.0,8.0,1.5,0.0,32.0,8.0
800.4065827138962,0.0,0.0,6.0,5.0,8.0,1.5,0.0,32.0,8.0
800.8065827138962,0.0,0.0,6.0,5.0,8.0,1.5,0.0,32.0,8.0
800.8077827138962,0.0,0.0,6.0,5.0,8.0,1.5,0.0,32.0,8.0
801.2077827138962,0.0,0.0,6.0,5.0,8.0,1.5,0.0,32.0,8.0
801.2089827138963,0.0,0.0,6.0,5.0,8.0,1.5,0.0,32.0,8.0
801.6089827138962,0.0,0.0,6.0,5.0,8.0,1.5,0.0,32.0,8.0
801.6101827138963,0.0,0.0,6.0,5.0,8.0,1.5,0.0,32.0,8.0
802.0101827138963,0.0,0.0,6.0,5.0,8.0,1.5,0.0,32.0,8.0
802.0113827138963,0.0,0.0,6.0,5.0,8.0,1.5,0.0,32.0,8.0
802.4113827138963,0.0,0.0,6.0,5.0,8.0,1.5,0.0,32.0,8.0
802.4125827138963,0.0,0.0,6.0,5.0,8.0,1.5,0.0,32.0,8.0
802.8125827138963,0.0,0.0,6.0,5.0,8.0,1.5,0.0,32.0,8.0
802.8137827138963,0.0,0.0,6.0,5.0,8.0,1.5,0.0,32.0,8.0
803.2137827138963,0.0,0.0,6.0,5.0,8.0,1.5,0.0,32.0,8.0
803.2149827138963,0.0,0.0,6.0,5.0,8.0,1.5,0.0,32.0,8.0
803.6149827138963,0.0,0.0,6.0,5.0,8.0,1.5,0.0,32.0,8.0
803.6161827138964,0.0,0.0,6.0,5.0,8.0,1.5,5.0,32.0,8.0
804.0161827138963,0.0,0.0,6.0,5.0,8.0,1.5,5.0,32.0,8.0
804.0173827138964,0.0,0.0,6.0,5.0,8.0,1.5,5.0,32.0,8.0
804.4173827138964,0.0,0.0,6.0,5.0,8.0,1.5,5.0,32.0,8.0
804.4185827138964,0.0,0.0,6.0,5.0,8.0,1.5,5.0,32.0,8.0
804.8185827138964,0.0,0.0,6.0,5.0,8.0,1.5,5.0,32.0,8.0
804.8197827138964,0.0,0.0,6.0,5.0,8.0,1.5,5.0,32.0,8.0
805.2197827138964,0.0,0.0,6.0,5.0,8.0,1.5,5.0,32.0,8.0
805.2209827138964,0.0,0.0,6.0,5.0,8.0,1.5,5.0,32.0,8.0
805.6209827138964,0.0,0.0,6.0,5.0,8.0,1.5,5.0,32.0,8.0
805.6221827138964,0.0,0.0,6.0,5.0,8.0,1.5,5.0,32.0,8.0
806.0221827138964,0.0,0.0,6.0,5.0,8.0,1.5,5.0,32.0,8.0
806.0233827138965,0.0,0.0,6.0,5.0,8.0,1.5,5.0,32.0,8.0
806.4233827138964,0.0,0.0,6.0,5.0,8.0,1.5,5.0,32.0,8.0
806.4245827138965,0.0,0.0,6.0,5.0,8.0,1.5,5.0,32.0,8.0
806.8245827138965,0.0,0.0,6.0,5.0,8.0,1.5,5.0,32.0,8.0
806.8257827138965,0.0,0.0,6.0,5.0,8.0,1.5,5.0,32.0,8.0
807.2257827138965,0.0,0.0,6.0,5.0,8.0,1.5,5.0,32.0,8.0
807.2269827138965,0.0,0.0,6.0,5.0,8.0,1.5,5.0,32.0,8.0
807.6269827138965,0.0,0.0,6.0,5.0,8.0,1.5,5.0,32.0,8.0
807.6281827138965,0.0,0.0,6.0,5.0,8.0,1.5,5.0,32.0,8.0
808.0281827138965,0.0,0.0,6.0,5.0,8.0,1.5,5.0,32.0,8.0
808.0293827138966,0.0,0.0,7.0,5.0,8.0,1.5,5.0,32.0,8.0
808.4293827138965,0.0,0.0,7.0,5.0,8.0,1.5,5.0,32.0,8.0
808.4305827138966,0.0,0.0,7.0,5.0,8.0,1.5,5.0,32.0,8.0
808.8305827138965,0.0,0.0,7.0,5.0,8.0,1.5,5.0,32.0,8.0
808.8317827138966,0.0,0.0,7.0,5.0,8.0,1.5,5.0,32.0,8.0
809.2317827138966,0.0,0.0,7.0,5.0,8.0,1.5,5.0,32.0,8.0
809.2329827138966,0.0,0.0,7.0,5.0,8.0,1.5,5.0,32.0,8.0
809.6329827138966,0.0,0.0,7.0,5.0,8.0,1.5,5.0,32.0,8.0
809.6341827138966,0.0,0.0,7.0,5.0,8.0,1.5,5.0,32.0,8.0
810.0341827138966,0.0,0.0,7.0,5.0,8.0,1.5,5.0,32.0,8.0
810.0353827138966,0.0,0.0,7.0,5.0,8.0,1.5,5.0,32.0,8.0
810.4353827138966,0.0,0.0,7.0,5.0,8.0,1.5,5.0,32.0,8.0
810.4365827138967,0.0,0.0,7.0,5.0,8.0,1.5,5.0,32.0,8.0
810.8365827138966,0.0,0.0,7.0,5.0,8.0,1.5,5.0,32.0,8.0
810.8377827138967,0.0,0.0,7.0,5.0,8.0,1.5,5.0,32.0,8.0
811.2377827138966,0.0,0.0,7.0,5.0,8.0,1.5,5.0,32.0,8.0
811.2389827138967,0.0,0.0,7.0,5.0,8.0,1.5,5.0,32.0,8.0
811.6389827138967,0.0,0.0,7.0,5.0,8.0,1.5,5.0,32.0,8.0
811.6401827138967,10.0,0.0,7.0,5.0,8.0,1.5,5.0,32.0,8.0
812.0401827138967,10.0,0.0,7.0,5.0,8.0,1.5,5.0,32.0,8.0
812.0413827138967,10.0,0.0,7.0,5.0,8.0,1.5,5.0,32.0,8.0
812.4413827138967,10.0,0.0,7.0,5.0,8.0,1.5,5.0,32.0,8.0
812.4425827138967,10.0,0.0,7.0,5.0,8.0,1.5,5.0,32.0,8.0
812.8425827138967,10.0,0.0,7.0,5.0,8.0,1.5,5.0,32.0,8.0
812.8437827138968,10.0,0.0,7.0,5.0,8.0,1.5,5.0,32.0,8.0
813.2437827138967,10.0,0.0,7.0,5.0,8.0,1.5,5.0,32.0,8.0
813.2449827138968,10.0,0.0,7.0,5.0,8.0,1.5,5.0,32.0,8.0
813.6449827138968,10.0,0.0,7.0,5.0,8.0,1.5,5.0,32.0,8.0
813.6461827138968,10.0,0.0,7.0,5.0,8.0,1.5,5.0,32.0,8.0
814.0461827138968,10.0,0.0,7.0,5.0,8.0,1.5,5.0,32.0,8.0
814.0473827138968,10.0,0.0,7.0,5.0,8.0,1.5,5.0,32.0,8.0
814.4473827138968,10.0,0.0,7.0,5.0,8.0,1.5,5.0,32.0,8.0
814.4485827138968,10.0,0.0,7.0,5.0,8.0,1.5,5.0,32.0,8.0
814.8485827138968,10.0,0.0,7.0,5.0,8.0,1.5,5.0,32.0,8.0
814.8497827138968,10.0,0.0,7.0,5.0,8.0,1.5,5.0,32.0,8.0
815.2497827138968,10.0,0.0,7.0,5.0,8.0,1.5,5.0,32.0,8.0
815.2509827138969,10.0,0.0,7.0,5.0,8.0,1.5,5.0,32.0,8.0
815.6509827138968,10.0,0.0,7.0,5.0,8.0,1.5,5.0,32.0,8.0
815.6521827138969,10.0,0.0,7.0,5.0,8.0,1.5,5.0,32.0,8.0
816.0521827138969,10.0,0.0,7.0,5.0,8.0,1.5,5.0,32.0,8.0
816.0533827138969,10.0,0.0,7.0,5.0,8.0,1.5,5.0,32.0,8.0
816.4533827138969,10.0,0.0,7.0,5.0,8.0,1.5,5.0,32.0,8.0
816.4545827138969,10.0,0.0,7.0,5.0,8.0,1.5,5.0,32.0,8.0
816.8545827138969,10.0,0.0,7.0,5.0,8.0,1.5,5.0,32.0,8.0
816.8557827138969,10.0,0.0,7.0,5.0,8.0,1.5,5.0,32.0,8.0
817.2557827138969,10.0,0.0,7.0,5.0,8.0,1.5,5.0,32.0,8.0
817.256982713897,10.0,0.0,7.0,5.0,8.0,1.5,5.0,32.0,8.0
817.6569827138969,10.0,0.0,7.0,5.0,8.0,1.5,5.0,32.0,8.0
817.658182713897,10.0,0.0,7.0,5.0,8.0,1.5,5.0,32.0,8.0
818.0581827138969,10.0,0.0,7.0,5.0,8.0,1.5,5.0,32.0,8.0
818.059382713897,10.0,0.0,7.0,5.0,8.0,1.5,5.0,32.0,8.0
818.459382713897,10.0,0.0,7.0,5.0,8.0,1.5,5.0,32.0,8.0
818.460582713897,10.0,0.0,7.0,5.0,8.0,1.5,5.0,32.0,8.0
818.860582713897,10.0,0.0,7.0,5.0,8.0,1.5,5.0,32.0,8.0
818.861782713897,10.0,0.0,7.0,5.0,8.0,1.5,5.0,32.0,8.0
819.261782713897,10.0,0.0,7.0,5.0,8.0,1.5,5.0,32.0,8.0
819.262982713897,10.0,0.0,7.0,5.0,8.0,1.5,5.0,32.0,8.0
819.662982713897,10.0,0.0,7.0,5.0,8.0,1.5,5.0,32.0,8.0
819.664182713897,10.0,0.0,7.0,5.0,8.0,1.5,5.0,32.0,8.0
820.064182713897,10.0,0.0,7.0,5.0,8.0,1.5,5.0,32.0,8.0
820.0653827138971,10.0,0.0,7.0,5.0,8.0,1.5,5.0,32.0,8.0
820.465382713897,10.0,0.0,7.0,5.0,8.0,1.5,5.0,32.0,8.0
820.4665827138971,10.0,0.0,7.0,5.0,8.0,1.5,5.0,32.0,8.0
820.8665827138971,10.0,0.0,7.0,5.0,8.0,1.5,5.0,32.0,8.0
820.8677827138971,20.0,0.0,7.0,5.0,8.0,1.5,5.0,32.0,8.0
821.2677827138971,20.0,0.0,7.0,5.0,8.0,1.5,5.0,32.0,8.0
821.2689827138971,20.0,0.0,7.0,5.0,8.0,1.5,5.0,32.0,8.0
821.6689827138971,20.0,0.0,7.0,5.0,8.0,1.5,5.0,32.0,8.0
821.6701827138971,20.0,0.0,7.0,5.0,8.0,1.5,5.0,32.0,8.0
822.0701827138971,20.0,0.0,7.0,5.0,8.0,1.5,5.0,32.0,8.0
822.0713827138972,20.0,0.0,7.0,5.0,8.0,1.5,5.0,32.0,8.0
822.4713827138971,20.0,0.0,7.0,5.0,8.0,1.5,5.0,32.0,8.0
822.4725827138972,20.0,0.0,7.0,5.0,8.0,1.5,5.0,32.0,8.0
822.8725827138971,20.0,0.0,7.0,5.0,8.0,1.5,5.0,32.0,8.0
822.8737827138972,20.0,0.0,7.0,5.0,8.0,1.5,5.0,32.0,8.0
823.2737827138972,20.0,0.0,7.0,5.0,8.0,1.5,5.0,32.0,8.0
823.2749827138972,20.0,0.0,7.0,5.0,8.0,1.5,5.0,32.0,8.0
823.6749827138972,20.0,0.0,7.0,5.0,8.0,1.5,5.0,32.0,8.0
823.6761827138972,20.0,0.0,7.0,5.0,8.0,1.5,5.0,32.0,8.0
824.0761827138972,20.0,0.0,7.0,5.0,8.0,1.5,5.0,32.0,8.0
824.0773827138972,10.0,0.0,7.0,5.0,8.0,1.5,5.0,32.0,8.0
824.4773827138972,10.0,0.0,7.0,5.0,8.0,1.5,5.0,32.0,8.0
824.4785827138973,10.0,0.0,7.0,5.0,8.0,1.5,5.0,32.0,8.0
824.8785827138972,10.0,0.0,7.0,5.0,8.0,1.5,5.0,32.0,8.0
824.8797827138973,10.0,0.0,7.0,5.0,8.0,1.5,5.0,32.0,8.0
825.2797827138972,10.0,0.0,7.0,5.0,8.0,1.5,5.0,32.0,8.0
825.2809827138973,10.0,0.0,7.0,5.0,8.0,1.5,5.0,32.0,8.0
825.6809827138973,10.0,0.0,7.0,5.0,8.0,1.5,5.0,32.0,8.0
825.6821827138973,10.0,0.0,7.0,5.0,8.0,1.5,5.0,32.0,8.0
826.0821827138973,10.0,0.0,7.0,5.0,8.0,1.5,5.0,32.0,8.0
826.0833827138973,10.0,0.0,7.0,5.0,8.0,1.5,5.0,32.0,8.0
826.4833827138973,10.0,0.0,7.0,5.0,8.0,1.5,5.0,32.0,8.0
826.4845827138973,10.0,0.0,7.0,5.0,8.0,1.5,5.0,32.0,8.0
826.8845827138973,10.0,0.0,7.0,5.0,8.0,1.5,5.0,32.0,8.0
826.8857827138974,10.0,0.0,7.0,5.0,8.0,1.5,5.0,32.0,8.0
827.2857827138973,10.0,0.0,7.0,5.0,8.0,1.5,5.0,32.0,8.0
827.2869827138974,10.0,0.0,7.0,5.0,8.0,1.5,5.0,32.0,8.0
827.6869827138974,10.0,0.0,7.0,5.0,8.0,1.5,5.0,32.0,8.0
827.6881827138974,10.0,0.0,7.0,5.0,8.0,1.5,5.0,32.0,8.0
828.0881827138974,10.0,0.0,7.0,5.0,8.0,1.5,5.0,32.0,8.0
828.0893827138974,10.0,0.0,7.0,5.0,8.0,1.5,5.0,32.0,8.0
828.4893827138974,10.0,0.0,7.0,5.0,8.0,1.5,5.0,32.0,8.0
828.4905827138974,10.0,0.0,7.0,5.0,8.0,1.5,5.0,32.0,8.0
828.8905827138974,10.0,0.0,7.0,5.0,8.0,1.5,5.0,32.0,8.0
828.8917827138974,10.0,0.0,7.0,5.0,8.0,1.5,5.0,32.0,8.0
829.2917827138974,10.0,0.0,7.0,5.0,8.0,1.5,5.0,32.0,8.0
829.2929827138975,10.0,0.0,7.0,5.0,8.0,1.5,5.0,32.0,8.0
829.6929827138974,10.0,0.0,7.0,5.0,8.0,1.5,5.0,32.0,8.0
829.6941827138975,10.0,0.0,7.0,5.0,8.0,1.5,5.0,32.0,8.0
830.0941827138975,10.0,0.0,7.0,5.0,8.0,1.5,5.0,32.0,8.0
830.0953827138975,10.0,0.0,7.0,5.0,8.0,1.5,5.0,31.0,8.0
830.4953827138975,10.0,0.0,7.0,5.0,8.0,1.5,5.0,31.0,8.0
830.4965827138975,10.0,0.0,7.0,5.0,8.0,1.5,5.0,31.0,8.0
830.8965827138975,10.0,0.0,7.0,5.0,8.0,1.5,5.0,31.0,8.0
830.8977827138975,10.0,0.0,7.0,5.0,8.0,1.5,5.0,31.0,8.0
831.2977827138975,10.0,0.0,7.0,5.0,8.0,1.5,5.0,31.0,8.0
831.2989827138975,10.0,0.0,8.0,5.0,8.0,1.5,5.0,31.0,8.0
831.6989827138975,10.0,0.0,8.0,5.0,8.0,1.5,5.0,31.0,8.0
831.7001827138976,10.0,0.0,8.0,5.0,8.0,1.5,5.0,31.0,8.0
832.1001827138975,10.0,0.0,8.0,5.0,8.0,1.5,5.0,31.0,8.0
832.1013827138976,10.0,0.0,8.0,5.0,8.0,1.5,5.0,31.0,8.0
832.5013827138976,10.0,0.0,8.0,5.0,8.0,1.5,5.0,31.0,8.0
832.5025827138976,10.0,0.0,8.0,5.0,8.0,1.5,5.0,31.0,8.0
832.9025827138976,10.0,0.0,8.0,5.0,8.0,1.5,5.0,31.0,8.0
832.9037827138976,10.0,0.0,8.0,5.0,8.0,1.5,5.0,31.0,8.0
833.3037827138976,10.0,0.0,8.0,5.0,8.0,1.5,5.0,31.0,8.0
833.3049827138976,10.0,0.0,8.0,5.0,8.0,1.5,5.0,31.0,8.0
833.7049827138976,10.0,0.0,8.0,5.0,8.0,1.5,5.0,31.0,8.0
833.7061827138976,10.0,0.0,8.0,5.0,8.0,1.5,5.0,31.0,8.0
834.1061827138976,10.0,0.0,8.0,5.0,8.0,1.5,5.0,31.0,8.0
834.1073827138977,10.0,0.0,8.0,5.0,8.0,1.5,5.0,31.0,8.0
834.5073827138976,10.0,0.0,8.0,5.0,8.0,1.5,5.0,31.0,8.0
834.5085827138977,10.0,0.0,8.0,5.0,8.0,1.5,5.0,31.0,8.0
834.9085827138977,10.0,0.0,8.0,5.0,8.0,1.5,5.0,31.0,8.0
834.9097827138977,10.0,0.0,8.0,5.0,8.0,1.5,5.0,31.0,8.0
835.3097827138977,10.0,0.0,8.0,5.0,8.0,1.5,5.0,31.0,8.0
835.3109827138977,10.0,0.0,8.0,5.0,8.0,1.5,5.0,31.0,8.0
835.7109827138977,10.0,0.0,8.0,5.0,8.0,1.5,5.0,31.0,8.0
835.7121827138977,10.0,0.0,8.0,5.0,8.0,1.5,5.0,31.0,8.0
836.1121827138977,10.0,0.0,8.0,5.0,8.0,1.5,5.0,31.0,8.0
836.1133827138977,20.0,0.0,8.0,5.0,8.0,1.5,5.0,31.0,8.0
836.5133827138977,20.0,0.0,8.0,5.0,8.0,1.5,5.0,31.0,8.0
836.5145827138978,20.0,0.0,8.0,5.0,8.0,1.5,5.0,31.0,8.0
836.9145827138977,20.0,0.0,8.0,5.0,8.0,1.5,5.0,31.0,8.0
836.9157827138978,20.0,0.0,8.0,5.0,8.0,1.5,5.0,31.0,8.0
837.3157827138978,20.0,0.0,8.0,5.0,8.0,1.5,5.0,31.0,8.0
837.3169827138978,20.0,0.0,8.0,5.0,8.0,1.5,5.0,31.0,8.0
837.7169827138978,20.0,0.0,8.0,5.0,8.0,1.5,5.0,31.0,8.0
837.7181827138978,20.0,0.0,8.0,5.0,8.0,1.5,5.0,31.0,8.0
838.1181827138978,20.0,0.0,8.0,5.0,8.0,1.5,5.0,31.0,8.0
838.1193827138978,20.0,0.0,8.0,5.0,8.0,1.5,5.0,31.0,8.0
838.5193827138978,20.0,0.0,8.0,5.0,8.0,1.5,5.0,31.0,8.0
838.5205827138979,20.0,0.0,8.0,5.0,8.0,1.5,3.0,31.0,9.0
838.9205827138978,20.0,0.0,8.0,5.0,8.0,1.5,3.0,31.0,9.0
838.9217827138979,20.0,0.0,8.0,5.0,8.0,1.5,3.0,31.0,9.0
839.3217827138978,20.0,0.0,8.0,5.0,8.0,1.5,3.0,31.0,9.0
839.3229827138979,20.0,0.0,8.0,5.0,8.0,1.5,3.0,31.0,9.0
839.7229827138979,20.0,0.0,8.0,5.0,8.0,1.5,3.0,31.0,9.0
839.7241827138979,20.0,0.0,8.0,5.0,8.0,1.5,3.0,31.0,9.0
840.1241827138979,20.0,0.0,8.0,5.0,8.0,1.5,3.0,31.0,9.0
840.1253827138979,20.0,0.0,8.0,5.0,8.0,1.5,3.0,31.0,9.0
840.5253827138979,20.0,0.0,8.0,5.0,8.0,1.5,3.0,31.0,9.0
840.5265827138979,20.0,0.0,8.0,5.0,8.0,1.5,3.0,31.0,9.0
840.9265827138979,20.0,0.0,8.0,5.0,8.0,1.5,3.0,31.0,9.0
840.927782713898,30.0,0.0,8.0,5.0,8.0,1.5,3.0,31.0,9.0
841.3277827138979,30.0,0.0,8.0,5.0,8.0,1.5,3.0,31.0,9.0
841.328982713898,30.0,0.0,8.0,5.0,8.0,1.5,3.0,31.0,9.0
841.728982713898,30.0,0.0,8.0,5.0,8.0,1.5,3.0,31.0,9.0
841.730182713898,30.0,0.0,8.0,5.0,8.0,1.5,3.0,31.0,9.0
842.130182713898,30.0,0.0,8.0,5.0,8.0,1.5,3.0,31.0,9.0
842.131382713898,30.0,0.0,8.0,5.0,8.0,1.5,3.0,31.0,9.0
842.531382713898,30.0,0.0,8.0,5.0,8.0,1.5,3.0,31.0,9.0
842.532582713898,30.0,0.0,8.0,5.0,8.0,1.5,3.0,31.0,9.0
842.932582713898,30.0,0.0,8.0,5.0,8.0,1.5,3.0,31.0,9.0
842.933782713898,30.0,0.0,8.0,5.0,8.0,1.5,3.0,31.0,9.0
843.333782713898,30.0,0.0,8.0,5.0,8.0,1.5,3.0,31.0,9.0
843.3349827138981,30.0,0.0,8.0,5.0,8.0,1.5,3.0,31.0,9.0
843.734982713898,30.0,0.0,8.0,5.0,8.0,1.5,3.0,31.0,9.0
843.7361827138981,30.0,0.0,8.0,5.0,8.0,1.5,3.0,31.0,9.0
844.136182713898,30.0,0.0,8.0,5.0,8.0,1.5,3.0,31.0,9.0
844.1373827138981,30.0,0.0,8.0,5.0,8.0,1.5,3.0,31.0,9.0
844.5373827138981,30.0,0.0,8.0,5.0,8.0,1.5,3.0,31.0,9.0
844.5385827138981,30.0,0.0,8.0,5.0,8.0,1.5,3.0,31.0,9.0
844.9385827138981,30.0,0.0,8.0,5.0,8.0,1.5,3.0,31.0,9.0
844.9397827138981,30.0,0.0,8.0,5.0,8.0,1.5,3.0,31.0,9.0
845.3397827138981,30.0,0.0,8.0,5.0,8.0,1.5,3.0,31.0,9.0
845.3409827138981,30.0,0.0,8.0,5.0,8.0,1.5,3.0,31.0,9.0
845.7409827138981,30.0,0.0,8.0,5.0,8.0,1.5,3.0,31.0,9.0
845.7421827138982,30.0,0.0,8.0,5.0,8.0,1.5,3.0,31.0,9.0
846.1421827138981,30.0,0.0,8.0,5.0,8.0,1.5,3.0,31.0,9.0
846.1433827138982,30.0,0.0,8.0,5.0,8.0,1.5,3.0,31.0,9.0
846.5433827138982,30.0,0.0,8.0,5.0,8.0,1.5,3.0,31.0,9.0
846.5445827138982,40.0,0.0,8.0,5.0,8.0,1.5,3.0,31.0,9.0
846.9445827138982,40.0,0.0,8.0,5.0,8.0,1.5,3.0,31.0,9.0
846.9457827138982,40.0,0.0,8.0,5.0,8.0,1.5,3.0,31.0,9.0
847.3457827138982,40.0,0.0,8.0,5.0,8.0,1.5,3.0,31.0,9.0
847.3469827138982,40.0,0.0,8.0,5.0,8.0,1.5,3.0,31.0,9.0
847.7469827138982,40.0,0.0,8.0,5.0,8.0,1.5,3.0,31.0,9.0
847.7481827138982,40.0,0.0,8.0,5.0,8.0,1.5,3.0,31.0,9.0
848.1481827138982,40.0,0.0,8.0,5.0,8.0,1.5,3.0,31.0,9.0
848.1493827138983,40.0,0.0,8.0,5.0,8.0,1.5,3.0,31.0,9.0
848.5493827138982,40.0,0.0,8.0,5.0,8.0,1.5,3.0,31.0,9.0
848.5505827138983,40.0,0.0,8.0,5.0,8.0,1.5,3.0,31.0,9.0
848.9505827138983,40.0,0.0,8.0,5.0,8.0,1.5,3.0,31.0,9.0
848.9517827138983,40.0,0.0,8.0,5.0,8.0,1.5,3.0,31.0,9.0
849.3517827138983,40.0,0.0,8.0,5.0,8.0,1.5,3.0,31.0,9.0
849.3529827138983,40.0,0.0,8.0,5.0,8.0,1.5,3.0,31.0,9.0
849.7529827138983,40.0,0.0,8.0,5.0,8.0,1.5,3.0,31.0,9.0
849.7541827138983,40.0,0.0,8.0,5.0,8.0,1.5,3.0,31.0,9.0
850.1541827138983,40.0,0.0,8.0,5.0,8.0,1.5,3.0,31.0,9.0
850.1553827138983,40.0,0.0,8.0,5.0,8.0,1.5,3.0,31.0,9.0
850.5553827138983,40.0,0.0,8.0,5.0,8.0,1.5,3.0,31.0,9.0
850.5565827138984,40.0,0.0,8.0,5.0,8.0,1.5,3.0,31.0,9.0
850.9565827138983,40.0,0.0,8.0,5.0,8.0,1.5,3.0,31.0,9.0
850.9577827138984,40.0,0.0,8.0,5.0,8.0,1.5,3.0,31.0,9.0
851.3577827138984,40.0,0.0,8.0,5.0,8.0,1.5,3.0,31.0,9.0
851.3589827138984,40.0,0.0,8.0,5.0,8.0,1.5,3.0,31.0,9.0
851.7589827138984,40.0,0.0,8.0,5.0,8.0,1.5,3.0,31.0,9.0
851.7601827138984,40.0,0.0,8.0,5.0,8.0,1.5,3.0,31.0,9.0
852.1601827138984,40.0,0.0,8.0,5.0,8.0,1.5,3.0,31.0,9.0
852.1613827138984,40.0,0.0,8.0,5.0,8.0,1.5,3.0,31.0,9.0
852.5613827138984,40.0,0.0,8.0,5.0,8.0,1.5,3.0,31.0,9.0
852.5625827138985,40.0,0.0,8.0,5.0,8.0,1.5,3.0,31.0,9.0
852.9625827138984,40.0,0.0,8.0,5.0,8.0,1.5,3.0,31.0,9.0
852.9637827138985,40.0,0.0,8.0,5.0,8.0,1.5,3.0,31.0,9.0
853.3637827138984,40.0,0.0,8.0,5.0,8.0,1.5,3.0,31.0,9.0
853.3649827138985,40.0,0.0,8.0,5.0,8.0,1.5,3.0,31.0,9.0
853.7649827138985,40.0,0.0,8.0,5.0,8.0,1.5,3.0,31.0,9.0
853.7661827138985,40.0,0.0,8.0,5.0,8.0,1.5,3.0,31.0,9.0
854.1661827138985,40.0,0.0,8.0,5.0,8.0,1.5,3.0,31.0,9.0
854.1673827138985,40.0,0.0,8.0,5.0,8.0,1.5,3.0,31.0,9.0
854.5673827138985,40.0,0.0,8.0,5.0,8.0,1.5,3.0,31.0,9.0
854.5685827138985,50.0,0.0,8.0,5.0,8.0,1.5,3.0,31.0,9.0
854.9685827138985,50.0,0.0,8.0,5.0,8.0,1.5,3.0,31.0,9.0
854.9697827138986,50.0,0.0,8.0,5.0,8.0,1.5,3.0,31.0,9.0
855.3697827138985,50.0,0.0,8.0,5.0,8.0,1.5,3.0,31.0,9.0
855.3709827138986,50.0,0.0,8.0,5.0,8.0,1.5,3.0,31.0,9.0
855.7709827138985,50.0,0.0,8.0,5.0,8.0,1.5,3.0,31.0,9.0
855.7721827138986,50.0,0.0,8.0,5.0,8.0,1.5,3.0,31.0,9.0
856.1721827138986,50.0,0.0,8.0,5.0,8.0,1.5,3.0,31.0,9.0
856.1733827138986,50.0,0.0,8.0,5.0,8.0,1.5,3.0,31.0,9.0
856.5733827138986,50.0,0.0,8.0,5.0,8.0,1.5,3.0,31.0,9.0
856.5745827138986,50.0,0.0,8.0,5.0,8.0,1.5,3.0,31.0,9.0
856.9745827138986,50.0,0.0,8.0,5.0,8.0,1.5,3.0,31.0,9.0
856.9757827138986,60.0,0.0,8.0,5.0,8.0,1.5,3.0,31.0,9.0
857.3757827138986,60.0,0.0,8.0,5.0,8.0,1.5,3.0,31.0,9.0
857.3767827138986,60.0,0.0,8.0,5.0,8.0,1.5,3.0,31.0,9.0
857.7767827138986,60.0,0.0,8.0,5.0,8.0,1.5,3.0,31.0,9.0
857.7777827138985,60.0,0.0,8.0,5.0,8.0,1.5,3.0,31.0,9.0
858.1777827138985,60.0,0.0,8.0,5.0,8.0,1.5,3.0,31.0,9.0
858.1787827138985,60.0,0.0,8.0,5.0,8.0,1.5,3.0,31.0,9.0
858.5787827138985,60.0,0.0,8.0,5.0,8.0,1.5,3.0,31.0,9.0
858.5797827138985,60.0,0.0,8.0,5.0,8.0,1.5,3.0,31.0,9.0
858.9797827138984,60.0,0.0,8.0,5.0,8.0,1.5,3.0,31.0,9.0
858.9807827138984,60.0,0.0,8.0,5.0,8.0,1.5,3.0,31.0,9.0
859.3807827138984,60.0,0.0,8.0,5.0,8.0,1.5,3.0,31.0,9.0
859.3817827138984,60.0,0.0,8.0,5.0,8.0,1.5,3.0,31.0,9.0
859.7817827138983,60.0,0.0,8.0,5.0,8.0,1.5,3.0,31.0,9.0
859.7827827138983,60.0,0.0,8.0,5.0,8.0,1.5,3.0,31.0,9.0
860.1827827138983,60.0,0.0,8.0,5.0,8.0,1.5,3.0,31.0,9.0
860.1837827138983,60.0,0.0,8.0,5.0,8.0,1.5,3.0,31.0,9.0
860.5837827138982,60.0,0.0,8.0,5.0,8.0,1.5,3.0,31.0,9.0
860.5847827138982,60.0,0.0,8.0,5.0,8.0,1.5,3.0,31.0,9.0
860.9847827138982,60.0,0.0,8.0,5.0,8.0,1.5,3.0,31.0,9.0
860.9857827138982,60.0,0.0,8.0,5.0,8.0,1.5,3.0,31.0,9.0
861.3857827138982,60.0,0.0,8.0,5.0,8.0,1.5,3.0,31.0,9.0
861.3867827138981,60.0,0.0,8.0,5.0,8.0,1.5,3.0,31.0,9.0
861.7867827138981,60.0,0.0,8.0,5.0,8.0,1.5,3.0,31.0,9.0
861.7877827138981,60.0,0.0,8.0,5.0,8.0,1.5,3.0,31.0,9.0
862.1877827138981,60.0,0.0,8.0,5.0,8.0,1.5,3.0,31.0,9.0
862.188782713898,60.0,0.0,8.0,5.0,8.0,1.5,3.0,31.0,9.0
862.588782713898,60.0,0.0,8.0,5.0,8.0,1.5,3.0,31.0,9.0
862.589782713898,60.0,0.0,8.0,5.0,8.0,1.5,3.0,31.0,9.0
862.989782713898,60.0,0.0,8.0,5.0,8.0,1.5,3.0,31.0,9.0
862.9907827138979,60.0,0.0,8.0,5.0,8.0,1.5,3.0,31.0,9.0
863.3907827138979,60.0,0.0,8.0,5.0,8.0,1.5,3.0,31.0,9.0
863.3917827138979,60.0,0.0,8.0,5.0,8.0,1.5,3.0,31.0,9.0
863.7917827138979,60.0,0.0,8.0,5.0,8.0,1.5,3.0,31.0,9.0
863.7927827138979,60.0,0.0,8.0,5.0,8.0,1.5,3.0,31.0,9.0
864.1927827138978,60.0,0.0,8.0,5.0,8.0,1.5,3.0,31.0,9.0
864.1937827138978,60.0,0.0,8.0,5.0,8.0,1.5,3.0,31.0,9.0
864.5937827138978,60.0,0.0,8.0,5.0,8.0,1.5,3.0,31.0,9.0
864.5947827138978,60.0,0.0,8.0,5.0,8.0,1.5,3.0,31.0,9.0
864.9947827138977,60.0,0.0,8.0,5.0,8.0,1.5,3.0,31.0,9.0
864.9957827138977,60.0,0.0,8.0,5.0,8.0,1.5,3.0,31.0,9.0
865.3957827138977,60.0,0.0,8.0,5.0,8.0,1.5,3.0,31.0,9.0
865.3967827138977,60.0,0.0,8.0,5.0,8.0,1.5,3.0,31.0,9.0
865.7967827138976,60.0,0.0,8.0,5.0,8.0,1.5,3.0,31.0,9.0
865.7977827138976,60.0,0.0,8.0,5.0,8.0,1.5,3.0,31.0,9.0
866.1977827138976,60.0,0.0,8.0,5.0,8.0,1.5,3.0,31.0,9.0
866.1987827138976,60.0,0.0,8.0,5.0,8.0,1.5,3.0,31.0,9.0
866.5987827138975,60.0,0.0,8.0,5.0,8.0,1.5,3.0,31.0,9.0
866.5997827138975,60.0,0.0,8.0,5.0,8.0,6.5,3.0,31.0,9.0
866.9997827138975,60.0,0.0,8.0,5.0,8.0,6.5,3.0,31.0,9.0
867.0007827138975,60.0,0.0,8.0,5.0,8.0,6.5,3.0,31.0,9.0
867.4007827138975,60.0,0.0,8.0,5.0,8.0,6.5,3.0,31.0,9.0
867.4017827138974,50.0,0.0,8.0,5.0,8.0,6.5,3.0,31.0,9.0
867.8017827138974,50.0,0.0,8.0,5.0,8.0,6.5,3.0,31.0,9.0
867.8029827138974,50.0,0.0,8.0,5.0,8.0,6.5,3.0,31.0,9.0
868.2029827138974,50.0,0.0,8.0,5.0,8.0,6.5,3.0,31.0,9.0
868.2041827138975,50.0,0.0,8.0,5.0,8.0,6.5,3.0,31.0,9.0
868.6041827138974,50.0,0.0,8.0,5.0,8.0,6.5,3.0,31.0,9.0
868.6053827138975,50.0,0.0,8.0,5.0,8.0,6.5,3.0,31.0,9.0
869.0053827138975,50.0,0.0,8.0,5.0,8.0,6.5,3.0,31.0,9.0
869.0065827138975,50.0,0.0,8.0,5.0,8.0,6.5,3.0,31.0,9.0
869.4065827138975,50.0,0.0,8.0,5.0,8.0,6.5,3.0,31.0,9.0
869.4077827138975,50.0,0.0,8.0,5.0,8.0,6.5,3.0,31.0,9.0
869.8077827138975,50.0,0.0,8.0,5.0,8.0,6.5,3.0,31.0,9.0
869.8089827138975,50.0,0.0,8.0,5.0,8.0,6.5,3.0,31.0,9.0
870.2089827138975,50.0,0.0,8.0,5.0,8.0,6.5,3.0,31.0,9.0
870.2101827138976,50.0,0.0,8.0,5.0,8.0,6.5,3.0,31.0,9.0
870.6101827138975,50.0,0.0,8.0,5.0,8.0,6.5,3.0,31.0,9.0
870.6113827138976,50.0,0.0,8.0,5.0,8.0,6.5,3.0,31.0,9.0
871.0113827138975,50.0,0.0,8.0,5.0,8.0,6.5,3.0,31.0,9.0
871.0125827138976,50.0,0.0,8.0,5.0,8.0,6.5,3.0,31.0,9.0
871.4125827138976,50.0,0.0,8.0,5.0,8.0,6.5,3.0,31.0,9.0
871.4137827138976,50.0,0.0,8.0,5.0,8.0,6.5,3.0,31.0,9.0
871.8137827138976,50.0,0.0,8.0,5.0,8.0,6.5,3.0,31.0,9.0
871.8149827138976,50.0,0.0,8.0,5.0,8.0,4.5,3.0,32.0,9.0
872.2149827138976,50.0,0.0,8.0,5.0,8.0,4.5,3.0,32.0,9.0
872.2161827138976,50.0,0.0,8.0,5.0,8.0,4.5,3.0,32.0,9.0
872.6161827138976,50.0,0.0,8.0,5.0,8.0,4.5,3.0,32.0,9.0
872.6173827138977,50.0,0.0,8.0,5.0,8.0,4.5,3.0,32.0,9.0
873.0173827138976,50.0,0.0,8.0,5.0,8.0,4.5,3.0,32.0,9.0
873.0185827138977,50.0,0.0,8.0,5.0,8.0,4.5,3.0,32.0,9.0
873.4185827138976,50.0,0.0,8.0,5.0,8.0,4.5,3.0,32.0,9.0
873.4197827138977,50.0,0.0,8.0,5.0,8.0,4.5,3.0,32.0,9.0
873.8197827138977,50.0,0.0,8.0,5.0,8.0,4.5,3.0,32.0,9.0
873.8209827138977,50.0,0.0,8.0,5.0,8.0,4.5,3.0,32.0,9.0
874.2209827138977,50.0,0.0,8.0,5.0,8.0,4.5,3.0,32.0,9.0
874.2221827138977,50.0,0.0,8.0,5.0,8.0,4.5,3.0,32.0,9.0
874.6221827138977,50.0,0.0,8.0,5.0,8.0,4.5,3.0,32.0,9.0
874.6233827138977,50.0,0.0,8.0,5.0,8.0,4.5,3.0,32.0,9.0
875.0233827138977,50.0,0.0,8.0,5.0,8.0,4.5,3.0,32.0,9.0
875.0245827138978,50.0,0.0,8.0,5.0,8.0,4.5,3.0,32.0,9.0
875.4245827138977,50.0,0.0,8.0,5.0,8.0,4.5,3.0,32.0,9.0
875.4257827138978,50.0,0.0,8.0,5.0,8.0,4.5,3.0,32.0,9.0
875.8257827138978,50.0,0.0,8.0,5.0,8.0,4.5,3.0,32.0,9.0
875.8269827138978,50.0,0.0,8.0,5.0,8.0,4.5,3.0,32.0,9.0
876.2269827138978,50.0,0.0,8.0,5.0,8.0,4.5,3.0,32.0,9.0
876.2281827138978,50.0,0.0,8.0,5.0,8.0,4.5,3.0,32.0,9.0
876.6281827138978,50.0,0.0,8.0,5.0,8.0,4.5,3.0,32.0,9.0
876.6293827138978,50.0,0.0,8.0,5.0,8.0,4.5,3.0,32.0,9.0
877.0293827138978,50.0,0.0,8.0,5.0,8.0,4.5,3.0,32.0,9.0
877.0305827138978,50.0,0.0,8.0,5.0,8.0,4.5,3.0,32.0,9.0
877.4305827138978,50.0,0.0,8.0,5.0,8.0,4.5,3.0,32.0,9.0
877.4317827138979,50.0,0.0,8.0,5.0,8.0,4.5,3.0,32.0,9.0
877.8317827138978,50.0,0.0,8.0,5.0,8.0,4.5,3.0,32.0,9.0
877.8329827138979,50.0,0.0,8.0,5.0,8.0,4.5,3.0,32.0,9.0
878.2329827138979,50.0,0.0,8.0,5.0,8.0,4.5,3.0,32.0,9.0
878.2341827138979,50.0,0.0,8.0,5.0,8.0,4.5,3.0,32.0,9.0
878.6341827138979,50.0,0.0,8.0,5.0,8.0,4.5,3.0,32.0,9.0
878.6353827138979,50.0,0.0,8.0,5.0,8.0,4.5,3.0,32.0,9.0
879.0353827138979,50.0,0.0,8.0,5.0,8.0,4.5,3.0,32.0,9.0
879.0365827138979,50.0,0.0,8.0,5.0,8.0,4.5,3.0,32.0,9.0
879.4365827138979,50.0,0.0,8.0,5.0,8.0,4.5,3.0,32.0,9.0
879.437782713898,50.0,0.0,8.0,5.0,8.0,4.5,3.0,32.0,9.0
879.8377827138979,50.0,0.0,8.0,5.0,8.0,4.5,3.0,32.0,9.0
879.838982713898,50.0,0.0,8.0,5.0,8.0,4.5,3.0,32.0,9.0
880.2389827138979,50.0,0.0,8.0,5.0,8.0,4.5,3.0,32.0,9.0
880.240182713898,50.0,0.0,8.0,5.0,8.0,4.5,3.0,32.0,9.0
880.640182713898,50.0,0.0,8.0,5.0,8.0,4.5,3.0,32.0,9.0
880.641382713898,50.0,0.0,8.0,5.0,8.0,4.5,3.0,32.0,9.0
881.041382713898,50.0,0.0,8.0,5.0,8.0,4.5,3.0,32.0,9.0
881.042582713898,50.0,0.0,8.0,5.0,8.0,4.5,3.0,32.0,9.0
881.442582713898,50.0,0.0,8.0,5.0,8.0,4.5,3.0,32.0,9.0
881.443782713898,50.0,0.0,8.0,5.0,8.0,4.5,3.0,32.0,9.0
881.843782713898,50.0,0.0,8.0,5.0,8.0,4.5,3.0,32.0,9.0
881.844982713898,50.0,0.0,8.0,5.0,8.0,4.5,3.0,32.0,9.0
882.244982713898,50.0,0.0,8.0,5.0,8.0,4.5,3.0,32.0,9.0
882.2461827138981,50.0,0.0,8.0,5.0,8.0,4.5,3.0,32.0,9.0
882.646182713898,50.0,0.0,8.0,5.0,8.0,4.5,3.0,32.0,9.0
882.6473827138981,50.0,0.0,8.0,5.0,8.0,4.5,3.0,32.0,9.0
883.0473827138981,50.0,0.0,8.0,5.0,8.0,4.5,3.0,32.0,9.0
883.0485827138981,50.0,0.0,8.0,5.0,8.0,4.5,3.0,32.0,9.0
883.4485827138981,50.0,0.0,8.0,5.0,8.0,4.5,3.0,32.0,9.0
883.4497827138981,50.0,0.0,8.0,5.0,8.0,4.5,3.0,32.0,9.0
883.8497827138981,50.0,0.0,8.0,5.0,8.0,4.5,3.0,32.0,9.0
883.8509827138981,50.0,0.0,8.0,5.0,8.0,4.5,3.0,32.0,9.0
884.2509827138981,50.0,0.0,8.0,5.0,8.0,4.5,3.0,32.0,9.0
884.2521827138982,50.0,0.0,8.0,5.0,8.0,4.5,3.0,32.0,9.0
884.6521827138981,50.0,0.0,8.0,5.0,8.0,4.5,3.0,32.0,9.0
884.6533827138982,50.0,0.0,8.0,5.0,8.0,4.5,3.0,32.0,9.0
885.0533827138981,50.0,0.0,8.0,5.0,8.0,4.5,3.0,32.0,9.0
885.0545827138982,50.0,0.0,8.0,5.0,8.0,2.5,3.0,33.0,9.0
885.4545827138982,50.0,0.0,8.0,5.0,8.0,2.5,3.0,33.0,9.0
885.4557827138982,50.0,0.0,8.0,5.0,8.0,2.5,3.0,33.0,9.0
885.8557827138982,50.0,0.0,8.0,5.0,8.0,2.5,3.0,33.0,9.0
885.8569827138982,60.0,0.0,8.0,5.0,8.0,2.5,3.0,33.0,9.0
886.2569827138982,60.0,0.0,8.0,5.0,8.0,2.5,3.0,33.0,9.0
886.2579827138982,60.0,0.0,8.0,5.0,8.0,2.5,3.0,33.0,9.0
886.6579827138981,60.0,0.0,8.0,5.0,8.0,2.5,3.0,33.0,9.0
886.6589827138981,50.0,0.0,8.0,5.0,8.0,2.5,3.0,33.0,9.0
887.0589827138981,50.0,0.0,8.0,5.0,8.0,2.5,3.0,33.0,9.0
887.0601827138981,50.0,0.0,8.0,5.0,8.0,7.5,3.0,33.0,9.0
887.4601827138981,50.0,0.0,8.0,5.0,8.0,7.5,3.0,33.0,9.0
887.4612493805648,50.0,0.0,8.0,5.0,8.0,7.5,3.0,33.0,9.0
887.8612493805648,50.0,0.0,8.0,5.0,8.0,7.5,3.0,33.0,9.0
887.8623160472315,50.0,0.0,8.0,5.0,8.0,7.5,3.0,33.0,9.0
888.2623160472315,50.0,0.0,8.0,5.0,8.0,7.5,3.0,33.0,9.0
888.2633827138982,50.0,0.0,8.0,5.0,8.0,7.5,3.0,33.0,9.0
888.6633827138982,50.0,0.0,8.0,5.0,8.0,7.5,3.0,33.0,9.0
888.6644493805649,50.0,0.0,8.0,5.0,8.0,7.5,3.0,33.0,9.0
889.0644493805648,50.0,0.0,8.0,5.0,8.0,7.5,3.0,33.0,9.0
889.0655160472315,50.0,0.0,8.0,5.0,8.0,7.5,3.0,33.0,9.0
889.4655160472315,50.0,0.0,8.0,5.0,8.0,7.5,3.0,33.0,9.0
889.4665827138982,50.0,0.0,8.0,5.0,8.0,7.5,3.0,33.0,9.0
889.8665827138982,50.0,0.0,8.0,5.0,8.0,7.5,3.0,33.0,9.0
889.8676493805649,50.0,0.0,8.0,5.0,8.0,7.5,3.0,33.0,9.0
890.2676493805649,50.0,0.0,8.0,5.0,8.0,7.5,3.0,33.0,9.0
890.2687160472316,50.0,0.0,8.0,5.0,8.0,7.5,3.0,33.0,9.0
890.6687160472316,50.0,0.0,8.0,5.0,8.0,7.5,3.0,33.0,9.0
890.6697827138983,50.0,0.0,8.0,5.0,8.0,7.5,3.0,33.0,9.0
891.0697827138982,50.0,0.0,8.0,5.0,8.0,7.5,3.0,33.0,9.0
891.0708493805649,50.0,0.0,8.0,5.0,8.0,7.5,3.0,33.0,9.0
891.4708493805649,50.0,0.0,8.0,5.0,8.0,7.5,3.0,33.0,9.0
891.4719160472316,50.0,0.0,8.0,5.0,8.0,7.5,3.0,33.0,9.0
891.8719160472316,50.0,0.0,8.0,5.0,8.0,7.5,3.0,33.0,9.0
891.8729827138983,40.0,0.0,8.0,5.0,8.0,7.5,3.0,33.0,9.0
892.2729827138983,40.0,0.0,8.0,5.0,8.0,7.5,3.0,33.0,9.0
892.274049380565,40.0,0.0,8.0,5.0,8.0,7.5,3.0,33.0,9.0
892.674049380565,40.0,0.0,8.0,5.0,8.0,7.5,3.0,33.0,9.0
892.6751160472317,40.0,0.0,8.0,5.0,8.0,7.5,3.0,33.0,9.0
893.0751160472316,40.0,0.0,8.0,5.0,8.0,7.5,3.0,33.0,9.0
893.0761827138983,40.0,0.0,8.0,5.0,8.0,7.5,3.0,33.0,9.0
893.4761827138983,40.0,0.0,8.0,5.0,8.0,7.5,3.0,33.0,9.0
893.477249380565,40.0,0.0,8.0,5.0,8.0,7.5,3.0,33.0,9.0
893.877249380565,40.0,0.0,8.0,5.0,8.0,7.5,3.0,33.0,9.0
893.8783160472317,40.0,0.0,8.0,5.0,8.0,7.5,3.0,33.0,9.0
894.2783160472317,40.0,0.0,8.0,5.0,8.0,7.5,3.0,33.0,9.0
894.2793827138984,40.0,0.0,8.0,5.0,8.0,7.5,3.0,33.0,9.0
894.6793827138983,40.0,0.0,8.0,5.0,8.0,7.5,3.0,33.0,9.0
894.680449380565,40.0,0.0,8.0,5.0,8.0,7.5,3.0,33.0,9.0
895.080449380565,40.0,0.0,8.0,5.0,8.0,7.5,3.0,33.0,9.0
895.0815160472317,40.0,0.0,8.0,5.0,8.0,7.5,3.0,33.0,9.0
895.4815160472317,40.0,0.0,8.0,5.0,8.0,7.5,3.0,33.0,9.0
895.4825827138984,40.0,0.0,8.0,5.0,8.0,7.5,3.0,33.0,9.0
895.8825827138984,40.0,0.0,8.0,5.0,8.0,7.5,3.0,33.0,9.0
895.8836493805651,40.0,0.0,8.0,5.0,8.0,7.5,3.0,33.0,9.0
896.2836493805651,40.0,0.0,8.0,5.0,8.0,7.5,3.0,33.0,9.0
896.2847160472318,40.0,0.0,8.0,5.0,8.0,7.5,3.0,33.0,9.0
896.6847160472317,40.0,0.0,8.0,5.0,8.0,7.5,3.0,33.0,9.0
896.6857827138984,40.0,0.0,8.0,5.0,8.0,7.5,3.0,33.0,9.0
897.0857827138984,40.0,0.0,8.0,5.0,8.0,7.5,3.0,33.0,9.0
897.0868493805651,40.0,0.0,8.0,5.0,8.0,5.5,3.0,34.0,9.0
897.4868493805651,40.0,0.0,8.0,5.0,8.0,5.5,3.0,34.0,9.0
897.4880493805651,40.0,0.0,8.0,5.0,8.0,5.5,3.0,34.0,9.0
897.8880493805651,40.0,0.0,8.0,5.0,8.0,5.5,3.0,34.0,9.0
897.8892493805652,40.0,0.0,8.0,5.0,8.0,5.5,3.0,34.0,9.0
898.2892493805651,40.0,0.0,8.0,5.0,8.0,5.5,3.0,34.0,9.0
898.2904493805652,40.0,0.0,8.0,5.0,8.0,5.5,3.0,34.0,9.0
898.6904493805652,40.0,0.0,8.0,5.0,8.0,5.5,3.0,34.0,9.0
898.6916493805652,40.0,0.0,8.0,5.0,8.0,5.5,3.0,34.0,9.0
899.0916493805652,40.0,0.0,8.0,5.0,8.0,5.5,3.0,34.0,9.0
899.0928493805652,40.0,0.0,8.0,5.0,8.0,5.5,3.0,34.0,9.0
899.4928493805652,40.0,0.0,8.0,5.0,8.0,5.5,3.0,34.0,9.0
899.4940493805652,40.0,0.0,8.0,5.0,8.0,3.5,3.0,35.0,9.0
899.8940493805652,40.0,0.0,8.0,5.0,8.0,3.5,3.0,35.0,9.0
899.8952493805652,40.0,0.0,8.0,5.0,8.0,3.5,3.0,35.0,9.0
900.2952493805652,40.0,0.0,8.0,5.0,8.0,3.5,3.0,35.0,9.0
900.2964493805653,40.0,0.0,8.0,5.0,8.0,3.5,3.0,35.0,9.0
900.6964493805652,40.0,0.0,8.0,5.0,8.0,3.5,3.0,35.0,9.0
900.6976493805653,40.0,0.0,8.0,5.0,8.0,3.5,3.0,35.0,9.0
901.0976493805653,40.0,0.0,8.0,5.0,8.0,3.5,3.0,35.0,9.0
901.0988493805653,40.0,0.0,8.0,5.0,8.0,3.5,3.0,35.0,9.0
901.4988493805653,40.0,0.0,8.0,5.0,8.0,3.5,3.0,35.0,9.0
901.5000493805653,40.0,0.0,8.0,5.0,8.0,3.5,3.0,35.0,9.0
901.9000493805653,40.0,0.0,8.0,5.0,8.0,3.5,3.0,35.0,9.0
901.9012493805653,40.0,0.0,8.0,5.0,8.0,3.5,3.0,35.0,9.0
902.3012493805653,40.0,0.0,8.0,5.0,8.0,3.5,3.0,35.0,9.0
902.3024493805653,40.0,0.0,8.0,5.0,8.0,3.5,3.0,35.0,9.0
902.7024493805653,40.0,0.0,8.0,5.0,8.0,3.5,3.0,35.0,9.0
902.7036493805654,40.0,0.0,8.0,5.0,8.0,3.5,3.0,35.0,9.0
903.1036493805653,40.0,0.0,8.0,5.0,8.0,3.5,3.0,35.0,9.0
903.1048493805654,40.0,0.0,8.0,5.0,8.0,3.5,3.0,35.0,9.0
903.5048493805654,40.0,0.0,8.0,5.0,8.0,3.5,3.0,35.0,9.0
903.5060493805654,40.0,0.0,8.0,5.0,8.0,3.5,3.0,35.0,9.0
903.9060493805654,40.0,0.0,8.0,5.0,8.0,3.5,3.0,35.0,9.0
903.9072493805654,40.0,0.0,8.0,5.0,8.0,3.5,3.0,35.0,9.0
904.3072493805654,40.0,0.0,8.0,5.0,8.0,3.5,3.0,35.0,9.0
904.3084493805654,40.0,0.0,8.0,5.0,8.0,3.5,3.0,35.0,9.0
904.7084493805654,40.0,0.0,8.0,5.0,8.0,3.5,3.0,35.0,9.0
904.7096493805655,40.0,0.0,8.0,5.0,8.0,3.5,3.0,35.0,9.0
905.1096493805654,40.0,0.0,8.0,5.0,8.0,3.5,3.0,35.0,9.0
905.1108493805655,40.0,0.0,8.0,5.0,8.0,3.5,3.0,35.0,9.0
905.5108493805654,40.0,0.0,8.0,5.0,8.0,3.5,3.0,35.0,9.0
905.5120493805655,40.0,0.0,8.0,5.0,8.0,3.5,3.0,35.0,9.0
905.9120493805655,40.0,0.0,8.0,5.0,8.0,3.5,3.0,35.0,9.0
905.9132493805655,40.0,0.0,8.0,5.0,8.0,3.5,3.0,35.0,9.0
906.3132493805655,40.0,0.0,8.0,5.0,8.0,3.5,3.0,35.0,9.0
906.3144493805655,40.0,0.0,8.0,5.0,8.0,3.5,3.0,35.0,9.0
906.7144493805655,40.0,0.0,8.0,5.0,8.0,3.5,3.0,35.0,9.0
906.7156493805655,40.0,0.0,8.0,5.0,8.0,3.5,3.0,35.0,9.0
907.1156493805655,40.0,0.0,8.0,5.0,8.0,3.5,3.0,35.0,9.0
907.1168493805656,40.0,0.0,8.0,5.0,8.0,3.5,3.0,35.0,9.0
907.5168493805655,40.0,0.0,8.0,5.0,8.0,3.5,3.0,35.0,9.0
907.5180493805656,40.0,0.0,8.0,5.0,8.0,3.5,3.0,35.0,9.0
907.9180493805655,40.0,0.0,8.0,5.0,8.0,3.5,3.0,35.0,9.0
907.9192493805656,40.0,0.0,8.0,5.0,8.0,1.5,3.0,36.0,9.0
908.3192493805656,40.0,0.0,8.0,5.0,8.0,1.5,3.0,36.0,9.0
908.3204493805656,40.0,0.0,8.0,5.0,8.0,1.5,3.0,36.0,9.0
908.7204493805656,40.0,0.0,8.0,5.0,8.0,1.5,3.0,36.0,9.0
908.7216493805656,40.0,0.0,8.0,5.0,8.0,1.5,3.0,36.0,9.0
909.1216493805656,40.0,0.0,8.0,5.0,8.0,1.5,3.0,36.0,9.0
909.1228493805656,40.0,0.0,8.0,5.0,8.0,1.5,3.0,36.0,9.0
909.5228493805656,40.0,0.0,8.0,5.0,8.0,1.5,3.0,36.0,9.0
909.5240493805657,40.0,0.0,8.0,5.0,8.0,1.5,3.0,36.0,9.0
909.9240493805656,40.0,0.0,8.0,5.0,8.0,1.5,3.0,36.0,9.0
909.9252493805657,40.0,0.0,8.0,5.0,8.0,1.5,3.0,36.0,9.0
910.3252493805657,40.0,0.0,8.0,5.0,8.0,1.5,3.0,36.0,9.0
910.3264493805657,40.0,0.0,8.0,5.0,8.0,1.5,3.0,36.0,9.0
910.7264493805657,40.0,0.0,8.0,5.0,8.0,1.5,3.0,36.0,9.0
910.7276493805657,40.0,0.0,8.0,5.0,8.0,1.5,3.0,36.0,9.0
911.1276493805657,40.0,0.0,8.0,5.0,8.0,1.5,3.0,36.0,9.0
911.1288493805657,40.0,0.0,8.0,5.0,8.0,1.5,3.0,36.0,9.0
911.5288493805657,40.0,0.0,8.0,5.0,8.0,1.5,3.0,36.0,9.0
911.5300493805657,40.0,0.0,8.0,5.0,8.0,1.5,3.0,36.0,9.0
911.9300493805657,40.0,0.0,8.0,5.0,8.0,1.5,3.0,36.0,9.0
911.9312493805658,40.0,0.0,8.0,5.0,8.0,1.5,3.0,36.0,9.0
912.3312493805657,40.0,0.0,8.0,5.0,8.0,1.5,3.0,36.0,9.0
912.3324493805658,40.0,0.0,8.0,5.0,8.0,1.5,3.0,36.0,9.0
912.7324493805658,40.0,0.0,8.0,5.0,8.0,1.5,3.0,36.0,9.0
912.7336493805658,40.0,0.0,8.0,5.0,8.0,1.5,3.0,36.0,9.0
913.1336493805658,40.0,0.0,8.0,5.0,8.0,1.5,3.0,36.0,9.0
913.1348493805658,40.0,0.0,8.0,5.0,8.0,1.5,3.0,36.0,9.0
913.5348493805658,40.0,0.0,8.0,5.0,8.0,1.5,3.0,36.0,9.0
913.5360493805658,40.0,0.0,8.0,5.0,8.0,1.5,3.0,36.0,9.0
913.9360493805658,40.0,0.0,8.0,5.0,8.0,1.5,3.0,36.0,9.0
913.9372493805658,40.0,0.0,8.0,5.0,8.0,1.5,3.0,36.0,9.0
914.3372493805658,40.0,0.0,8.0,5.0,8.0,1.5,3.0,36.0,9.0
914.3384493805659,40.0,0.0,8.0,5.0,8.0,1.5,3.0,36.0,9.0
914.7384493805658,40.0,0.0,8.0,5.0,8.0,1.5,3.0,36.0,9.0
914.7396493805659,40.0,0.0,8.0,5.0,8.0,1.5,3.0,36.0,9.0
915.1396493805659,40.0,0.0,8.0,5.0,8.0,1.5,3.0,36.0,9.0
915.1408493805659,40.0,0.0,8.0,5.0,8.0,1.5,3.0,36.0,9.0
915.5408493805659,40.0,0.0,8.0,5.0,8.0,1.5,3.0,36.0,9.0
915.5420493805659,40.0,0.0,8.0,5.0,8.0,1.5,3.0,36.0,9.0
915.9420493805659,40.0,0.0,8.0,5.0,8.0,1.5,3.0,36.0,9.0
915.9432493805659,40.0,0.0,8.0,5.0,8.0,1.5,3.0,36.0,9.0
916.3432493805659,40.0,0.0,8.0,5.0,8.0,1.5,3.0,36.0,9.0
916.344449380566,40.0,0.0,8.0,5.0,8.0,1.5,3.0,36.0,9.0
916.7444493805659,40.0,0.0,8.0,5.0,8.0,1.5,3.0,36.0,9.0
916.745649380566,40.0,0.0,8.0,5.0,8.0,1.5,3.0,36.0,9.0
917.1456493805659,40.0,0.0,8.0,5.0,8.0,1.5,3.0,36.0,9.0
917.146849380566,40.0,0.0,8.0,5.0,8.0,1.5,3.0,36.0,9.0
917.546849380566,40.0,0.0,8.0,5.0,8.0,1.5,3.0,36.0,9.0
917.548049380566,40.0,0.0,8.0,5.0,8.0,1.5,3.0,36.0,9.0
917.948049380566,40.0,0.0,8.0,5.0,8.0,1.5,3.0,36.0,9.0
917.949249380566,40.0,0.0,8.0,5.0,8.0,1.5,3.0,36.0,9.0
918.349249380566,40.0,0.0,8.0,5.0,8.0,1.5,3.0,36.0,9.0
918.350449380566,40.0,0.0,8.0,5.0,8.0,1.5,3.0,36.0,9.0
918.750449380566,40.0,0.0,8.0,5.0,8.0,1.5,3.0,36.0,9.0
918.751649380566,40.0,0.0,8.0,5.0,8.0,1.5,3.0,36.0,9.0
919.151649380566,40.0,0.0,8.0,5.0,8.0,1.5,3.0,36.0,9.0
919.1528493805661,30.0,0.0,8.0,5.0,8.0,1.5,3.0,36.0,9.0
919.552849380566,30.0,0.0,8.0,5.0,8.0,1.5,3.0,36.0,9.0
919.5540493805661,30.0,0.0,8.0,5.0,8.0,1.5,3.0,36.0,9.0
919.9540493805661,30.0,0.0,8.0,5.0,8.0,1.5,3.0,36.0,9.0
919.9552493805661,30.0,0.0,8.0,5.0,8.0,1.5,3.0,36.0,9.0
920.3552493805661,30.0,0.0,8.0,5.0,8.0,1.5,3.0,36.0,9.0
920.3564493805661,30.0,0.0,8.0,5.0,8.0,1.5,3.0,36.0,9.0
920.7564493805661,30.0,0.0,8.0,5.0,8.0,1.5,3.0,36.0,9.0
920.7576493805661,30.0,0.0,8.0,5.0,8.0,1.5,3.0,36.0,9.0
921.1576493805661,30.0,0.0,8.0,5.0,8.0,1.5,3.0,36.0,9.0
921.1588493805662,30.0,0.0,8.0,5.0,8.0,1.5,3.0,36.0,9.0
921.5588493805661,30.0,0.0,8.0,5.0,8.0,1.5,3.0,36.0,9.0
921.5600493805662,30.0,0.0,8.0,5.0,8.0,1.5,3.0,36.0,9.0
921.9600493805661,30.0,0.0,8.0,5.0,8.0,1.5,3.0,36.0,9.0
921.9612493805662,30.0,0.0,8.0,5.0,8.0,1.5,3.0,36.0,9.0
922.3612493805662,30.0,0.0,8.0,5.0,8.0,1.5,3.0,36.0,9.0
922.3624493805662,30.0,0.0,8.0,5.0,8.0,1.5,3.0,36.0,9.0
922.7624493805662,30.0,0.0,8.0,5.0,8.0,1.5,3.0,36.0,9.0
922.7636493805662,30.0,0.0,8.0,5.0,8.0,1.5,3.0,36.0,9.0
923.1636493805662,30.0,0.0,8.0,5.0,8.0,1.5,3.0,36.0,9.0
923.1648493805662,30.0,0.0,8.0,5.0,8.0,1.5,3.0,36.0,9.0
923.5648493805662,30.0,0.0,8.0,5.0,8.0,1.5,3.0,36.0,9.0
923.5660493805663,30.0,0.0,8.0,5.0,8.0,1.5,3.0,36.0,9.0
923.9660493805662,30.0,0.0,8.0,5.0,8.0,1.5,3.0,36.0,9.0
923.9672493805663,30.0,0.0,8.0,5.0,8.0,1.5,3.0,36.0,9.0
924.3672493805662,30.0,0.0,8.0,5.0,8.0,1.5,3.0,36.0,9.0
924.3684493805663,30.0,0.0,8.0,5.0,8.0,1.5,3.0,36.0,9.0
924.7684493805663,30.0,0.0,8.0,5.0,8.0,1.5,3.0,36.0,9.0
924.7696493805663,30.0,0.0,8.0,5.0,8.0,1.5,3.0,36.0,9.0
925.1696493805663,30.0,0.0,8.0,5.0,8.0,1.5,3.0,36.0,9.0
925.1708493805663,30.0,0.0,8.0,5.0,8.0,1.5,3.0,36.0,9.0
925.5708493805663,30.0,0.0,8.0,5.0,8.0,1.5,3.0,36.0,9.0
925.5720493805663,30.0,0.0,8.0,5.0,8.0,1.5,3.0,36.0,9.0
925.9720493805663,30.0,0.0,8.0,5.0,8.0,1.5,3.0,36.0,9.0
925.9732493805664,30.0,0.0,8.0,5.0,8.0,1.5,3.0,36.0,9.0
926.3732493805663,30.0,0.0,8.0,5.0,8.0,1.5,3.0,36.0,9.0
926.3744493805664,30.0,0.0,8.0,5.0,8.0,1.5,3.0,36.0,9.0
926.7744493805664,30.0,0.0,8.0,5.0,8.0,1.5,3.0,36.0,9.0
926.7756493805664,30.0,0.0,8.0,5.0,8.0,1.5,3.0,36.0,9.0
927.1756493805664,30.0,0.0,8.0,5.0,8.0,1.5,3.0,36.0,9.0
927.1768493805664,30.0,0.0,8.0,5.0,8.0,1.5,3.0,36.0,9.0
927.5768493805664,30.0,0.0,8.0,5.0,8.0,1.5,3.0,36.0,9.0
927.5780493805664,30.0,0.0,8.0,5.0,8.0,1.5,3.0,36.0,9.0
927.9780493805664,30.0,0.0,8.0,5.0,8.0,1.5,3.0,36.0,9.0
927.9792493805664,30.0,0.0,8.0,5.0,8.0,1.5,3.0,36.0,9.0
928.3792493805664,30.0,0.0,8.0,5.0,8.0,1.5,3.0,36.0,9.0
928.3804493805665,30.0,0.0,8.0,5.0,8.0,1.5,3.0,36.0,9.0
928.7804493805664,30.0,0.0,8.0,5.0,8.0,1.5,3.0,36.0,9.0
928.7816493805665,30.0,0.0,8.0,5.0,8.0,1.5,3.0,36.0,9.0
929.1816493805665,30.0,0.0,8.0,5.0,8.0,1.5,3.0,36.0,9.0
929.1828493805665,30.0,0.0,8.0,5.0,8.0,1.5,3.0,36.0,9.0
929.5828493805665,30.0,0.0,8.0,5.0,8.0,1.5,3.0,36.0,9.0
929.5840493805665,30.0,0.0,8.0,5.0,8.0,1.5,3.0,36.0,9.0
929.9840493805665,30.0,0.0,8.0,5.0,8.0,1.5,3.0,36.0,9.0
929.9852493805665,30.0,0.0,8.0,5.0,8.0,1.5,3.0,36.0,9.0
930.3852493805665,30.0,0.0,8.0,5.0,8.0,1.5,3.0,36.0,9.0
930.3864493805665,30.0,0.0,8.0,5.0,8.0,1.5,3.0,36.0,9.0
930.7864493805665,30.0,0.0,8.0,5.0,8.0,1.5,3.0,36.0,9.0
930.7876493805666,30.0,0.0,8.0,5.0,8.0,1.5,3.0,36.0,9.0
931.1876493805665,30.0,0.0,8.0,5.0,8.0,1.5,3.0,36.0,9.0
931.1888493805666,30.0,0.0,8.0,5.0,8.0,1.5,3.0,36.0,9.0
931.5888493805666,30.0,0.0,8.0,5.0,8.0,1.5,3.0,36.0,9.0
931.5900493805666,30.0,0.0,8.0,5.0,8.0,1.5,3.0,36.0,9.0
931.9900493805666,30.0,0.0,8.0,5.0,8.0,1.5,3.0,36.0,9.0
931.9912493805666,30.0,0.0,8.0,5.0,8.0,1.5,3.0,36.0,9.0
932.3912493805666,30.0,0.0,8.0,5.0,8.0,1.5,3.0,36.0,9.0
932.3924493805666,30.0,0.0,8.0,5.0,8.0,1.5,3.0,36.0,9.0
932.7924493805666,30.0,0.0,8.0,5.0,8.0,1.5,3.0,36.0,9.0
932.7936493805666,30.0,0.0,8.0,5.0,8.0,1.5,3.0,36.0,9.0
933.1936493805666,30.0,0.0,8.0,5.0,8.0,1.5,3.0,36.0,9.0
933.1948493805667,40.0,0.0,8.0,5.0,8.0,1.5,3.0,36.0,9.0
933.5948493805666,40.0,0.0,8.0,5.0,8.0,1.5,3.0,36.0,9.0
933.5960493805667,50.0,0.0,8.0,5.0,8.0,1.5,3.0,36.0,9.0
933.9960493805667,50.0,0.0,8.0,5.0,8.0,1.5,3.0,36.0,9.0
933.9972493805667,50.0,0.0,8.0,5.0,8.0,1.5,3.0,36.0,9.0
934.3972493805667,50.0,0.0,8.0,5.0,8.0,1.5,3.0,36.0,9.0
934.3984493805667,50.0,0.0,8.0,5.0,8.0,1.5,3.0,36.0,9.0
934.7984493805667,50.0,0.0,8.0,5.0,8.0,1.5,3.0,36.0,9.0
934.7996493805667,50.0,0.0,8.0,5.0,8.0,1.5,3.0,36.0,9.0
935.1996493805667,50.0,0.0,8.0,5.0,8.0,1.5,3.0,36.0,9.0
935.2008493805668,50.0,0.0,8.0,5.0,8.0,1.5,3.0,36.0,9.0
935.6008493805667,50.0,0.0,8.0,5.0,8.0,1.5,3.0,36.0,9.0
935.6020493805668,50.0,0.0,8.0,5.0,8.0,1.5,3.0,36.0,9.0
936.0020493805667,50.0,0.0,8.0,5.0,8.0,1.5,3.0,36.0,9.0
936.0032493805668,50.0,0.0,8.0,5.0,8.0,1.5,3.0,36.0,9.0
936.4032493805668,50.0,0.0,8.0,5.0,8.0,1.5,3.0,36.0,9.0
936.4044493805668,50.0,0.0,8.0,5.0,8.0,1.5,3.0,36.0,9.0
936.8044493805668,50.0,0.0,8.0,5.0,8.0,1.5,3.0,36.0,9.0
936.8056493805668,50.0,0.0,8.0,5.0,8.0,1.5,3.0,36.0,9.0
937.2056493805668,50.0,0.0,8.0,5.0,8.0,1.5,3.0,36.0,9.0
937.2068493805668,50.0,0.0,8.0,5.0,8.0,1.5,3.0,36.0,9.0
937.6068493805668,50.0,0.0,8.0,5.0,8.0,1.5,3.0,36.0,9.0
937.6080493805669,50.0,0.0,8.0,5.0,8.0,1.5,3.0,36.0,9.0
938.0080493805668,50.0,0.0,8.0,5.0,8.0,1.5,3.0,36.0,9.0
938.0092493805669,50.0,0.0,8.0,5.0,8.0,1.5,3.0,36.0,9.0
938.4092493805668,50.0,0.0,8.0,5.0,8.0,1.5,3.0,36.0,9.0
938.4104493805669,50.0,0.0,8.0,5.0,8.0,1.5,3.0,36.0,9.0
938.8104493805669,50.0,0.0,8.0,5.0,8.0,1.5,3.0,36.0,9.0
938.8116493805669,50.0,0.0,8.0,5.0,8.0,1.5,3.0,36.0,9.0
939.2116493805669,50.0,0.0,8.0,5.0,8.0,1.5,3.0,36.0,9.0
939.2128493805669,50.0,0.0,8.0,5.0,8.0,1.5,3.0,36.0,9.0
939.6128493805669,50.0,0.0,8.0,5.0,8.0,1.5,3.0,36.0,9.0
939.6140493805669,50.0,0.0,8.0,5.0,8.0,1.5,3.0,36.0,9.0
940.0140493805669,50.0,0.0,8.0,5.0,8.0,1.5,3.0,36.0,9.0
940.015249380567,50.0,0.0,8.0,5.0,8.0,1.5,3.0,36.0,9.0
940.4152493805669,50.0,0.0,8.0,5.0,8.0,1.5,3.0,36.0,9.0
940.416449380567,50.0,0.0,8.0,5.0,8.0,1.5,3.0,36.0,9.0
940.816449380567,50.0,0.0,8.0,5.0,8.0,1.5,3.0,36.0,9.0
940.817649380567,50.0,0.0,8.0,5.0,8.0,1.5,3.0,36.0,9.0
941.217649380567,50.0,0.0,8.0,5.0,8.0,1.5,3.0,36.0,9.0
941.218849380567,50.0,0.0,8.0,5.0,8.0,1.5,3.0,36.0,9.0
941.618849380567,50.0,0.0,8.0,5.0,8.0,1.5,3.0,36.0,9.0
941.620049380567,50.0,0.0,8.0,5.0,8.0,1.5,3.0,36.0,9.0
942.020049380567,50.0,0.0,8.0,5.0,8.0,1.5,3.0,36.0,9.0
942.021249380567,50.0,0.0,8.0,5.0,8.0,1.5,3.0,36.0,9.0
942.421249380567,50.0,0.0,8.0,5.0,8.0,1.5,3.0,36.0,9.0
942.4224493805671,50.0,0.0,8.0,5.0,8.0,1.5,3.0,36.0,9.0
942.822449380567,50.0,0.0,8.0,5.0,8.0,1.5,3.0,36.0,9.0
942.8236493805671,50.0,0.0,8.0,5.0,8.0,1.5,3.0,36.0,9.0
943.223649380567,50.0,0.0,8.0,5.0,8.0,1.5,3.0,36.0,9.0
943.2248493805671,50.0,0.0,8.0,5.0,8.0,1.5,3.0,36.0,9.0
943.6248493805671,50.0,0.0,8.0,5.0,8.0,1.5,3.0,36.0,9.0
943.6260493805671,50.0,0.0,8.0,5.0,8.0,1.5,3.0,36.0,9.0
944.0260493805671,50.0,0.0,8.0,5.0,8.0,1.5,3.0,36.0,9.0
944.0272493805671,50.0,0.0,8.0,5.0,8.0,1.5,3.0,36.0,9.0
944.4272493805671,50.0,0.0,8.0,5.0,8.0,1.5,3.0,36.0,9.0
944.4284493805671,50.0,0.0,8.0,5.0,8.0,1.5,3.0,36.0,9.0
944.8284493805671,50.0,0.0,8.0,5.0,8.0,1.5,3.0,36.0,9.0
944.8296493805672,50.0,0.0,8.0,5.0,8.0,1.5,3.0,36.0,9.0
945.2296493805671,50.0,0.0,8.0,5.0,8.0,1.5,3.0,36.0,9.0
945.2308493805672,50.0,0.0,8.0,5.0,8.0,1.5,3.0,36.0,9.0
945.6308493805672,50.0,0.0,8.0,5.0,8.0,1.5,3.0,36.0,9.0
945.6320493805672,50.0,0.0,8.0,5.0,8.0,1.5,3.0,36.0,9.0
946.0320493805672,50.0,0.0,8.0,5.0,8.0,1.5,3.0,36.0,9.0
946.0332493805672,60.0,0.0,8.0,5.0,8.0,1.5,3.0,36.0,9.0
946.4332493805672,60.0,0.0,8.0,5.0,8.0,1.5,3.0,36.0,9.0
946.4342493805672,60.0,0.0,8.0,5.0,8.0,1.5,3.0,36.0,9.0
946.8342493805671,60.0,0.0,8.0,5.0,8.0,1.5,3.0,36.0,9.0
946.8352493805671,60.0,0.0,8.0,5.0,8.0,1.5,3.0,36.0,9.0
947.2352493805671,60.0,0.0,8.0,5.0,8.0,1.5,3.0,36.0,9.0
947.2362493805671,60.0,0.0,8.0,5.0,8.0,1.5,3.0,36.0,9.0
947.636249380567,60.0,0.0,8.0,5.0,8.0,1.5,3.0,36.0,9.0
947.637249380567,60.0,0.0,8.0,5.0,8.0,1.5,3.0,36.0,9.0
948.037249380567,60.0,0.0,8.0,5.0,8.0,1.5,3.0,36.0,9.0
948.038249380567,60.0,0.0,8.0,5.0,8.0,1.5,3.0,36.0,9.0
948.438249380567,60.0,0.0,8.0,5.0,8.0,1.5,3.0,36.0,9.0
948.4392493805669,60.0,0.0,8.0,5.0,8.0,1.5,3.0,36.0,9.0
948.8392493805669,60.0,0.0,8.0,5.0,8.0,1.5,3.0,36.0,9.0
948.8402493805669,60.0,0.0,8.0,5.0,8.0,1.5,3.0,36.0,9.0
949.2402493805669,60.0,0.0,8.0,5.0,8.0,1.5,3.0,36.0,9.0
949.2412493805668,60.0,0.0,8.0,5.0,8.0,1.5,3.0,36.0,9.0
949.6412493805668,60.0,0.0,8.0,5.0,8.0,1.5,3.0,36.0,9.0
949.6422493805668,60.0,0.0,8.0,5.0,8.0,1.5,3.0,36.0,9.0
950.0422493805668,60.0,0.0,8.0,5.0,8.0,1.5,3.0,36.0,9.0
950.0432493805667,60.0,0.0,8.0,5.0,8.0,1.5,3.0,36.0,9.0
950.4432493805667,60.0,0.0,8.0,5.0,8.0,1.5,3.0,36.0,9.0
950.4442493805667,60.0,0.0,8.0,5.0,8.0,1.5,3.0,36.0,9.0
950.8442493805667,60.0,0.0,8.0,5.0,8.0,1.5,3.0,36.0,9.0
950.8452493805667,60.0,0.0,8.0,5.0,8.0,1.5,3.0,36.0,9.0
951.2452493805666,60.0,0.0,8.0,5.0,8.0,1.5,3.0,36.0,9.0
951.2462493805666,60.0,0.0,8.0,5.0,8.0,1.5,3.0,36.0,9.0
951.6462493805666,60.0,0.0,8.0,5.0,8.0,1.5,3.0,36.0,9.0
951.6472493805666,60.0,0.0,8.0,5.0,8.0,1.5,3.0,36.0,9.0
952.0472493805665,60.0,0.0,8.0,5.0,8.0,1.5,3.0,36.0,9.0
952.0482493805665,60.0,0.0,8.0,5.0,8.0,1.5,3.0,36.0,9.0
952.4482493805665,60.0,0.0,8.0,5.0,8.0,1.5,3.0,36.0,9.0
952.4492493805665,60.0,0.0,8.0,5.0,8.0,1.5,3.0,36.0,9.0
952.8492493805664,60.0,0.0,8.0,5.0,8.0,1.5,3.0,36.0,9.0
952.8502493805664,60.0,0.0,8.0,5.0,8.0,1.5,3.0,36.0,9.0
953.2502493805664,60.0,0.0,8.0,5.0,8.0,1.5,3.0,36.0,9.0
953.2512493805664,60.0,0.0,8.0,5.0,8.0,1.5,3.0,36.0,9.0
953.6512493805664,60.0,0.0,8.0,5.0,8.0,1.5,3.0,36.0,9.0
953.6522493805663,60.0,0.0,8.0,5.0,8.0,1.5,3.0,36.0,9.0
954.0522493805663,60.0,0.0,8.0,5.0,8.0,1.5,3.0,36.0,9.0
954.0532493805663,60.0,0.0,8.0,5.0,8.0,1.5,3.0,36.0,9.0
954.4532493805663,60.0,0.0,8.0,5.0,8.0,1.5,3.0,36.0,9.0
954.4542493805662,60.0,0.0,8.0,5.0,8.0,1.5,1.0,36.0,10.0
954.8542493805662,60.0,0.0,8.0,5.0,8.0,1.5,1.0,36.0,10.0
954.8552493805662,50.0,0.0,8.0,5.0,8.0,1.5,1.0,36.0,10.0
955.2552493805662,50.0,0.0,8.0,5.0,8.0,1.5,1.0,36.0,10.0
955.2564493805662,50.0,0.0,8.0,5.0,8.0,1.5,1.0,36.0,10.0
955.6564493805662,50.0,0.0,8.0,5.0,8.0,1.5,1.0,36.0,10.0
955.6576493805662,50.0,0.0,8.0,5.0,8.0,1.5,1.0,36.0,10.0
956.0576493805662,50.0,0.0,8.0,5.0,8.0,1.5,1.0,36.0,10.0
956.0588493805662,50.0,0.0,8.0,5.0,8.0,1.5,1.0,36.0,10.0
956.4588493805662,50.0,0.0,8.0,5.0,8.0,1.5,1.0,36.0,10.0
956.4600493805663,50.0,0.0,8.0,5.0,8.0,1.5,1.0,36.0,10.0
956.8600493805662,50.0,0.0,8.0,5.0,8.0,1.5,1.0,36.0,10.0
956.8612493805663,50.0,0.0,8.0,5.0,8.0,1.5,1.0,36.0,10.0
957.2612493805663,50.0,0.0,8.0,5.0,8.0,1.5,1.0,36.0,10.0
957.2624493805663,50.0,0.0,8.0,5.0,8.0,1.5,1.0,36.0,10.0
957.6624493805663,50.0,0.0,8.0,5.0,8.0,1.5,1.0,36.0,10.0
957.6636493805663,50.0,0.0,8.0,5.0,8.0,1.5,1.0,36.0,10.0
958.0636493805663,50.0,0.0,8.0,5.0,8.0,1.5,1.0,36.0,10.0
958.0648493805663,50.0,0.0,8.0,5.0,8.0,1.5,1.0,36.0,10.0
958.4648493805663,50.0,0.0,8.0,5.0,8.0,1.5,1.0,36.0,10.0
958.4660493805663,50.0,0.0,8.0,5.0,8.0,1.5,1.0,36.0,10.0
958.8660493805663,50.0,0.0,8.0,5.0,8.0,1.5,1.0,36.0,10.0
958.8672493805664,40.0,0.0,8.0,5.0,8.0,1.5,1.0,36.0,10.0
959.2672493805663,40.0,0.0,8.0,5.0,8.0,1.5,1.0,36.0,10.0
959.2684493805664,40.0,0.0,8.0,5.0,8.0,1.5,1.0,36.0,10.0
959.6684493805664,40.0,0.0,8.0,5.0,8.0,1.5,1.0,36.0,10.0
959.6696493805664,40.0,0.0,8.0,5.0,8.0,1.5,1.0,36.0,10.0
960.0696493805664,40.0,0.0,8.0,5.0,8.0,1.5,1.0,36.0,10.0
960.0708493805664,40.0,0.0,8.0,5.0,8.0,1.5,1.0,36.0,10.0
960.4708493805664,40.0,0.0,8.0,5.0,8.0,1.5,1.0,36.0,10.0
960.4720493805664,40.0,0.0,8.0,5.0,8.0,1.5,1.0,36.0,10.0
960.8720493805664,40.0,0.0,8.0,5.0,8.0,1.5,1.0,36.0,10.0
960.8732493805664,40.0,0.0,8.0,5.0,8.0,1.5,1.0,36.0,10.0
961.2732493805664,40.0,0.0,8.0,5.0,8.0,1.5,1.0,36.0,10.0
961.2744493805665,40.0,0.0,8.0,5.0,8.0,1.5,1.0,36.0,10.0
961.6744493805664,40.0,0.0,8.0,5.0,8.0,1.5,1.0,36.0,10.0
961.6756493805665,40.0,0.0,8.0,5.0,8.0,1.5,1.0,36.0,10.0
962.0756493805665,40.0,0.0,8.0,5.0,8.0,1.5,1.0,36.0,10.0
962.0768493805665,40.0,0.0,8.0,5.0,8.0,1.5,1.0,36.0,10.0
962.4768493805665,40.0,0.0,8.0,5.0,8.0,1.5,1.0,36.0,10.0
962.4780493805665,40.0,0.0,8.0,5.0,8.0,1.5,1.0,36.0,10.0
962.8780493805665,40.0,0.0,8.0,5.0,8.0,1.5,1.0,36.0,10.0
962.8792493805665,40.0,0.0,8.0,5.0,8.0,1.5,1.0,36.0,10.0
963.2792493805665,40.0,0.0,8.0,5.0,8.0,1.5,1.0,36.0,10.0
963.2804493805666,40.0,0.0,8.0,5.0,8.0,1.5,1.0,36.0,10.0
963.6804493805665,40.0,0.0,8.0,5.0,8.0,1.5,1.0,36.0,10.0
963.6816493805666,50.0,0.0,8.0,5.0,8.0,1.5,1.0,36.0,10.0
964.0816493805665,50.0,0.0,8.0,5.0,8.0,1.5,1.0,36.0,10.0
964.0828493805666,50.0,0.0,8.0,5.0,8.0,1.5,1.0,36.0,10.0
964.4828493805666,50.0,0.0,8.0,5.0,8.0,1.5,1.0,36.0,10.0
964.4840493805666,50.0,0.0,8.0,5.0,8.0,1.5,1.0,36.0,10.0
964.8840493805666,50.0,0.0,8.0,5.0,8.0,1.5,1.0,36.0,10.0
964.8852493805666,50.0,0.0,8.0,5.0,8.0,1.5,1.0,36.0,10.0
965.2852493805666,50.0,0.0,8.0,5.0,8.0,1.5,1.0,36.0,10.0
965.2864493805666,50.0,0.0,8.0,5.0,8.0,1.5,1.0,36.0,10.0
965.6864493805666,50.0,0.0,8.0,5.0,8.0,1.5,1.0,36.0,10.0
965.6876493805667,50.0,0.0,8.0,5.0,8.0,1.5,1.0,36.0,10.0
966.0876493805666,50.0,0.0,8.0,5.0,8.0,1.5,1.0,36.0,10.0
966.0888493805667,50.0,0.0,8.0,5.0,8.0,1.5,1.0,36.0,10.0
966.4888493805666,50.0,0.0,8.0,5.0,8.0,1.5,1.0,36.0,10.0
966.4900493805667,50.0,0.0,8.0,5.0,8.0,1.5,1.0,36.0,10.0
966.8900493805667,50.0,0.0,8.0,5.0,8.0,1.5,1.0,36.0,10.0
966.8912493805667,50.0,0.0,8.0,5.0,8.0,1.5,1.0,36.0,10.0
967.2912493805667,50.0,0.0,8.0,5.0,8.0,1.5,1.0,36.0,10.0
967.2924493805667,50.0,0.0,8.0,5.0,8.0,1.5,1.0,36.0,10.0
967.6924493805667,50.0,0.0,8.0,5.0,8.0,1.5,1.0,36.0,10.0
967.6936493805667,50.0,0.0,8.0,5.0,8.0,1.5,1.0,36.0,10.0
968.0936493805667,50.0,0.0,8.0,5.0,8.0,1.5,1.0,36.0,10.0
968.0948493805668,50.0,0.0,8.0,5.0,8.0,1.5,1.0,36.0,10.0
968.4948493805667,50.0,0.0,8.0,5.0,8.0,1.5,1.0,36.0,10.0
968.4960493805668,50.0,0.0,8.0,5.0,8.0,1.5,1.0,36.0,10.0
968.8960493805668,50.0,0.0,8.0,5.0,8.0,1.5,1.0,36.0,10.0
968.8972493805668,50.0,0.0,8.0,5.0,8.0,1.5,1.0,36.0,10.0
969.2972493805668,50.0,0.0,8.0,5.0,8.0,1.5,1.0,36.0,10.0
969.2984493805668,50.0,0.0,8.0,5.0,8.0,1.5,1.0,36.0,10.0
969.6984493805668,50.0,0.0,8.0,5.0,8.0,1.5,1.0,36.0,10.0
969.6996493805668,50.0,0.0,8.0,5.0,8.0,1.5,1.0,36.0,10.0
970.0996493805668,50.0,0.0,8.0,5.0,8.0,1.5,1.0,36.0,10.0
970.1008493805668,50.0,0.0,8.0,5.0,8.0,1.5,1.0,36.0,10.0
970.5008493805668,50.0,0.0,8.0,5.0,8.0,1.5,1.0,36.0,10.0
970.5020493805669,50.0,0.0,8.0,5.0,8.0,1.5,1.0,36.0,10.0
970.9020493805668,50.0,0.0,8.0,5.0,8.0,1.5,1.0,36.0,10.0
970.9032493805669,50.0,0.0,8.0,5.0,8.0,1.5,1.0,36.0,10.0
971.3032493805669,50.0,0.0,8.0,5.0,8.0,1.5,1.0,36.0,10.0
971.3044493805669,50.0,0.0,8.0,5.0,8.0,1.5,1.0,36.0,10.0
971.7044493805669,50.0,0.0,8.0,5.0,8.0,1.5,1.0,36.0,10.0
971.7056493805669,50.0,0.0,8.0,5.0,8.0,1.5,1.0,36.0,10.0
972.1056493805669,50.0,0.0,8.0,5.0,8.0,1.5,1.0,36.0,10.0
972.1068493805669,50.0,0.0,8.0,5.0,8.0,1.5,1.0,36.0,10.0
972.5068493805669,50.0,0.0,8.0,5.0,8.0,1.5,1.0,36.0,10.0
972.508049380567,50.0,0.0,8.0,5.0,8.0,1.5,1.0,36.0,10.0
972.9080493805669,50.0,0.0,8.0,5.0,8.0,1.5,1.0,36.0,10.0
972.909249380567,50.0,0.0,8.0,5.0,8.0,1.5,1.0,36.0,10.0
973.3092493805669,50.0,0.0,8.0,5.0,8.0,1.5,1.0,36.0,10.0
973.310449380567,40.0,0.0,8.0,5.0,8.0,1.5,1.0,36.0,10.0
973.710449380567,40.0,0.0,8.0,5.0,8.0,1.5,1.0,36.0,10.0
973.711649380567,40.0,0.0,8.0,5.0,8.0,1.5,1.0,36.0,10.0
974.111649380567,40.0,0.0,8.0,5.0,8.0,1.5,1.0,36.0,10.0
974.112849380567,40.0,0.0,8.0,5.0,8.0,1.5,1.0,36.0,10.0
974.512849380567,40.0,0.0,8.0,5.0,8.0,1.5,1.0,36.0,10.0
974.514049380567,40.0,0.0,8.0,5.0,8.0,1.5,1.0,36.0,10.0
974.914049380567,40.0,0.0,8.0,5.0,8.0,1.5,1.0,36.0,10.0
974.915249380567,40.0,0.0,8.0,5.0,8.0,1.5,1.0,36.0,10.0
975.315249380567,40.0,0.0,8.0,5.0,8.0,1.5,1.0,36.0,10.0
975.3164493805671,40.0,0.0,8.0,5.0,8.0,1.5,1.0,36.0,10.0
975.716449380567,40.0,0.0,8.0,5.0,8.0,1.5,1.0,36.0,10.0
975.7176493805671,40.0,0.0,8.0,5.0,8.0,1.5,1.0,36.0,10.0
976.1176493805671,40.0,0.0,8.0,5.0,8.0,1.5,1.0,36.0,10.0
976.1188493805671,40.0,0.0,8.0,5.0,8.0,1.5,1.0,36.0,10.0
976.5188493805671,40.0,0.0,8.0,5.0,8.0,1.5,1.0,36.0,10.0
976.5200493805671,40.0,0.0,8.0,5.0,8.0,1.5,1.0,36.0,10.0
976.9200493805671,40.0,0.0,8.0,5.0,8.0,1.5,1.0,36.0,10.0
976.9212493805671,40.0,0.0,8.0,5.0,8.0,1.5,1.0,36.0,10.0
977.3212493805671,40.0,0.0,8.0,5.0,8.0,1.5,1.0,36.0,10.0
977.3224493805672,40.0,0.0,8.0,5.0,8.0,1.5,1.0,36.0,10.0
977.7224493805671,40.0,0.0,8.0,5.0,8.0,1.5,1.0,36.0,10.0
977.7236493805672,40.0,0.0,8.0,5.0,8.0,1.5,1.0,36.0,10.0
978.1236493805671,40.0,0.0,8.0,5.0,8.0,1.5,1.0,36.0,10.0
978.1248493805672,40.0,0.0,8.0,5.0,8.0,1.5,1.0,36.0,10.0
978.5248493805672,40.0,0.0,8.0,5.0,8.0,1.5,1.0,36.0,10.0
978.5260493805672,40.0,0.0,8.0,5.0,8.0,1.5,1.0,36.0,10.0
978.9260493805672,40.0,0.0,8.0,5.0,8.0,1.5,1.0,36.0,10.0
978.9272493805672,40.0,0.0,8.0,5.0,8.0,1.5,1.0,36.0,10.0
979.3272493805672,40.0,0.0,8.0,5.0,8.0,1.5,1.0,36.0,10.0
979.3284493805672,40.0,0.0,8.0,5.0,8.0,1.5,1.0,36.0,10.0
979.7284493805672,40.0,0.0,8.0,5.0,8.0,1.5,1.0,36.0,10.0
979.7296493805673,40.0,0.0,8.0,5.0,8.0,1.5,1.0,36.0,10.0
980.1296493805672,40.0,0.0,8.0,5.0,8.0,1.5,1.0,36.0,10.0
980.1308493805673,40.0,0.0,8.0,5.0,8.0,1.5,1.0,36.0,10.0
980.5308493805672,40.0,0.0,8.0,5.0,8.0,1.5,1.0,36.0,10.0
980.5320493805673,40.0,0.0,8.0,5.0,8.0,1.5,1.0,36.0,10.0
980.9320493805673,40.0,0.0,8.0,5.0,8.0,1.5,1.0,36.0,10.0
980.9332493805673,40.0,0.0,8.0,5.0,8.0,1.5,1.0,36.0,10.0
981.3332493805673,40.0,0.0,8.0,5.0,8.0,1.5,1.0,36.0,10.0
981.3344493805673,40.0,0.0,8.0,5.0,8.0,1.5,1.0,36.0,10.0
981.7344493805673,40.0,0.0,8.0,5.0,8.0,1.5,1.0,36.0,10.0
981.7356493805673,40.0,0.0,8.0,5.0,8.0,1.5,1.0,36.0,10.0
982.1356493805673,40.0,0.0,8.0,5.0,8.0,1.5,1.0,36.0,10.0
982.1368493805674,40.0,0.0,8.0,5.0,8.0,1.5,1.0,36.0,10.0
982.5368493805673,40.0,0.0,8.0,5.0,8.0,1.5,1.0,36.0,10.0
982.5380493805674,40.0,0.0,8.0,5.0,8.0,1.5,1.0,36.0,10.0
982.9380493805673,40.0,0.0,8.0,5.0,8.0,1.5,1.0,36.0,10.0
982.9392493805674,40.0,0.0,8.0,5.0,8.0,1.5,1.0,36.0,10.0
983.3392493805674,40.0,0.0,8.0,5.0,8.0,1.5,1.0,36.0,10.0
983.3404493805674,40.0,0.0,8.0,5.0,8.0,1.5,1.0,36.0,10.0
983.7404493805674,40.0,0.0,8.0,5.0,8.0,1.5,1.0,36.0,10.0
983.7416493805674,40.0,0.0,8.0,5.0,8.0,1.5,1.0,36.0,10.0
984.1416493805674,40.0,0.0,8.0,5.0,8.0,1.5,1.0,36.0,10.0
984.1428493805674,40.0,0.0,8.0,5.0,8.0,1.5,1.0,36.0,10.0
984.5428493805674,40.0,0.0,8.0,5.0,8.0,1.5,1.0,36.0,10.0
984.5440493805675,40.0,0.0,8.0,5.0,8.0,1.5,1.0,36.0,10.0
984.9440493805674,40.0,0.0,8.0,5.0,8.0,1.5,1.0,36.0,10.0
984.9452493805675,40.0,0.0,8.0,5.0,8.0,1.5,1.0,36.0,10.0
985.3452493805675,40.0,0.0,8.0,5.0,8.0,1.5,1.0,36.0,10.0
985.3464493805675,40.0,0.0,8.0,5.0,8.0,1.5,1.0,36.0,10.0
985.7464493805675,40.0,0.0,8.0,5.0,8.0,1.5,1.0,36.0,10.0
985.7476493805675,40.0,0.0,8.0,5.0,8.0,1.5,1.0,36.0,10.0
986.1476493805675,40.0,0.0,8.0,5.0,8.0,1.5,1.0,36.0,10.0
986.1488493805675,40.0,0.0,8.0,5.0,8.0,1.5,1.0,36.0,10.0
986.5488493805675,40.0,0.0,8.0,5.0,8.0,1.5,1.0,36.0,10.0
986.5500493805675,40.0,0.0,8.0,5.0,8.0,1.5,1.0,36.0,10.0
986.9500493805675,40.0,0.0,8.0,5.0,8.0,1.5,1.0,36.0,10.0
986.9512493805676,40.0,0.0,8.0,5.0,8.0,1.5,1.0,36.0,10.0
987.3512493805675,40.0,0.0,8.0,5.0,8.0,1.5,1.0,36.0,10.0
987.3524493805676,40.0,0.0,8.0,5.0,8.0,1.5,1.0,36.0,10.0
987.7524493805676,40.0,0.0,8.0,5.0,8.0,1.5,1.0,36.0,10.0
987.7536493805676,40.0,0.0,8.0,5.0,8.0,1.5,1.0,36.0,10.0
988.1536493805676,40.0,0.0,8.0,5.0,8.0,1.5,1.0,36.0,10.0
988.1548493805676,40.0,0.0,8.0,5.0,8.0,1.5,1.0,36.0,10.0
988.5548493805676,40.0,0.0,8.0,5.0,8.0,1.5,1.0,36.0,10.0
988.5560493805676,40.0,0.0,8.0,5.0,8.0,1.5,1.0,36.0,10.0
988.9560493805676,40.0,0.0,8.0,5.0,8.0,1.5,1.0,36.0,10.0
988.9572493805676,40.0,0.0,8.0,5.0,8.0,1.5,1.0,36.0,10.0
989.3572493805676,40.0,0.0,8.0,5.0,8.0,1.5,1.0,36.0,10.0
989.3584493805677,40.0,0.0,8.0,5.0,8.0,1.5,1.0,36.0,10.0
989.7584493805676,40.0,0.0,8.0,5.0,8.0,1.5,1.0,36.0,10.0
989.7596493805677,40.0,0.0,8.0,5.0,8.0,1.5,1.0,36.0,10.0
990.1596493805677,40.0,0.0,8.0,5.0,8.0,1.5,1.0,36.0,10.0
990.1608493805677,40.0,0.0,8.0,5.0,8.0,1.5,1.0,36.0,10.0
990.5608493805677,40.0,0.0,8.0,5.0,8.0,1.5,1.0,36.0,10.0
990.5620493805677,40.0,0.0,8.0,5.0,8.0,1.5,1.0,36.0,10.0
990.9620493805677,40.0,0.0,8.0,5.0,8.0,1.5,1.0,36.0,10.0
990.9632493805677,40.0,0.0,8.0,5.0,8.0,1.5,1.0,36.0,10.0
991.3632493805677,40.0,0.0,8.0,5.0,8.0,1.5,1.0,36.0,10.0
991.3644493805677,40.0,0.0,8.0,5.0,8.0,1.5,1.0,36.0,10.0
991.7644493805677,40.0,0.0,8.0,5.0,8.0,1.5,1.0,36.0,10.0
991.7656493805678,50.0,0.0,8.0,5.0,8.0,1.5,1.0,36.0,10.0
992.1656493805677,50.0,0.0,8.0,5.0,8.0,1.5,1.0,36.0,10.0
992.1668493805678,50.0,0.0,8.0,5.0,8.0,1.5,1.0,36.0,10.0
992.5668493805678,50.0,0.0,8.0,5.0,8.0,1.5,1.0,36.0,10.0
992.5680493805678,50.0,0.0,8.0,5.0,8.0,1.5,1.0,36.0,10.0
992.9680493805678,50.0,0.0,8.0,5.0,8.0,1.5,1.0,36.0,10.0
992.9692493805678,50.0,0.0,8.0,5.0,8.0,1.5,1.0,36.0,10.0
993.3692493805678,50.0,0.0,8.0,5.0,8.0,1.5,1.0,36.0,10.0
993.3704493805678,50.0,0.0,8.0,5.0,8.0,1.5,1.0,36.0,10.0
993.7704493805678,50.0,0.0,8.0,5.0,8.0,1.5,1.0,36.0,10.0
993.7716493805679,50.0,0.0,8.0,5.0,8.0,1.5,1.0,36.0,10.0
994.1716493805678,50.0,0.0,8.0,5.0,8.0,1.5,1.0,36.0,10.0
994.1728493805679,40.0,0.0,8.0,5.0,8.0,1.5,1.0,36.0,10.0
994.5728493805678,40.0,0.0,8.0,5.0,8.0,1.5,1.0,36.0,10.0
994.5740493805679,40.0,0.0,8.0,5.0,8.0,1.5,1.0,36.0,10.0
994.9740493805679,40.0,0.0,8.0,5.0,8.0,1.5,1.0,36.0,10.0
994.9752493805679,40.0,0.0,8.0,5.0,8.0,1.5,1.0,36.0,10.0
995.3752493805679,40.0,0.0,8.0,5.0,8.0,1.5,1.0,36.0,10.0
995.3764493805679,40.0,0.0,8.0,5.0,8.0,1.5,1.0,36.0,10.0
995.7764493805679,40.0,0.0,8.0,5.0,8.0,1.5,1.0,36.0,10.0
995.7776493805679,40.0,0.0,8.0,5.0,8.0,1.5,1.0,36.0,10.0
996.1776493805679,40.0,0.0,8.0,5.0,8.0,1.5,1.0,36.0,10.0
996.178849380568,40.0,0.0,8.0,5.0,8.0,1.5,1.0,36.0,10.0
996.5788493805679,40.0,0.0,8.0,5.0,8.0,1.5,1.0,36.0,10.0
996.580049380568,50.0,0.0,8.0,5.0,8.0,1.5,1.0,36.0,10.0
996.980049380568,50.0,0.0,8.0,5.0,8.0,1.5,1.0,36.0,10.0
996.981249380568,50.0,0.0,8.0,5.0,8.0,1.5,1.0,36.0,10.0
997.381249380568,50.0,0.0,8.0,5.0,8.0,1.5,1.0,36.0,10.0
997.382449380568,50.0,0.0,8.0,5.0,8.0,1.5,1.0,36.0,10.0
997.782449380568,50.0,0.0,8.0,5.0,8.0,1.5,1.0,36.0,10.0
997.783649380568,50.0,0.0,8.0,5.0,8.0,1.5,1.0,36.0,10.0
998.183649380568,50.0,0.0,8.0,5.0,8.0,1.5,1.0,36.0,10.0
998.184849380568,50.0,0.0,8.0,5.0,8.0,1.5,1.0,36.0,10.0
998.584849380568,50.0,0.0,8.0,5.0,8.0,1.5,1.0,36.0,10.0
998.586049380568,50.0,0.0,8.0,5.0,8.0,1.5,1.0,36.0,10.0
998.986049380568,50.0,0.0,8.0,5.0,8.0,1.5,1.0,36.0,10.0
998.9872493805681,50.0,0.0,8.0,5.0,8.0,1.5,1.0,36.0,10.0
999.387249380568,50.0,0.0,8.0,5.0,8.0,1.5,1.0,36.0,10.0
999.3884493805681,50.0,0.0,8.0,5.0,8.0,1.5,1.0,36.0,10.0
999.7884493805681,50.0,0.0,8.0,5.0,8.0,1.5,1.0,36.0,10.0
999.7896493805681,50.0,0.0,8.0,5.0,8.0,1.5,1.0,36.0,10.0
1000.1896493805681,50.0,0.0,8.0,5.0,8.0,1.5,1.0,36.0,10.0
1000.1908493805681,50.0,0.0,8.0,5.0,8.0,1.5,1.0,36.0,10.0
1000.5908493805681,50.0,0.0,8.0,5.0,8.0,1.5,1.0,36.0,10.0
1000.5920493805681,50.0,0.0,8.0,5.0,8.0,1.5,1.0,36.0,10.0
1000.9920493805681,50.0,0.0,8.0,5.0,8.0,1.5,1.0,36.0,10.0
1000.9932493805682,50.0,0.0,8.0,5.0,9.0,1.5,1.0,36.0,10.0
1001.3932493805681,50.0,0.0,8.0,5.0,9.0,1.5,1.0,36.0,10.0
1001.3944493805682,50.0,0.0,8.0,5.0,9.0,1.5,1.0,36.0,10.0
1001.7944493805682,50.0,0.0,8.0,5.0,9.0,1.5,1.0,36.0,10.0
1001.7956493805682,50.0,0.0,8.0,5.0,9.0,1.5,1.0,36.0,10.0
1002.1956493805682,50.0,0.0,8.0,5.0,9.0,1.5,1.0,36.0,10.0
1002.1968493805682,50.0,0.0,8.0,5.0,9.0,1.5,1.0,36.0,10.0
1002.5968493805682,50.0,0.0,8.0,5.0,9.0,1.5,1.0,36.0,10.0
1002.5980493805682,50.0,0.0,8.0,5.0,9.0,1.5,1.0,36.0,10.0
1002.9980493805682,50.0,0.0,8.0,5.0,9.0,1.5,1.0,36.0,10.0
1002.9992493805682,50.0,0.0,8.0,5.0,9.0,1.5,1.0,36.0,10.0
1003.3992493805682,50.0,0.0,8.0,5.0,9.0,1.5,1.0,36.0,10.0
1003.4004493805683,50.0,0.0,8.0,5.0,9.0,1.5,1.0,36.0,10.0
1003.8004493805682,50.0,0.0,8.0,5.0,9.0,1.5,1.0,36.0,10.0
1003.8016493805683,50.0,0.0,8.0,5.0,9.0,1.5,1.0,36.0,10.0
1004.2016493805683,50.0,0.0,8.0,5.0,9.0,1.5,1.0,36.0,10.0
1004.2028493805683,50.0,0.0,8.0,5.0,9.0,1.5,1.0,36.0,10.0
1004.6028493805683,50.0,0.0,8.0,5.0,9.0,1.5,1.0,36.0,10.0
1004.6040493805683,60.0,0.0,8.0,5.0,9.0,1.5,1.0,36.0,10.0
1005.0040493805683,60.0,0.0,8.0,5.0,9.0,1.5,1.0,36.0,10.0
1005.0050493805683,60.0,0.0,8.0,5.0,9.0,1.5,1.0,36.0,10.0
1005.4050493805682,60.0,0.0,8.0,5.0,9.0,1.5,1.0,36.0,10.0
1005.4060493805682,60.0,0.0,8.0,5.0,9.0,1.5,1.0,36.0,10.0
1005.8060493805682,60.0,0.0,8.0,5.0,9.0,1.5,1.0,36.0,10.0
1005.8070493805682,60.0,0.0,8.0,5.0,9.0,1.5,1.0,36.0,10.0
1006.2070493805682,60.0,0.0,8.0,5.0,9.0,1.5,1.0,36.0,10.0
1006.2080493805681,60.0,0.0,8.0,5.0,9.0,1.5,1.0,36.0,10.0
1006.6080493805681,60.0,0.0,8.0,5.0,9.0,1.5,1.0,36.0,10.0
1006.6090493805681,60.0,0.0,8.0,5.0,9.0,1.5,1.0,36.0,10.0
1007.0090493805681,60.0,0.0,8.0,5.0,9.0,1.5,1.0,36.0,10.0
1007.010049380568,60.0,0.0,8.0,5.0,9.0,1.5,1.0,36.0,10.0
1007.410049380568,60.0,0.0,8.0,5.0,9.0,1.5,1.0,36.0,10.0
1007.411049380568,60.0,0.0,8.0,5.0,9.0,1.5,1.0,36.0,10.0
1007.811049380568,60.0,0.0,8.0,5.0,9.0,1.5,1.0,36.0,10.0
1007.8120493805679,60.0,0.0,8.0,5.0,9.0,1.5,1.0,36.0,10.0
1008.2120493805679,60.0,0.0,8.0,5.0,9.0,1.5,1.0,36.0,10.0
1008.2130493805679,60.0,0.0,8.0,5.0,9.0,1.5,1.0,36.0,10.0
1008.6130493805679,60.0,0.0,8.0,5.0,9.0,1.5,1.0,36.0,10.0
1008.6140493805678,50.0,0.0,8.0,5.0,9.0,1.5,1.0,36.0,10.0
1009.0140493805678,50.0,0.0,8.0,5.0,9.0,1.5,1.0,36.0,10.0
1009.0152493805679,50.0,0.0,8.0,5.0,9.0,1.5,1.0,36.0,10.0
1009.4152493805678,50.0,0.0,8.0,5.0,9.0,1.5,1.0,36.0,10.0
1009.4164493805679,50.0,0.0,8.0,5.0,9.0,1.5,1.0,36.0,10.0
1009.8164493805679,50.0,0.0,8.0,5.0,9.0,1.5,1.0,36.0,10.0
1009.8176493805679,50.0,0.0,8.0,5.0,9.0,1.5,1.0,36.0,10.0
1010.2176493805679,50.0,0.0,8.0,5.0,9.0,1.5,1.0,36.0,10.0
1010.2188493805679,50.0,0.0,8.0,5.0,9.0,1.5,1.0,36.0,10.0
1010.6188493805679,50.0,0.0,8.0,5.0,9.0,1.5,1.0,36.0,10.0
1010.6200493805679,50.0,0.0,8.0,5.0,9.0,1.5,1.0,36.0,10.0
1011.0200493805679,50.0,0.0,8.0,5.0,9.0,1.5,1.0,36.0,10.0
1011.021249380568,50.0,0.0,8.0,5.0,9.0,1.5,1.0,36.0,10.0
1011.4212493805679,50.0,0.0,8.0,5.0,9.0,1.5,1.0,36.0,10.0
1011.422449380568,50.0,0.0,8.0,5.0,9.0,1.5,1.0,36.0,10.0
1011.822449380568,50.0,0.0,8.0,5.0,9.0,1.5,1.0,36.0,10.0
1011.823649380568,50.0,0.0,8.0,5.0,9.0,1.5,1.0,36.0,10.0
1012.223649380568,50.0,0.0,8.0,5.0,9.0,1.5,1.0,36.0,10.0
1012.224849380568,50.0,0.0,8.0,5.0,9.0,1.5,1.0,36.0,10.0
1012.624849380568,50.0,0.0,8.0,5.0,9.0,1.5,1.0,36.0,10.0
1012.626049380568,50.0,0.0,8.0,5.0,9.0,1.5,1.0,36.0,10.0
1013.026049380568,50.0,0.0,8.0,5.0,9.0,1.5,1.0,36.0,10.0
1013.027249380568,50.0,0.0,8.0,5.0,9.0,1.5,1.0,36.0,10.0
1013.427249380568,50.0,0.0,8.0,5.0,9.0,1.5,1.0,36.0,10.0
1013.428449380568,50.0,0.0,8.0,5.0,9.0,1.5,1.0,36.0,10.0
1013.828449380568,50.0,0.0,8.0,5.0,9.0,1.5,1.0,36.0,10.0
1013.8296493805681,50.0,0.0,8.0,5.0,9.0,1.5,1.0,36.0,10.0
1014.229649380568,50.0,0.0,8.0,5.0,9.0,1.5,1.0,36.0,10.0
1014.2308493805681,50.0,0.0,8.0,5.0,9.0,1.5,1.0,36.0,10.0
1014.6308493805681,50.0,0.0,8.0,5.0,9.0,1.5,1.0,36.0,10.0
1014.6320493805681,40.0,0.0,8.0,5.0,9.0,1.5,1.0,36.0,10.0
1015.0320493805681,40.0,0.0,8.0,5.0,9.0,1.5,1.0,36.0,10.0
1015.0332493805681,40.0,0.0,8.0,5.0,9.0,1.5,1.0,36.0,10.0
1015.4332493805681,40.0,0.0,8.0,5.0,9.0,1.5,1.0,36.0,10.0
1015.4344493805681,40.0,0.0,8.0,5.0,9.0,1.5,1.0,36.0,10.0
1015.8344493805681,40.0,0.0,8.0,5.0,9.0,1.5,1.0,36.0,10.0
1015.8356493805682,40.0,0.0,8.0,5.0,9.0,1.5,1.0,36.0,10.0
1016.2356493805681,40.0,0.0,8.0,5.0,9.0,1.5,1.0,36.0,10.0
1016.2368493805682,40.0,0.0,8.0,5.0,9.0,1.5,1.0,36.0,10.0
1016.6368493805682,40.0,0.0,8.0,5.0,9.0,1.5,1.0,36.0,10.0
1016.6380493805682,30.0,0.0,8.0,5.0,9.0,1.5,1.0,36.0,10.0
1017.0380493805682,30.0,0.0,8.0,5.0,9.0,1.5,1.0,36.0,10.0
1017.0392493805682,30.0,0.0,8.0,5.0,9.0,1.5,1.0,36.0,10.0
1017.4392493805682,30.0,0.0,8.0,5.0,9.0,1.5,1.0,36.0,10.0
1017.4404493805682,30.0,0.0,8.0,5.0,9.0,1.5,1.0,36.0,10.0
1017.8404493805682,30.0,0.0,8.0,5.0,9.0,1.5,1.0,36.0,10.0
1017.8416493805682,30.0,0.0,8.0,5.0,9.0,1.5,1.0,36.0,10.0
1018.2416493805682,30.0,0.0,8.0,5.0,9.0,1.5,1.0,36.0,10.0
1018.2428493805683,30.0,0.0,8.0,5.0,9.0,1.5,1.0,36.0,10.0
1018.6428493805682,30.0,0.0,8.0,5.0,9.0,1.5,1.0,36.0,10.0
1018.6440493805683,20.0,0.0,8.0,5.0,9.0,1.5,1.0,36.0,10.0
1019.0440493805683,20.0,0.0,8.0,5.0,9.0,1.5,1.0,36.0,10.0
1019.0452493805683,20.0,0.0,8.0,5.0,9.0,1.5,1.0,36.0,10.0
1019.4452493805683,20.0,0.0,8.0,5.0,9.0,1.5,1.0,36.0,10.0
1019.4464493805683,20.0,0.0,8.0,5.0,9.0,1.5,1.0,36.0,10.0
1019.8464493805683,20.0,0.0,8.0,5.0,9.0,1.5,1.0,36.0,10.0
1019.8476493805683,20.0,0.0,8.0,5.0,9.0,1.5,1.0,36.0,10.0
1020.2476493805683,20.0,0.0,8.0,5.0,9.0,1.5,1.0,36.0,10.0
1020.2488493805683,20.0,0.0,8.0,5.0,9.0,1.5,1.0,36.0,10.0
1020.6488493805683,20.0,0.0,8.0,5.0,9.0,1.5,1.0,36.0,10.0
1020.6500493805684,20.0,0.0,8.0,5.0,9.0,1.5,1.0,36.0,10.0
1021.0500493805683,20.0,0.0,8.0,5.0,9.0,1.5,1.0,36.0,10.0
1021.0512493805684,30.0,0.0,8.0,5.0,9.0,1.5,1.0,36.0,10.0
1021.4512493805684,30.0,0.0,8.0,5.0,9.0,1.5,1.0,36.0,10.0
1021.4524493805684,30.0,0.0,8.0,5.0,9.0,6.5,1.0,36.0,10.0
1021.8524493805684,30.0,0.0,8.0,5.0,9.0,6.5,1.0,36.0,10.0
1021.8536493805684,30.0,0.0,8.0,5.0,9.0,6.5,1.0,36.0,10.0
1022.2536493805684,30.0,0.0,8.0,5.0,9.0,6.5,1.0,36.0,10.0
1022.2548493805684,30.0,0.0,8.0,5.0,9.0,6.5,1.0,36.0,10.0
1022.6548493805684,30.0,0.0,8.0,5.0,9.0,6.5,1.0,36.0,10.0
1022.6560493805684,30.0,0.0,8.0,5.0,9.0,6.5,1.0,36.0,10.0
1023.0560493805684,30.0,0.0,8.0,5.0,9.0,6.5,1.0,36.0,10.0
1023.0572493805685,30.0,0.0,8.0,5.0,9.0,6.5,1.0,36.0,10.0
1023.4572493805684,30.0,0.0,8.0,5.0,9.0,6.5,1.0,36.0,10.0
1023.4584493805685,30.0,0.0,8.0,5.0,9.0,6.5,1.0,36.0,10.0
1023.8584493805685,30.0,0.0,8.0,5.0,9.0,6.5,1.0,36.0,10.0
1023.8596493805685,20.0,0.0,8.0,5.0,9.0,6.5,1.0,36.0,10.0
1024.2596493805686,20.0,0.0,8.0,5.0,9.0,6.5,1.0,36.0,10.0
1024.2608493805685,20.0,0.0,8.0,5.0,9.0,6.5,1.0,36.0,10.0
1024.6608493805686,20.0,0.0,8.0,5.0,9.0,6.5,1.0,36.0,10.0
1024.6620493805685,20.0,0.0,8.0,5.0,9.0,6.5,1.0,36.0,10.0
1025.0620493805686,20.0,0.0,8.0,5.0,9.0,6.5,1.0,36.0,10.0
1025.0632493805685,20.0,0.0,8.0,5.0,9.0,6.5,1.0,36.0,10.0
1025.4632493805686,20.0,0.0,8.0,5.0,9.0,6.5,1.0,36.0,10.0
1025.4644493805686,20.0,0.0,8.0,5.0,9.0,6.5,1.0,36.0,10.0
1025.8644493805687,20.0,0.0,8.0,5.0,9.0,6.5,1.0,36.0,10.0
1025.8656493805686,20.0,0.0,8.0,5.0,9.0,6.5,1.0,36.0,10.0
1026.2656493805687,20.0,0.0,8.0,5.0,9.0,6.5,1.0,36.0,10.0
1026.2668493805686,20.0,0.0,8.0,5.0,9.0,6.5,1.0,36.0,10.0
1026.6668493805687,20.0,0.0,8.0,5.0,9.0,6.5,1.0,36.0,10.0
1026.6680493805686,20.0,0.0,8.0,5.0,9.0,6.5,1.0,36.0,10.0
1027.0680493805687,20.0,0.0,8.0,5.0,9.0,6.5,1.0,36.0,10.0
1027.0692493805686,20.0,0.0,8.0,5.0,9.0,6.5,1.0,36.0,10.0
1027.4692493805687,20.0,0.0,8.0,5.0,9.0,6.5,1.0,36.0,10.0
1027.4704493805687,20.0,0.0,8.0,5.0,9.0,6.5,1.0,36.0,10.0
1027.8704493805687,20.0,0.0,8.0,5.0,9.0,6.5,1.0,36.0,10.0
1027.8716493805687,20.0,0.0,8.0,5.0,9.0,6.5,1.0,36.0,10.0
1028.2716493805688,20.0,0.0,8.0,5.0,9.0,6.5,1.0,36.0,10.0
1028.2728493805687,20.0,0.0,8.0,5.0,9.0,6.5,1.0,36.0,10.0
1028.6728493805688,20.0,0.0,8.0,5.0,9.0,6.5,1.0,36.0,10.0
1028.6740493805687,20.0,0.0,8.0,5.0,9.0,6.5,1.0,36.0,10.0
1029.0740493805688,20.0,0.0,8.0,5.0,9.0,6.5,1.0,36.0,10.0
1029.0752493805687,20.0,0.0,8.0,5.0,9.0,6.5,1.0,36.0,10.0
1029.4752493805688,20.0,0.0,8.0,5.0,9.0,6.5,1.0,36.0,10.0
1029.4764493805687,20.0,0.0,8.0,5.0,9.0,6.5,1.0,36.0,10.0
1029.8764493805688,20.0,0.0,8.0,5.0,9.0,6.5,1.0,36.0,10.0
1029.8776493805688,20.0,0.0,8.0,5.0,9.0,6.5,1.0,36.0,10.0
1030.2776493805688,20.0,0.0,8.0,5.0,9.0,6.5,1.0,36.0,10.0
1030.2788493805688,10.0,0.0,8.0,5.0,9.0,6.5,1.0,36.0,10.0
1030.6788493805689,10.0,0.0,8.0,5.0,9.0,6.5,1.0,36.0,10.0
1030.6800493805688,10.0,0.0,8.0,5.0,9.0,6.5,1.0,36.0,10.0
1031.0800493805689,10.0,0.0,8.0,5.0,9.0,6.5,1.0,36.0,10.0
1031.0812493805688,10.0,0.0,8.0,5.0,9.0,6.5,1.0,36.0,10.0
1031.481249380569,10.0,0.0,8.0,5.0,9.0,6.5,1.0,36.0,10.0
1031.4824493805688,10.0,0.0,8.0,5.0,9.0,6.5,1.0,36.0,10.0
1031.882449380569,10.0,0.0,8.0,5.0,9.0,6.5,1.0,36.0,10.0
1031.8836493805688,10.0,0.0,8.0,5.0,9.0,6.5,1.0,36.0,10.0
1032.283649380569,10.0,0.0,8.0,5.0,9.0,6.5,1.0,36.0,10.0
1032.2848493805689,10.0,0.0,8.0,5.0,9.0,6.5,1.0,36.0,10.0
1032.684849380569,10.0,0.0,8.0,5.0,9.0,6.5,1.0,36.0,10.0
1032.6860493805689,10.0,0.0,8.0,5.0,9.0,6.5,1.0,36.0,10.0
1033.086049380569,10.0,0.0,8.0,5.0,9.0,6.5,1.0,36.0,10.0
1033.087249380569,10.0,0.0,8.0,5.0,9.0,6.5,1.0,36.0,10.0
1033.487249380569,10.0,0.0,8.0,5.0,9.0,6.5,1.0,36.0,10.0
1033.488449380569,10.0,0.0,8.0,5.0,9.0,6.5,1.0,36.0,10.0
1033.888449380569,10.0,0.0,8.0,5.0,9.0,6.5,1.0,36.0,10.0
1033.889649380569,10.0,0.0,8.0,5.0,9.0,6.5,1.0,36.0,10.0
1034.289649380569,10.0,0.0,8.0,5.0,9.0,6.5,1.0,36.0,10.0
1034.290849380569,10.0,0.0,8.0,5.0,9.0,6.5,1.0,36.0,10.0
1034.690849380569,10.0,0.0,8.0,5.0,9.0,6.5,1.0,36.0,10.0
1034.692049380569,10.0,0.0,8.0,5.0,9.0,6.5,1.0,36.0,10.0
1035.092049380569,10.0,0.0,8.0,5.0,9.0,6.5,1.0,36.0,10.0
1035.093249380569,10.0,0.0,8.0,5.0,9.0,6.5,1.0,36.0,10.0
1035.493249380569,10.0,0.0,8.0,5.0,9.0,6.5,1.0,36.0,10.0
1035.494449380569,10.0,0.0,8.0,5.0,9.0,6.5,1.0,36.0,10.0
1035.894449380569,10.0,0.0,8.0,5.0,9.0,6.5,1.0,36.0,10.0
1035.895649380569,10.0,0.0,8.0,5.0,9.0,6.5,1.0,36.0,10.0
1036.295649380569,10.0,0.0,8.0,5.0,9.0,6.5,1.0,36.0,10.0
1036.296849380569,10.0,0.0,8.0,5.0,9.0,6.5,1.0,36.0,10.0
1036.6968493805691,10.0,0.0,8.0,5.0,9.0,6.5,1.0,36.0,10.0
1036.698049380569,10.0,0.0,8.0,5.0,9.0,6.5,1.0,36.0,10.0
1037.0980493805691,10.0,0.0,8.0,5.0,9.0,6.5,1.0,36.0,10.0
1037.099249380569,10.0,0.0,8.0,5.0,9.0,6.5,1.0,36.0,10.0
1037.4992493805692,10.0,0.0,8.0,5.0,9.0,6.5,1.0,36.0,10.0
1037.500449380569,10.0,0.0,8.0,5.0,9.0,6.5,1.0,36.0,10.0
1037.9004493805692,10.0,0.0,8.0,5.0,9.0,6.5,1.0,36.0,10.0
1037.901649380569,10.0,0.0,8.0,5.0,9.0,4.5,1.0,37.0,10.0
1038.3016493805692,10.0,0.0,8.0,5.0,9.0,4.5,1.0,37.0,10.0
1038.3028493805691,10.0,0.0,8.0,5.0,9.0,4.5,1.0,37.0,10.0
1038.7028493805692,10.0,0.0,8.0,5.0,9.0,4.5,1.0,37.0,10.0
1038.7040493805691,10.0,0.0,8.0,5.0,9.0,4.5,1.0,37.0,10.0
1039.1040493805692,10.0,0.0,8.0,5.0,9.0,4.5,1.0,37.0,10.0
1039.1052493805691,10.0,0.0,8.0,5.0,9.0,4.5,1.0,37.0,10.0
1039.5052493805692,10.0,0.0,8.0,5.0,9.0,4.5,1.0,37.0,10.0
1039.5064493805692,20.0,0.0,8.0,5.0,9.0,4.5,1.0,37.0,10.0
1039.9064493805693,20.0,0.0,8.0,5.0,9.0,4.5,1.0,37.0,10.0
1039.9076493805692,20.0,0.0,8.0,5.0,9.0,4.5,1.0,37.0,10.0
1040.3076493805693,20.0,0.0,8.0,5.0,9.0,4.5,1.0,37.0,10.0
1040.3088493805692,20.0,0.0,8.0,5.0,9.0,4.5,1.0,37.0,10.0
1040.7088493805693,20.0,0.0,8.0,5.0,9.0,4.5,1.0,37.0,10.0
1040.7100493805692,20.0,0.0,8.0,5.0,9.0,4.5,1.0,37.0,10.0
1041.1100493805693,20.0,0.0,8.0,5.0,9.0,4.5,1.0,37.0,10.0
1041.1112493805692,20.0,0.0,8.0,5.0,9.0,4.5,1.0,37.0,10.0
1041.5112493805693,20.0,0.0,8.0,5.0,9.0,4.5,1.0,37.0,10.0
1041.5124493805693,30.0,0.0,8.0,5.0,9.0,4.5,1.0,37.0,10.0
1041.9124493805693,30.0,0.0,8.0,5.0,9.0,4.5,1.0,37.0,10.0
1041.9136493805693,30.0,0.0,8.0,5.0,9.0,4.5,1.0,37.0,10.0
1042.3136493805694,30.0,0.0,8.0,5.0,9.0,4.5,1.0,37.0,10.0
1042.3148493805693,30.0,0.0,8.0,5.0,9.0,4.5,1.0,37.0,10.0
1042.7148493805694,30.0,0.0,8.0,5.0,9.0,4.5,1.0,37.0,10.0
1042.7160493805693,30.0,0.0,8.0,5.0,9.0,4.5,1.0,37.0,10.0
1043.1160493805694,30.0,0.0,8.0,5.0,9.0,4.5,1.0,37.0,10.0
1043.1172493805693,30.0,0.0,8.0,5.0,9.0,4.5,1.0,37.0,10.0
1043.5172493805694,30.0,0.0,8.0,5.0,9.0,4.5,1.0,37.0,10.0
1043.5184493805693,30.0,0.0,8.0,5.0,9.0,4.5,1.0,37.0,10.0
1043.9184493805694,30.0,0.0,8.0,5.0,9.0,4.5,1.0,37.0,10.0
1043.9196493805694,40.0,0.0,8.0,5.0,9.0,4.5,1.0,37.0,10.0
1044.3196493805694,40.0,0.0,8.0,5.0,9.0,4.5,1.0,37.0,10.0
1044.3208493805694,40.0,0.0,8.0,5.0,9.0,4.5,1.0,37.0,10.0
1044.7208493805695,40.0,0.0,8.0,5.0,9.0,4.5,1.0,37.0,10.0
1044.7220493805694,40.0,0.0,8.0,5.0,9.0,4.5,1.0,37.0,10.0
1045.1220493805695,40.0,0.0,8.0,5.0,9.0,4.5,1.0,37.0,10.0
1045.1232493805694,40.0,0.0,8.0,5.0,9.0,4.5,1.0,37.0,10.0
1045.5232493805695,40.0,0.0,8.0,5.0,9.0,4.5,1.0,37.0,10.0
1045.5244493805694,40.0,0.0,8.0,5.0,9.0,4.5,1.0,37.0,10.0
1045.9244493805695,40.0,0.0,8.0,5.0,9.0,4.5,1.0,37.0,10.0
1045.9256493805694,40.0,0.0,8.0,5.0,9.0,4.5,1.0,37.0,10.0
1046.3256493805695,40.0,0.0,8.0,5.0,9.0,4.5,1.0,37.0,10.0
1046.3268493805695,40.0,0.0,8.0,5.0,9.0,4.5,1.0,37.0,10.0
1046.7268493805695,40.0,0.0,8.0,5.0,9.0,4.5,1.0,37.0,10.0
1046.7280493805695,40.0,0.0,8.0,5.0,9.0,4.5,1.0,37.0,10.0
1047.1280493805696,40.0,0.0,8.0,5.0,9.0,4.5,1.0,37.0,10.0
1047.1292493805695,40.0,0.0,8.0,5.0,9.0,4.5,1.0,37.0,10.0
1047.5292493805696,40.0,0.0,8.0,5.0,9.0,4.5,1.0,37.0,10.0
1047.5304493805695,40.0,0.0,8.0,5.0,9.0,4.5,1.0,37.0,10.0
1047.9304493805696,40.0,0.0,8.0,5.0,9.0,4.5,1.0,37.0,10.0
1047.9316493805695,40.0,0.0,8.0,5.0,9.0,4.5,1.0,37.0,10.0
1048.3316493805696,40.0,0.0,8.0,5.0,9.0,4.5,1.0,37.0,10.0
1048.3328493805695,40.0,0.0,8.0,5.0,9.0,4.5,1.0,37.0,10.0
1048.7328493805696,40.0,0.0,8.0,5.0,9.0,4.5,1.0,37.0,10.0
1048.7340493805696,40.0,0.0,8.0,5.0,9.0,4.5,1.0,37.0,10.0
1049.1340493805696,40.0,0.0,8.0,5.0,9.0,4.5,1.0,37.0,10.0
1049.1352493805696,40.0,0.0,8.0,5.0,9.0,4.5,1.0,37.0,10.0
1049.5352493805697,40.0,0.0,8.0,5.0,9.0,4.5,1.0,37.0,10.0
1049.5364493805696,40.0,0.0,8.0,5.0,9.0,4.5,1.0,37.0,10.0
1049.9364493805697,40.0,0.0,8.0,5.0,9.0,4.5,1.0,37.0,10.0
1049.9376493805696,40.0,0.0,8.0,5.0,9.0,4.5,1.0,37.0,10.0
1050.3376493805697,40.0,0.0,8.0,5.0,9.0,4.5,1.0,37.0,10.0
1050.3388493805696,40.0,0.0,8.0,5.0,9.0,4.5,1.0,37.0,10.0
1050.7388493805697,40.0,0.0,8.0,5.0,9.0,4.5,1.0,37.0,10.0
1050.7400493805696,40.0,0.0,8.0,5.0,9.0,4.5,1.0,37.0,10.0
1051.1400493805697,40.0,0.0,8.0,5.0,9.0,4.5,1.0,37.0,10.0
1051.1412493805697,40.0,0.0,8.0,5.0,9.0,4.5,1.0,37.0,10.0
1051.5412493805698,40.0,0.0,8.0,5.0,9.0,4.5,1.0,37.0,10.0
1051.5424493805697,40.0,0.0,8.0,6.0,9.0,4.5,1.0,37.0,10.0
1051.9424493805698,40.0,0.0,8.0,6.0,9.0,4.5,1.0,37.0,10.0
1051.9434493805697,40.0,0.0,8.0,6.0,9.0,4.5,1.0,37.0,10.0
1052.3434493805698,40.0,0.0,8.0,6.0,9.0,4.5,1.0,37.0,10.0
1052.3444493805698,40.0,0.0,8.0,6.0,9.0,4.5,1.0,37.0,10.0
1052.74444938057,40.0,0.0,8.0,6.0,9.0,4.5,1.0,37.0,10.0
1052.7454493805699,40.0,0.0,8.0,6.0,9.0,4.5,1.0,37.0,10.0
1053.14544938057,40.0,0.0,8.0,6.0,9.0,4.5,1.0,37.0,10.0
1053.14644938057,30.0,0.0,8.0,6.0,9.0,4.5,1.0,37.0,10.0
1053.54644938057,30.0,0.0,8.0,6.0,9.0,4.5,1.0,37.0,10.0
1053.54744938057,30.0,0.0,8.0,6.0,9.0,4.5,1.0,37.0,10.0
1053.94744938057,30.0,0.0,8.0,6.0,9.0,4.5,1.0,37.0,10.0
1053.94844938057,30.0,0.0,8.0,6.0,9.0,4.5,1.0,37.0,10.0
1054.3484493805702,30.0,0.0,8.0,6.0,9.0,4.5,1.0,37.0,10.0
1054.3494493805701,30.0,0.0,8.0,6.0,9.0,4.5,1.0,37.0,10.0
1054.7494493805702,30.0,0.0,8.0,6.0,9.0,4.5,1.0,37.0,10.0
1054.7504493805702,30.0,0.0,8.0,6.0,9.0,4.5,1.0,37.0,10.0
1055.1504493805703,30.0,0.0,8.0,6.0,9.0,4.5,1.0,37.0,10.0
1055.1514493805703,30.0,0.0,8.0,6.0,9.0,4.5,1.0,37.0,10.0
1055.5514493805704,30.0,0.0,8.0,6.0,9.0,4.5,1.0,37.0,10.0
1055.5524493805704,30.0,0.0,8.0,6.0,9.0,4.5,1.0,37.0,10.0
1055.9524493805704,30.0,0.0,8.0,6.0,9.0,4.5,1.0,37.0,10.0
1055.9534493805704,30.0,0.0,8.0,6.0,9.0,4.5,1.0,37.0,10.0
1056.3534493805705,30.0,0.0,8.0,6.0,9.0,4.5,1.0,37.0,10.0
1056.3544493805705,30.0,0.0,8.0,6.0,9.0,4.5,1.0,37.0,10.0
1056.7544493805706,30.0,0.0,8.0,6.0,9.0,4.5,1.0,37.0,10.0
1056.7554493805706,30.0,0.0,8.0,6.0,9.0,4.5,1.0,37.0,10.0
1057.1554493805706,30.0,0.0,8.0,6.0,9.0,4.5,1.0,37.0,10.0
1057.1564493805706,30.0,0.0,8.0,6.0,9.0,4.5,1.0,37.0,10.0
1057.5564493805707,30.0,0.0,8.0,6.0,9.0,4.5,1.0,37.0,10.0
1057.5574493805707,30.0,0.0,8.0,6.0,9.0,4.5,1.0,37.0,10.0
1057.9574493805708,30.0,0.0,8.0,6.0,9.0,4.5,1.0,37.0,10.0
1057.9584493805708,30.0,0.0,8.0,6.0,9.0,4.5,1.0,37.0,10.0
1058.3584493805708,30.0,0.0,8.0,6.0,9.0,4.5,1.0,37.0,10.0
1058.3594493805708,30.0,0.0,8.0,6.0,9.0,4.5,1.0,37.0,10.0
1058.759449380571,30.0,0.0,8.0,6.0,9.0,4.5,1.0,37.0,10.0
1058.760449380571,30.0,0.0,8.0,6.0,9.0,4.5,1.0,37.0,10.0
1059.160449380571,30.0,0.0,8.0,6.0,9.0,4.5,1.0,37.0,10.0
1059.161449380571,30.0,0.0,8.0,6.0,9.0,4.5,1.0,37.0,10.0
1059.561449380571,30.0,0.0,8.0,6.0,9.0,4.5,1.0,37.0,10.0
1059.562449380571,30.0,0.0,8.0,6.0,9.0,4.5,1.0,37.0,10.0
1059.9624493805711,30.0,0.0,8.0,6.0,9.0,4.5,1.0,37.0,10.0
1059.963449380571,40.0,0.0,8.0,6.0,9.0,4.5,1.0,37.0,10.0
1060.3634493805712,40.0,0.0,8.0,6.0,9.0,4.5,1.0,37.0,10.0
1060.3644493805712,40.0,0.0,8.0,6.0,9.0,4.5,1.0,37.0,10.0
1060.7644493805713,40.0,0.0,8.0,6.0,9.0,4.5,1.0,37.0,10.0
1060.7654493805712,40.0,0.0,8.0,6.0,9.0,4.5,1.0,37.0,10.0
1061.1654493805713,40.0,0.0,8.0,6.0,9.0,4.5,1.0,37.0,10.0
1061.1664493805713,40.0,0.0,8.0,6.0,9.0,9.5,1.0,37.0,10.0
1061.5664493805714,40.0,0.0,8.0,6.0,9.0,9.5,1.0,37.0,10.0
1061.567114200516,40.0,0.0,8.0,6.0,9.0,9.5,1.0,37.0,10.0
1061.967114200516,40.0,0.0,8.0,6.0,9.0,9.5,1.0,37.0,10.0
1061.9677790204607,40.0,0.0,8.0,6.0,9.0,9.5,1.0,37.0,10.0
1062.3677790204608,40.0,0.0,8.0,6.0,9.0,9.5,1.0,37.0,10.0
1062.3684438404055,40.0,0.0,8.0,6.0,9.0,9.5,1.0,37.0,10.0
1062.7684438404056,40.0,0.0,8.0,6.0,9.0,9.5,1.0,37.0,10.0
1062.7691086603502,40.0,0.0,8.0,6.0,9.0,9.5,1.0,37.0,10.0
1063.1691086603503,40.0,0.0,8.0,6.0,9.0,9.5,1.0,37.0,10.0
1063.169773480295,40.0,0.0,8.0,6.0,9.0,9.5,1.0,37.0,10.0
1063.569773480295,40.0,0.0,8.0,6.0,9.0,9.5,1.0,37.0,10.0
1063.5704383002396,40.0,0.0,8.0,6.0,9.0,9.5,1.0,37.0,10.0
1063.9704383002397,40.0,0.0,8.0,6.0,9.0,9.5,1.0,37.0,10.0
1063.9711031201844,40.0,0.0,8.0,7.0,9.0,9.5,1.0,37.0,10.0
1064.3711031201844,40.0,0.0,8.0,7.0,9.0,9.5,1.0,37.0,10.0
1064.371767940129,40.0,0.0,8.0,7.0,9.0,9.5,1.0,37.0,10.0
1064.7717679401292,40.0,0.0,8.0,7.0,9.0,9.5,1.0,37.0,10.0
1064.7724327600738,40.0,0.0,8.0,7.0,9.0,7.5,1.0,38.0,10.0
1065.172432760074,40.0,0.0,8.0,7.0,9.0,7.5,1.0,38.0,10.0
1065.173289902931,40.0,0.0,8.0,7.0,9.0,7.5,1.0,38.0,10.0
1065.573289902931,40.0,0.0,8.0,7.0,9.0,7.5,1.0,38.0,10.0
1065.574147045788,40.0,0.0,8.0,7.0,9.0,7.5,1.0,38.0,10.0
1065.9741470457882,40.0,0.0,8.0,7.0,9.0,7.5,1.0,38.0,10.0
1065.9750041886452,40.0,0.0,8.0,7.0,9.0,12.5,1.0,38.0,10.0
1066.3750041886453,40.0,0.0,8.0,7.0,9.0,12.5,1.0,38.0,10.0
1066.3753881886453,40.0,0.0,8.0,7.0,9.0,12.5,1.0,38.0,10.0
1066.7753881886454,40.0,0.0,8.0,7.0,9.0,12.5,1.0,38.0,10.0
1066.7757721886453,40.0,0.0,8.0,7.0,9.0,10.5,1.0,39.0,10.0
1067.1757721886454,40.0,0.0,8.0,7.0,9.0,10.5,1.0,39.0,10.0
1067.1763164063325,40.0,0.0,8.0,7.0,9.0,8.5,1.0,40.0,10.0
1067.5763164063326,40.0,0.0,8.0,7.0,9.0,8.5,1.0,40.0,10.0
1067.5771468561595,40.0,0.0,8.0,7.0,9.0,8.5,1.0,40.0,10.0
1067.9771468561596,40.0,0.0,8.0,7.0,9.0,8.5,1.0,40.0,10.0
1067.9779773059865,40.0,0.0,8.0,7.0,9.0,8.5,1.0,40.0,10.0
1068.3779773059866,40.0,0.0,8.0,7.0,9.0,8.5,1.0,40.0,10.0
1068.3788077558136,40.0,0.0,8.0,7.0,9.0,6.5,1.0,41.0,10.0
1068.7788077558137,40.0,0.0,8.0,7.0,9.0,6.5,1.0,41.0,10.0
1068.7796648986707,40.0,0.0,8.0,7.0,9.0,6.5,1.0,41.0,10.0
1069.1796648986708,40.0,0.0,8.0,7.0,9.0,6.5,1.0,41.0,10.0
1069.1805220415279,40.0,0.0,8.0,7.0,9.0,6.5,1.0,41.0,10.0
1069.580522041528,40.0,0.0,8.0,7.0,9.0,6.5,1.0,41.0,10.0
1069.581379184385,40.0,0.0,8.0,7.0,9.0,6.5,1.0,41.0,10.0
1069.981379184385,40.0,0.0,8.0,7.0,9.0,6.5,1.0,41.0,10.0
1069.9822363272422,40.0,0.0,8.0,7.0,9.0,6.5,1.0,41.0,10.0
1070.3822363272423,40.0,0.0,8.0,7.0,9.0,6.5,1.0,41.0,10.0
1070.3830934700993,40.0,0.0,8.0,7.0,9.0,6.5,1.0,41.0,10.0
1070.7830934700994,40.0,0.0,8.0,7.0,9.0,6.5,1.0,41.0,10.0
1070.7839506129565,40.0,0.0,8.0,7.0,9.0,6.5,1.0,41.0,10.0
1071.1839506129566,40.0,0.0,8.0,7.0,9.0,6.5,1.0,41.0,10.0
1071.1848077558136,40.0,0.0,8.0,7.0,9.0,6.5,1.0,41.0,10.0
1071.5848077558137,40.0,0.0,8.0,7.0,9.0,6.5,1.0,41.0,10.0
1071.5856648986708,40.0,0.0,8.0,7.0,9.0,6.5,1.0,41.0,10.0
1071.9856648986708,40.0,0.0,8.0,7.0,9.0,6.5,1.0,41.0,10.0
1071.986522041528,40.0,0.0,8.0,7.0,9.0,6.5,1.0,41.0,10.0
1072.386522041528,40.0,0.0,8.0,7.0,9.0,6.5,1.0,41.0,10.0
1072.387379184385,40.0,0.0,8.0,7.0,9.0,6.5,1.0,41.0,10.0
1072.7873791843851,40.0,0.0,8.0,7.0,9.0,6.5,1.0,41.0,10.0
1072.7882363272422,40.0,0.0,8.0,7.0,9.0,6.5,1.0,41.0,10.0
1073.1882363272423,40.0,0.0,8.0,7.0,9.0,6.5,1.0,41.0,10.0
1073.1890934700994,40.0,0.0,8.0,7.0,9.0,6.5,1.0,41.0,10.0
1073.5890934700994,40.0,0.0,8.0,7.0,9.0,6.5,1.0,41.0,10.0
1073.5899506129565,40.0,0.0,8.0,7.0,9.0,6.5,1.0,41.0,10.0
1073.9899506129566,40.0,0.0,8.0,7.0,9.0,6.5,1.0,41.0,10.0
1073.9908077558136,40.0,0.0,8.0,7.0,9.0,6.5,1.0,41.0,10.0
1074.3908077558137,40.0,0.0,8.0,7.0,9.0,6.5,1.0,41.0,10.0
1074.3916648986708,40.0,0.0,8.0,7.0,9.0,11.5,1.0,41.0,10.0
1074.791664898671,40.0,0.0,8.0,7.0,9.0,11.5,1.0,41.0,10.0
1074.7921185848713,40.0,0.0,8.0,7.0,9.0,11.5,1.0,41.0,10.0
1075.1921185848714,40.0,0.0,8.0,7.0,9.0,11.5,1.0,41.0,10.0
1075.1925722710719,40.0,0.0,8.0,7.0,9.0,11.5,1.0,41.0,10.0
1075.592572271072,40.0,0.0,8.0,7.0,9.0,11.5,1.0,41.0,10.0
1075.5930259572724,40.0,0.0,8.0,7.0,9.0,11.5,1.0,41.0,10.0
1075.9930259572725,40.0,0.0,8.0,7.0,9.0,11.5,1.0,41.0,10.0
1075.993479643473,40.0,0.0,8.0,7.0,9.0,11.5,1.0,41.0,10.0
1076.393479643473,40.0,0.0,8.0,7.0,9.0,11.5,1.0,41.0,10.0
1076.3939333296735,40.0,0.0,8.0,7.0,9.0,11.5,1.0,41.0,10.0
1076.7939333296736,40.0,0.0,8.0,7.0,9.0,11.5,1.0,41.0,10.0
1076.794387015874,40.0,0.0,8.0,7.0,9.0,11.5,1.0,41.0,10.0
1077.194387015874,40.0,0.0,8.0,7.0,9.0,11.5,1.0,41.0,10.0
1077.1948407020745,40.0,0.0,8.0,7.0,9.0,11.5,1.0,41.0,10.0
1077.5948407020746,40.0,0.0,8.0,7.0,9.0,11.5,1.0,41.0,10.0
1077.595294388275,40.0,0.0,8.0,7.0,9.0,11.5,1.0,41.0,10.0
1077.9952943882752,40.0,0.0,8.0,7.0,9.0,11.5,1.0,41.0,10.0
1077.9957480744756,40.0,0.0,8.0,7.0,9.0,11.5,1.0,41.0,10.0
1078.3957480744757,40.0,0.0,8.0,7.0,9.0,11.5,1.0,41.0,10.0
1078.3962017606761,40.0,0.0,8.0,7.0,9.0,11.5,1.0,41.0,10.0
1078.7962017606762,40.0,0.0,8.0,7.0,9.0,11.5,1.0,41.0,10.0
1078.7966554468767,40.0,0.0,8.0,7.0,9.0,11.5,1.0,41.0,10.0
1079.1966554468768,40.0,0.0,8.0,7.0,9.0,11.5,1.0,41.0,10.0
1079.1971091330772,40.0,0.0,8.0,7.0,9.0,11.5,1.0,41.0,10.0
1079.5971091330773,40.0,0.0,8.0,7.0,9.0,11.5,1.0,41.0,10.0
1079.5975628192778,40.0,0.0,8.0,7.0,9.0,11.5,1.0,41.0,10.0
1079.9975628192778,40.0,0.0,8.0,7.0,9.0,11.5,1.0,41.0,10.0
1079.9980165054783,40.0,0.0,8.0,7.0,9.0,11.5,1.0,41.0,10.0
1080.3980165054784,40.0,0.0,8.0,7.0,9.0,11.5,1.0,41.0,10.0
1080.3984701916788,40.0,0.0,8.0,7.0,9.0,11.5,1.0,41.0,10.0
1080.798470191679,40.0,0.0,8.0,7.0,9.0,11.5,1.0,41.0,10.0
1080.7989238778794,40.0,0.0,8.0,7.0,9.0,11.5,1.0,41.0,10.0
1081.1989238778795,40.0,0.0,8.0,7.0,9.0,11.5,1.0,41.0,10.0
1081.19937756408,40.0,0.0,8.0,7.0,9.0,11.5,1.0,41.0,10.0
1081.59937756408,40.0,0.0,8.0,7.0,9.0,11.5,1.0,41.0,10.0
1081.5998312502804,40.0,0.0,8.0,7.0,9.0,11.5,1.0,41.0,10.0
1081.9998312502805,40.0,0.0,8.0,7.0,9.0,11.5,1.0,41.0,10.0
1082.000284936481,40.0,0.0,8.0,7.0,9.0,11.5,1.0,41.0,10.0
1082.400284936481,40.0,0.0,8.0,7.0,9.0,11.5,1.0,41.0,10.0
1082.4007386226815,40.0,0.0,8.0,7.0,9.0,11.5,1.0,41.0,10.0
1082.8007386226816,40.0,0.0,8.0,7.0,9.0,11.5,1.0,41.0,10.0
1082.801192308882,40.0,0.0,8.0,7.0,9.0,11.5,1.0,41.0,10.0
1083.2011923088821,40.0,0.0,8.0,7.0,9.0,11.5,1.0,41.0,10.0
1083.2016459950826,40.0,0.0,8.0,7.0,9.0,11.5,1.0,41.0,10.0
1083.6016459950827,40.0,0.0,8.0,7.0,9.0,11.5,1.0,41.0,10.0
1083.602099681283,40.0,0.0,8.0,7.0,9.0,11.5,1.0,41.0,10.0
1084.0020996812832,40.0,0.0,8.0,7.0,9.0,11.5,1.0,41.0,10.0
1084.0025533674836,40.0,0.0,8.0,7.0,9.0,11.5,1.0,41.0,10.0
1084.4025533674837,40.0,0.0,8.0,7.0,9.0,11.5,1.0,41.0,10.0
1084.4030070536842,40.0,0.0,8.0,7.0,9.0,11.5,1.0,41.0,10.0
1084.8030070536843,40.0,0.0,8.0,7.0,9.0,11.5,1.0,41.0,10.0
1084.8034607398847,40.0,0.0,8.0,7.0,9.0,11.5,1.0,41.0,10.0
1085.2034607398848,40.0,0.0,8.0,7.0,9.0,11.5,1.0,41.0,10.0
1085.2039144260852,40.0,0.0,8.0,7.0,9.0,11.5,1.0,41.0,10.0
1085.6039144260853,40.0,0.0,8.0,7.0,9.0,11.5,1.0,41.0,10.0
1085.6043681122858,40.0,0.0,8.0,7.0,9.0,11.5,1.0,41.0,10.0
1086.0043681122859,40.0,0.0,8.0,7.0,9.0,11.5,1.0,41.0,10.0
1086.0048217984863,40.0,0.0,8.0,7.0,9.0,11.5,1.0,41.0,10.0
1086.4048217984864,40.0,0.0,8.0,7.0,9.0,11.5,1.0,41.0,10.0
1086.4052754846869,40.0,0.0,8.0,7.0,9.0,11.5,1.0,41.0,10.0
1086.805275484687,40.0,0.0,8.0,7.0,9.0,11.5,1.0,41.0,10.0
1086.8057291708874,40.0,0.0,8.0,7.0,9.0,11.5,1.0,41.0,10.0
1087.2057291708875,40.0,0.0,8.0,7.0,9.0,11.5,1.0,41.0,10.0
1087.206182857088,40.0,0.0,8.0,7.0,9.0,11.5,1.0,41.0,10.0
1087.606182857088,40.0,0.0,8.0,7.0,9.0,11.5,1.0,41.0,10.0
1087.6066365432885,40.0,0.0,8.0,7.0,9.0,11.5,1.0,41.0,10.0
1088.0066365432886,40.0,0.0,8.0,7.0,9.0,11.5,1.0,41.0,10.0
1088.007090229489,40.0,0.0,8.0,7.0,9.0,11.5,1.0,41.0,10.0
1088.407090229489,40.0,0.0,8.0,7.0,9.0,11.5,1.0,41.0,10.0
1088.4075439156895,40.0,0.0,8.0,7.0,9.0,11.5,1.0,41.0,10.0
1088.8075439156896,40.0,0.0,8.0,7.0,9.0,11.5,1.0,41.0,10.0
1088.80799760189,40.0,0.0,8.0,7.0,9.0,11.5,1.0,41.0,10.0
1089.2079976018902,40.0,0.0,8.0,7.0,9.0,11.5,1.0,41.0,10.0
1089.2084512880906,40.0,0.0,8.0,7.0,9.0,11.5,1.0,41.0,10.0
1089.6084512880907,40.0,0.0,8.0,7.0,9.0,11.5,1.0,41.0,10.0
1089.6089049742911,40.0,0.0,8.0,7.0,9.0,9.5,1.0,42.0,10.0
1090.0089049742912,40.0,0.0,8.0,7.0,9.0,9.5,1.0,42.0,10.0
1090.0095697942359,40.0,0.0,8.0,7.0,9.0,9.5,1.0,42.0,10.0
1090.409569794236,40.0,0.0,8.0,7.0,9.0,9.5,1.0,42.0,10.0
1090.4102346141806,40.0,0.0,8.0,7.0,9.0,9.5,1.0,42.0,10.0
1090.8102346141807,40.0,0.0,8.0,7.0,9.0,9.5,1.0,42.0,10.0
1090.8108994341253,40.0,0.0,8.0,7.0,9.0,9.5,1.0,42.0,10.0
1091.2108994341254,40.0,0.0,8.0,7.0,9.0,9.5,1.0,42.0,10.0
1091.21156425407,40.0,0.0,8.0,7.0,9.0,9.5,1.0,42.0,10.0
1091.6115642540701,40.0,0.0,8.0,7.0,9.0,9.5,1.0,42.0,10.0
1091.6122290740147,40.0,0.0,8.0,7.0,9.0,9.5,1.0,42.0,10.0
1092.0122290740148,40.0,0.0,8.0,7.0,9.0,9.5,1.0,42.0,10.0
1092.0128938939595,40.0,0.0,8.0,7.0,9.0,9.5,1.0,42.0,10.0
1092.4128938939596,40.0,0.0,8.0,7.0,9.0,9.5,1.0,42.0,10.0
1092.4135587139042,40.0,0.0,8.0,7.0,9.0,9.5,1.0,42.0,10.0
1092.8135587139043,40.0,0.0,8.0,7.0,9.0,9.5,1.0,42.0,10.0
1092.814223533849,40.0,0.0,8.0,7.0,9.0,9.5,1.0,42.0,10.0
1093.214223533849,40.0,0.0,8.0,7.0,9.0,9.5,1.0,42.0,10.0
1093.2148883537936,40.0,0.0,8.0,7.0,9.0,9.5,1.0,42.0,10.0
1093.6148883537937,40.0,0.0,8.0,7.0,9.0,9.5,1.0,42.0,10.0
1093.6155531737384,40.0,0.0,8.0,7.0,9.0,9.5,1.0,42.0,10.0
1094.0155531737385,40.0,0.0,8.0,7.0,9.0,9.5,1.0,42.0,10.0
1094.016217993683,40.0,0.0,8.0,7.0,9.0,9.5,1.0,42.0,10.0
1094.4162179936832,40.0,0.0,8.0,7.0,9.0,9.5,1.0,42.0,10.0
1094.4168828136278,40.0,0.0,8.0,7.0,9.0,9.5,1.0,42.0,10.0
1094.816882813628,40.0,0.0,8.0,7.0,9.0,9.5,1.0,42.0,10.0
1094.8175476335725,40.0,0.0,8.0,7.0,9.0,9.5,1.0,42.0,10.0
1095.2175476335726,40.0,0.0,8.0,7.0,9.0,9.5,1.0,42.0,10.0
1095.2182124535173,40.0,0.0,8.0,7.0,9.0,9.5,1.0,42.0,10.0
1095.6182124535173,40.0,0.0,8.0,7.0,9.0,9.5,1.0,42.0,10.0
1095.618877273462,40.0,0.0,8.0,7.0,9.0,9.5,1.0,42.0,10.0
1096.018877273462,40.0,0.0,8.0,7.0,9.0,9.5,1.0,42.0,10.0
1096.0195420934067,40.0,0.0,8.0,7.0,9.0,9.5,1.0,42.0,10.0
1096.4195420934068,40.0,0.0,8.0,7.0,9.0,9.5,1.0,42.0,10.0
1096.4202069133514,40.0,0.0,8.0,7.0,9.0,9.5,1.0,42.0,10.0
1096.8202069133515,40.0,0.0,8.0,7.0,9.0,9.5,1.0,42.0,10.0
1096.8208717332961,40.0,0.0,8.0,7.0,9.0,9.5,1.0,42.0,10.0
1097.2208717332962,40.0,0.0,8.0,7.0,9.0,9.5,1.0,42.0,10.0
1097.2215365532409,40.0,0.0,8.0,7.0,9.0,9.5,1.0,42.0,10.0
1097.621536553241,40.0,0.0,8.0,7.0,9.0,9.5,1.0,42.0,10.0
1097.6222013731856,40.0,0.0,8.0,7.0,9.0,7.5,1.0,43.0,10.0
1098.0222013731857,40.0,0.0,8.0,7.0,9.0,7.5,1.0,43.0,10.0
1098.0230585160427,40.0,0.0,8.0,7.0,9.0,7.5,1.0,43.0,10.0
1098.4230585160428,40.0,0.0,8.0,7.0,9.0,7.5,1.0,43.0,10.0
1098.4239156589,40.0,0.0,8.0,7.0,9.0,7.5,1.0,43.0,10.0
1098.8239156589,40.0,0.0,8.0,7.0,9.0,7.5,1.0,43.0,10.0
1098.824772801757,40.0,0.0,8.0,7.0,9.0,7.5,1.0,43.0,10.0
1099.2247728017571,40.0,0.0,8.0,7.0,9.0,7.5,1.0,43.0,10.0
1099.2256299446142,40.0,0.0,8.0,7.0,9.0,7.5,1.0,43.0,10.0
1099.6256299446143,40.0,0.0,8.0,7.0,9.0,7.5,1.0,43.0,10.0
1099.6264870874713,40.0,0.0,8.0,7.0,9.0,7.5,1.0,43.0,10.0
1100.0264870874714,40.0,0.0,8.0,7.0,9.0,7.5,1.0,43.0,10.0
1100.0273442303285,40.0,0.0,8.0,7.0,9.0,7.5,1.0,43.0,10.0
1100.4273442303286,40.0,0.0,8.0,7.0,9.0,7.5,1.0,43.0,10.0
1100.4282013731856,40.0,0.0,8.0,7.0,9.0,7.5,1.0,43.0,10.0
1100.8282013731857,40.0,0.0,8.0,7.0,9.0,7.5,1.0,43.0,10.0
1100.8290585160428,50.0,0.0,8.0,7.0,9.0,7.5,1.0,43.0,10.0
1101.2290585160429,50.0,0.0,8.0,7.0,9.0,7.5,1.0,43.0,10.0
1101.2299156589,50.0,0.0,8.0,7.0,9.0,7.5,1.0,43.0,10.0
1101.6299156589,50.0,0.0,8.0,7.0,9.0,7.5,1.0,43.0,10.0
1101.630772801757,50.0,0.0,8.0,7.0,9.0,7.5,1.0,43.0,10.0
1102.0307728017572,50.0,0.0,8.0,7.0,9.0,7.5,1.0,43.0,10.0
1102.0316299446142,50.0,0.0,8.0,7.0,9.0,7.5,1.0,43.0,10.0
1102.4316299446143,50.0,0.0,8.0,7.0,9.0,7.5,1.0,43.0,10.0
1102.4324870874714,50.0,0.0,8.0,7.0,9.0,7.5,1.0,43.0,10.0
1102.8324870874715,50.0,0.0,8.0,7.0,9.0,7.5,1.0,43.0,10.0
1102.8333442303285,50.0,0.0,8.0,7.0,9.0,7.5,1.0,43.0,10.0
1103.2333442303286,50.0,0.0,8.0,7.0,9.0,7.5,1.0,43.0,10.0
1103.2342013731857,50.0,0.0,8.0,7.0,9.0,7.5,1.0,43.0,10.0
1103.6342013731858,50.0,0.0,8.0,7.0,9.0,7.5,1.0,43.0,10.0
1103.6350585160428,60.0,0.0,8.0,7.0,9.0,7.5,1.0,43.0,10.0
1104.035058516043,60.0,0.0,8.0,7.0,9.0,7.5,1.0,43.0,10.0
1104.0359156589,50.0,0.0,8.0,7.0,9.0,7.5,1.0,43.0,10.0
1104.4359156589,50.0,0.0,8.0,7.0,9.0,7.5,1.0,43.0,10.0
1104.4367728017571,50.0,0.0,8.0,7.0,9.0,7.5,1.0,43.0,10.0
1104.8367728017572,50.0,0.0,8.0,7.0,9.0,7.5,1.0,43.0,10.0
1104.8376299446143,50.0,0.0,8.0,7.0,9.0,7.5,1.0,43.0,10.0
1105.2376299446144,50.0,0.0,8.0,7.0,9.0,7.5,1.0,43.0,10.0
1105.2384870874714,50.0,0.0,8.0,7.0,9.0,7.5,1.0,43.0,10.0
1105.6384870874715,50.0,0.0,8.0,7.0,9.0,7.5,1.0,43.0,10.0
1105.6393442303286,50.0,0.0,8.0,7.0,9.0,7.5,1.0,43.0,10.0
1106.0393442303287,50.0,0.0,8.0,7.0,9.0,7.5,1.0,43.0,10.0
1106.0402013731857,50.0,0.0,8.0,7.0,9.0,7.5,1.0,43.0,10.0
1106.4402013731858,50.0,0.0,8.0,7.0,9.0,7.5,1.0,43.0,10.0
1106.4410585160429,50.0,0.0,8.0,7.0,9.0,7.5,1.0,43.0,10.0
1106.841058516043,50.0,0.0,8.0,7.0,9.0,7.5,1.0,43.0,10.0
1106.8419156589,50.0,0.0,8.0,7.0,9.0,7.5,1.0,43.0,10.0
1107.2419156589,50.0,0.0,8.0,7.0,9.0,7.5,1.0,43.0,10.0
1107.2427728017572,50.0,0.0,8.0,7.0,9.0,7.5,1.0,43.0,10.0
1107.6427728017572,50.0,0.0,8.0,7.0,9.0,7.5,1.0,43.0,10.0
1107.6436299446143,50.0,0.0,8.0,7.0,9.0,7.5,1.0,43.0,10.0
1108.0436299446144,50.0,0.0,8.0,7.0,9.0,7.5,1.0,43.0,10.0
1108.0444870874715,50.0,0.0,8.0,7.0,9.0,7.5,1.0,43.0,10.0
1108.4444870874715,50.0,0.0,8.0,7.0,9.0,7.5,1.0,43.0,10.0
1108.4453442303286,50.0,0.0,8.0,7.0,9.0,7.5,1.0,43.0,10.0
1108.8453442303287,50.0,0.0,8.0,7.0,9.0,7.5,1.0,43.0,10.0
1108.8462013731857,50.0,0.0,8.0,7.0,9.0,7.5,1.0,43.0,10.0
1109.2462013731858,50.0,0.0,8.0,7.0,9.0,7.5,1.0,43.0,10.0
1109.247058516043,50.0,0.0,8.0,7.0,9.0,7.5,1.0,43.0,10.0
1109.647058516043,50.0,0.0,8.0,7.0,9.0,7.5,1.0,43.0,10.0
1109.6479156589,50.0,0.0,8.0,7.0,9.0,7.5,1.0,43.0,10.0
1110.0479156589001,50.0,0.0,8.0,7.0,9.0,7.5,1.0,43.0,10.0
1110.0487728017572,50.0,0.0,8.0,7.0,9.0,7.5,1.0,43.0,10.0
1110.4487728017573,50.0,0.0,8.0,7.0,9.0,7.5,1.0,43.0,10.0
1110.4496299446143,50.0,0.0,8.0,7.0,9.0,5.5,1.0,44.0,10.0
1110.8496299446144,50.0,0.0,8.0,7.0,9.0,5.5,1.0,44.0,10.0
1110.8504870874715,50.0,0.0,8.0,7.0,9.0,5.5,1.0,44.0,10.0
1111.2504870874716,50.0,0.0,8.0,7.0,9.0,5.5,1.0,44.0,10.0
1111.2513442303286,50.0,0.0,8.0,7.0,9.0,5.5,1.0,44.0,10.0
1111.6513442303287,50.0,0.0,8.0,7.0,9.0,5.5,1.0,44.0,10.0
1111.6522013731858,50.0,0.0,8.0,7.0,9.0,5.5,1.0,44.0,10.0
1112.0522013731859,50.0,0.0,8.0,7.0,9.0,5.5,1.0,44.0,10.0
1112.053058516043,50.0,0.0,8.0,7.0,9.0,5.5,1.0,44.0,10.0
1112.453058516043,50.0,0.0,8.0,7.0,9.0,5.5,1.0,44.0,10.0
1112.4539156589,50.0,0.0,8.0,7.0,9.0,5.5,1.0,44.0,10.0
1112.8539156589002,50.0,0.0,8.0,7.0,9.0,5.5,1.0,44.0,10.0
1112.8547728017572,50.0,0.0,8.0,7.0,9.0,5.5,1.0,44.0,10.0
1113.2547728017573,50.0,0.0,8.0,7.0,9.0,5.5,1.0,44.0,10.0
1113.2556299446144,50.0,0.0,8.0,7.0,9.0,5.5,1.0,44.0,10.0
1113.6556299446145,50.0,0.0,8.0,7.0,9.0,5.5,1.0,44.0,10.0
1113.6564870874715,50.0,0.0,8.0,7.0,9.0,5.5,1.0,44.0,10.0
1114.0564870874716,50.0,0.0,8.0,7.0,9.0,5.5,1.0,44.0,10.0
1114.0573442303287,50.0,0.0,8.0,7.0,9.0,5.5,1.0,44.0,10.0
1114.4573442303288,50.0,0.0,8.0,7.0,9.0,5.5,1.0,44.0,10.0
1114.4582013731858,50.0,0.0,8.0,7.0,9.0,5.5,1.0,44.0,10.0
1114.858201373186,50.0,0.0,8.0,7.0,9.0,5.5,1.0,44.0,10.0
1114.859058516043,50.0,0.0,8.0,7.0,9.0,5.5,1.0,44.0,10.0
1115.259058516043,50.0,0.0,8.0,7.0,9.0,5.5,1.0,44.0,10.0
1115.2599156589001,50.0,0.0,8.0,7.0,9.0,5.5,1.0,44.0,10.0
1115.6599156589002,50.0,0.0,8.0,7.0,9.0,5.5,1.0,44.0,10.0
1115.6607728017573,50.0,0.0,8.0,7.0,9.0,5.5,1.0,44.0,10.0
1116.0607728017574,50.0,0.0,8.0,7.0,9.0,5.5,1.0,44.0,10.0
1116.0616299446144,50.0,0.0,8.0,7.0,9.0,5.5,1.0,44.0,10.0
1116.4616299446145,50.0,0.0,8.0,7.0,9.0,5.5,1.0,44.0,10.0
1116.4624870874716,50.0,0.0,8.0,7.0,9.0,5.5,1.0,44.0,10.0
1116.8624870874717,50.0,0.0,8.0,7.0,9.0,5.5,1.0,44.0,10.0
1116.8633442303287,50.0,0.0,8.0,7.0,9.0,5.5,1.0,44.0,10.0
1117.2633442303288,50.0,0.0,8.0,7.0,9.0,5.5,1.0,44.0,10.0
1117.2642013731859,50.0,0.0,8.0,7.0,9.0,5.5,1.0,44.0,10.0
1117.664201373186,50.0,0.0,8.0,7.0,9.0,5.5,1.0,44.0,10.0
1117.665058516043,50.0,0.0,8.0,7.0,9.0,5.5,1.0,44.0,10.0
1118.065058516043,50.0,0.0,8.0,7.0,9.0,5.5,1.0,44.0,10.0
1118.0659156589002,50.0,0.0,8.0,7.0,9.0,5.5,1.0,44.0,10.0
1118.4659156589003,50.0,0.0,8.0,7.0,9.0,5.5,1.0,44.0,10.0
1118.4667728017573,50.0,0.0,8.0,7.0,9.0,5.5,1.0,44.0,10.0
1118.8667728017574,50.0,0.0,8.0,7.0,9.0,5.5,1.0,44.0,10.0
1118.8676299446145,50.0,0.0,8.0,7.0,9.0,5.5,1.0,44.0,10.0
1119.2676299446146,50.0,0.0,8.0,7.0,9.0,5.5,1.0,44.0,10.0
1119.2684870874716,50.0,0.0,8.0,7.0,9.0,5.5,1.0,44.0,10.0
1119.6684870874717,50.0,0.0,8.0,7.0,9.0,5.5,1.0,44.0,10.0
1119.6693442303288,50.0,0.0,8.0,7.0,9.0,5.5,1.0,44.0,10.0
1120.0693442303289,50.0,0.0,8.0,7.0,9.0,5.5,1.0,44.0,10.0
1120.070201373186,50.0,0.0,8.0,7.0,9.0,5.5,1.0,44.0,10.0
1120.470201373186,50.0,0.0,8.0,7.0,9.0,5.5,1.0,44.0,10.0
1120.471058516043,50.0,0.0,8.0,7.0,9.0,5.5,1.0,44.0,10.0
1120.8710585160431,50.0,0.0,8.0,7.0,9.0,5.5,1.0,44.0,10.0
1120.8719156589002,50.0,0.0,8.0,7.0,9.0,5.5,1.0,44.0,10.0
1121.2719156589003,50.0,0.0,8.0,7.0,9.0,5.5,1.0,44.0,10.0
1121.2727728017574,50.0,0.0,8.0,7.0,9.0,5.5,1.0,44.0,10.0
1121.6727728017574,50.0,0.0,8.0,7.0,9.0,5.5,1.0,44.0,10.0
1121.6736299446145,50.0,0.0,8.0,7.0,9.0,5.5,1.0,44.0,10.0
1122.0736299446146,50.0,0.0,8.0,7.0,9.0,5.5,1.0,44.0,10.0
1122.0744870874717,50.0,0.0,8.0,7.0,9.0,5.5,1.0,44.0,10.0
1122.4744870874717,50.0,0.0,8.0,7.0,9.0,5.5,1.0,44.0,10.0
1122.4753442303288,50.0,0.0,8.0,7.0,9.0,5.5,1.0,44.0,10.0
1122.875344230329,50.0,0.0,8.0,7.0,9.0,5.5,1.0,44.0,10.0
1122.876201373186,50.0,0.0,8.0,7.0,9.0,5.5,1.0,44.0,10.0
1123.276201373186,50.0,0.0,8.0,7.0,9.0,5.5,1.0,44.0,10.0
1123.277058516043,50.0,0.0,8.0,7.0,9.0,5.5,1.0,44.0,10.0
1123.6770585160432,50.0,0.0,8.0,7.0,9.0,5.5,1.0,44.0,10.0
1123.6779156589002,50.0,0.0,8.0,7.0,9.0,5.5,1.0,44.0,10.0
1124.0779156589003,50.0,0.0,8.0,7.0,9.0,5.5,1.0,44.0,10.0
1124.0787728017574,50.0,0.0,8.0,7.0,9.0,5.5,1.0,44.0,10.0
1124.4787728017575,50.0,0.0,8.0,7.0,9.0,5.5,1.0,44.0,10.0
1124.4796299446145,50.0,0.0,8.0,7.0,9.0,5.5,1.0,44.0,10.0
1124.8796299446146,50.0,0.0,8.0,7.0,9.0,5.5,1.0,44.0,10.0
1124.8804870874717,50.0,0.0,8.0,7.0,9.0,5.5,1.0,44.0,10.0
1125.2804870874718,50.0,0.0,8.0,7.0,9.0,5.5,1.0,44.0,10.0
1125.2813442303288,50.0,0.0,8.0,7.0,9.0,5.5,1.0,44.0,10.0
1125.681344230329,50.0,0.0,8.0,7.0,9.0,5.5,1.0,44.0,10.0
1125.682201373186,50.0,0.0,8.0,7.0,9.0,5.5,1.0,44.0,10.0
1126.082201373186,50.0,0.0,8.0,7.0,9.0,5.5,1.0,44.0,10.0
1126.0830585160431,50.0,0.0,8.0,7.0,9.0,5.5,1.0,44.0,10.0
1126.4830585160432,50.0,0.0,8.0,7.0,9.0,5.5,1.0,44.0,10.0
1126.4839156589003,50.0,0.0,8.0,7.0,9.0,5.5,1.0,44.0,10.0
1126.8839156589004,50.0,0.0,8.0,7.0,9.0,5.5,1.0,44.0,10.0
1126.8847728017574,50.0,0.0,8.0,7.0,9.0,5.5,1.0,44.0,10.0
1127.2847728017575,50.0,0.0,8.0,7.0,9.0,5.5,1.0,44.0,10.0
1127.2856299446146,50.0,0.0,8.0,7.0,9.0,5.5,1.0,44.0,10.0
1127.6856299446147,50.0,0.0,8.0,7.0,9.0,5.5,1.0,44.0,10.0
1127.6864870874717,50.0,0.0,8.0,7.0,9.0,5.5,1.0,44.0,10.0
1128.0864870874718,50.0,0.0,8.0,7.0,9.0,5.5,1.0,44.0,10.0
1128.0873442303289,50.0,0.0,8.0,7.0,9.0,5.5,1.0,44.0,10.0
1128.487344230329,50.0,0.0,8.0,7.0,9.0,5.5,1.0,44.0,10.0
1128.488201373186,50.0,0.0,8.0,7.0,9.0,5.5,1.0,44.0,10.0
1128.8882013731861,50.0,0.0,8.0,7.0,9.0,5.5,1.0,44.0,10.0
1128.8890585160432,50.0,0.0,8.0,7.0,9.0,5.5,1.0,44.0,10.0
1129.2890585160433,50.0,0.0,8.0,7.0,9.0,5.5,1.0,44.0,10.0
1129.2899156589003,50.0,0.0,8.0,7.0,9.0,5.5,1.0,44.0,10.0
1129.6899156589004,50.0,0.0,8.0,7.0,9.0,5.5,1.0,44.0,10.0
1129.6907728017575,50.0,0.0,8.0,7.0,9.0,5.5,1.0,44.0,10.0
1130.0907728017576,50.0,0.0,8.0,7.0,9.0,5.5,1.0,44.0,10.0
1130.0916299446146,50.0,0.0,8.0,7.0,9.0,5.5,1.0,44.0,10.0
1130.4916299446147,50.0,0.0,8.0,7.0,9.0,5.5,1.0,44.0,10.0
1130.4924870874718,50.0,0.0,8.0,7.0,9.0,5.5,1.0,44.0,10.0
1130.8924870874719,50.0,0.0,8.0,7.0,9.0,5.5,1.0,44.0,10.0
1130.893344230329,50.0,0.0,8.0,7.0,9.0,5.5,1.0,44.0,10.0
1131.293344230329,50.0,0.0,8.0,7.0,9.0,5.5,1.0,44.0,10.0
1131.294201373186,50.0,0.0,8.0,7.0,9.0,5.5,1.0,44.0,10.0
1131.6942013731862,50.0,0.0,8.0,7.0,9.0,5.5,1.0,44.0,10.0
1131.6950585160432,50.0,0.0,8.0,7.0,9.0,5.5,1.0,44.0,10.0
1132.0950585160433,50.0,0.0,8.0,7.0,9.0,5.5,1.0,44.0,10.0
1132.0959156589004,50.0,0.0,8.0,7.0,9.0,5.5,1.0,44.0,10.0
1132.4959156589005,50.0,0.0,8.0,7.0,9.0,5.5,1.0,44.0,10.0
1132.4967728017575,50.0,0.0,8.0,7.0,9.0,5.5,1.0,44.0,10.0
1132.8967728017576,50.0,0.0,8.0,7.0,9.0,5.5,1.0,44.0,10.0
1132.8976299446147,50.0,0.0,8.0,7.0,9.0,5.5,1.0,44.0,10.0
1133.2976299446148,50.0,0.0,8.0,7.0,9.0,5.5,1.0,44.0,10.0
1133.2984870874718,50.0,0.0,8.0,7.0,9.0,5.5,1.0,44.0,10.0
1133.698487087472,50.0,0.0,8.0,7.0,9.0,5.5,1.0,44.0,10.0
1133.699344230329,50.0,0.0,8.0,7.0,9.0,5.5,1.0,44.0,10.0
1134.099344230329,50.0,0.0,8.0,7.0,9.0,5.5,1.0,44.0,10.0
1134.100201373186,50.0,0.0,8.0,7.0,9.0,5.5,1.0,44.0,10.0
1134.5002013731862,50.0,0.0,8.0,7.0,9.0,5.5,1.0,44.0,10.0
1134.5010585160433,50.0,0.0,8.0,7.0,9.0,5.5,1.0,44.0,10.0
1134.9010585160433,50.0,0.0,8.0,7.0,9.0,5.5,1.0,44.0,10.0
1134.9019156589004,50.0,0.0,8.0,7.0,9.0,5.5,1.0,44.0,10.0
1135.3019156589005,50.0,0.0,8.0,7.0,9.0,5.5,1.0,44.0,10.0
1135.3027728017576,50.0,0.0,8.0,7.0,9.0,5.5,1.0,44.0,10.0
1135.7027728017576,50.0,0.0,8.0,7.0,9.0,5.5,1.0,44.0,10.0
1135.7036299446147,50.0,0.0,8.0,7.0,9.0,5.5,1.0,44.0,10.0
1136.1036299446148,50.0,0.0,8.0,7.0,9.0,5.5,1.0,44.0,10.0
1136.1044870874719,50.0,0.0,8.0,7.0,10.0,5.5,1.0,44.0,10.0
1136.504487087472,50.0,0.0,8.0,7.0,10.0,5.5,1.0,44.0,10.0
1136.505344230329,50.0,0.0,8.0,7.0,10.0,5.5,1.0,44.0,10.0
1136.905344230329,50.0,0.0,8.0,7.0,10.0,5.5,1.0,44.0,10.0
1136.9062013731861,50.0,0.0,8.0,7.0,10.0,5.5,1.0,44.0,10.0
1137.3062013731862,50.0,0.0,8.0,7.0,10.0,5.5,1.0,44.0,10.0
1137.3070585160433,50.0,0.0,8.0,7.0,10.0,5.5,1.0,44.0,10.0
1137.7070585160434,50.0,0.0,8.0,7.0,10.0,5.5,1.0,44.0,10.0
1137.7079156589004,50.0,0.0,8.0,7.0,10.0,5.5,1.0,44.0,10.0
1138.1079156589005,50.0,0.0,8.0,7.0,10.0,5.5,1.0,44.0,10.0
1138.1087728017576,50.0,0.0,8.0,7.0,10.0,5.5,1.0,44.0,10.0
1138.5087728017577,50.0,0.0,8.0,7.0,10.0,5.5,1.0,44.0,10.0
1138.5096299446147,50.0,0.0,8.0,7.0,10.0,5.5,1.0,44.0,10.0
1138.9096299446148,50.0,0.0,8.0,7.0,10.0,5.5,1.0,44.0,10.0
1138.910487087472,50.0,0.0,8.0,7.0,10.0,5.5,1.0,44.0,10.0
1139.310487087472,50.0,0.0,8.0,7.0,10.0,5.5,1.0,44.0,10.0
1139.311344230329,50.0,0.0,8.0,7.0,10.0,5.5,1.0,44.0,10.0
1139.7113442303291,50.0,0.0,8.0,7.0,10.0,5.5,1.0,44.0,10.0
1139.7122013731862,50.0,0.0,8.0,7.0,10.0,5.5,1.0,44.0,10.0
1140.1122013731863,50.0,0.0,8.0,7.0,10.0,5.5,1.0,44.0,10.0
1140.1130585160433,50.0,0.0,8.0,7.0,10.0,5.5,1.0,44.0,10.0
1140.5130585160434,50.0,0.0,8.0,7.0,10.0,5.5,1.0,44.0,10.0
1140.5139156589005,50.0,0.0,8.0,7.0,10.0,5.5,1.0,44.0,10.0
1140.9139156589006,50.0,0.0,8.0,7.0,10.0,5.5,1.0,44.0,10.0
1140.9147728017576,50.0,0.0,8.0,7.0,10.0,5.5,1.0,44.0,10.0
1141.3147728017577,50.0,0.0,8.0,7.0,10.0,5.5,1.0,44.0,10.0
1141.3156299446148,50.0,0.0,8.0,7.0,10.0,5.5,1.0,44.0,10.0
1141.7156299446149,50.0,0.0,8.0,7.0,10.0,5.5,1.0,44.0,10.0
1141.716487087472,50.0,0.0,8.0,7.0,10.0,5.5,1.0,44.0,10.0
1142.116487087472,50.0,0.0,8.0,7.0,10.0,5.5,1.0,44.0,10.0
1142.117344230329,40.0,0.0,8.0,7.0,10.0,5.5,1.0,44.0,10.0
1142.5173442303292,40.0,0.0,8.0,7.0,10.0,5.5,1.0,44.0,10.0
1142.5182013731862,40.0,0.0,8.0,7.0,10.0,5.5,1.0,44.0,10.0
1142.9182013731863,40.0,0.0,8.0,7.0,10.0,5.5,1.0,44.0,10.0
1142.9190585160434,40.0,0.0,8.0,7.0,10.0,5.5,1.0,44.0,10.0
1143.3190585160435,40.0,0.0,8.0,7.0,10.0,5.5,1.0,44.0,10.0
1143.3199156589005,40.0,0.0,8.0,7.0,10.0,5.5,1.0,44.0,10.0
1143.7199156589006,40.0,0.0,8.0,7.0,10.0,5.5,1.0,44.0,10.0
1143.7207728017577,40.0,0.0,8.0,7.0,10.0,5.5,1.0,44.0,10.0
1144.1207728017578,40.0,0.0,8.0,7.0,10.0,5.5,1.0,44.0,10.0
1144.1216299446148,40.0,0.0,8.0,7.0,10.0,5.5,1.0,44.0,10.0
1144.521629944615,40.0,0.0,8.0,7.0,10.0,5.5,1.0,44.0,10.0
1144.522487087472,50.0,0.0,8.0,7.0,10.0,5.5,1.0,44.0,10.0
1144.922487087472,50.0,0.0,8.0,7.0,10.0,5.5,1.0,44.0,10.0
1144.9233442303291,50.0,0.0,8.0,7.0,10.0,5.5,1.0,44.0,10.0
1145.3233442303292,50.0,0.0,8.0,7.0,10.0,5.5,1.0,44.0,10.0
1145.3242013731863,50.0,0.0,8.0,7.0,10.0,10.5,1.0,44.0,10.0
1145.7242013731864,50.0,0.0,8.0,7.0,10.0,10.5,1.0,44.0,10.0
1145.7247455908735,50.0,0.0,8.0,7.0,10.0,10.5,1.0,44.0,10.0
1146.1247455908735,50.0,0.0,8.0,7.0,10.0,10.5,1.0,44.0,10.0
1146.1252898085606,50.0,0.0,8.0,7.0,10.0,10.5,1.0,44.0,10.0
1146.5252898085607,50.0,0.0,8.0,7.0,10.0,10.5,1.0,44.0,10.0
1146.5258340262478,50.0,0.0,8.0,7.0,10.0,6.5,1.0,46.0,10.0
1146.925834026248,50.0,0.0,8.0,7.0,10.0,6.5,1.0,46.0,10.0
1146.926691169105,50.0,0.0,8.0,7.0,10.0,6.5,1.0,46.0,10.0
1147.326691169105,50.0,0.0,8.0,7.0,10.0,6.5,1.0,46.0,10.0
1147.3275483119621,50.0,0.0,8.0,7.0,10.0,6.5,1.0,46.0,10.0
1147.7275483119622,50.0,0.0,8.0,7.0,10.0,6.5,1.0,46.0,10.0
1147.7284054548193,50.0,0.0,8.0,7.0,10.0,6.5,1.0,46.0,10.0
1148.1284054548194,50.0,0.0,8.0,7.0,10.0,6.5,1.0,46.0,10.0
1148.1292625976764,50.0,0.0,8.0,7.0,10.0,6.5,1.0,46.0,10.0
1148.5292625976765,50.0,0.0,8.0,7.0,10.0,6.5,1.0,46.0,10.0
1148.5301197405336,50.0,0.0,8.0,7.0,10.0,6.5,1.0,46.0,10.0
1148.9301197405337,50.0,0.0,8.0,7.0,10.0,6.5,1.0,46.0,10.0
1148.9309768833907,50.0,0.0,8.0,7.0,10.0,6.5,1.0,46.0,10.0
1149.3309768833908,50.0,0.0,8.0,7.0,10.0,6.5,1.0,46.0,10.0
1149.3318340262479,50.0,0.0,8.0,7.0,10.0,6.5,1.0,46.0,10.0
1149.731834026248,50.0,0.0,8.0,7.0,10.0,6.5,1.0,46.0,10.0
1149.732691169105,50.0,0.0,8.0,7.0,10.0,6.5,1.0,46.0,10.0
1150.132691169105,50.0,0.0,8.0,7.0,10.0,6.5,1.0,46.0,10.0
1150.1335483119622,50.0,0.0,8.0,7.0,10.0,6.5,1.0,46.0,10.0
1150.5335483119622,50.0,0.0,8.0,7.0,10.0,6.5,1.0,46.0,10.0
1150.5344054548193,50.0,0.0,8.0,7.0,10.0,6.5,1.0,46.0,10.0
1150.9344054548194,50.0,0.0,8.0,7.0,10.0,6.5,1.0,46.0,10.0
1150.9352625976765,50.0,0.0,8.0,7.0,10.0,6.5,1.0,46.0,10.0
1151.3352625976765,50.0,0.0,8.0,7.0,10.0,6.5,1.0,46.0,10.0
1151.3361197405336,50.0,0.0,8.0,7.0,10.0,6.5,1.0,46.0,10.0
1151.7361197405337,50.0,0.0,8.0,7.0,10.0,6.5,1.0,46.0,10.0
1151.7369768833908,50.0,0.0,8.0,7.0,10.0,6.5,1.0,46.0,10.0
1152.1369768833908,50.0,0.0,8.0,7.0,10.0,6.5,1.0,46.0,10.0
1152.137834026248,50.0,0.0,8.0,7.0,10.0,6.5,1.0,46.0,10.0
1152.537834026248,50.0,0.0,8.0,7.0,10.0,6.5,1.0,46.0,10.0
1152.538691169105,50.0,0.0,8.0,7.0,10.0,6.5,1.0,46.0,10.0
1152.9386911691051,50.0,0.0,8.0,7.0,10.0,6.5,1.0,46.0,10.0
1152.9395483119622,50.0,0.0,8.0,7.0,10.0,6.5,1.0,46.0,10.0
1153.3395483119623,50.0,0.0,8.0,7.0,10.0,6.5,1.0,46.0,10.0
1153.3404054548193,50.0,0.0,8.0,7.0,10.0,6.5,1.0,46.0,10.0
1153.7404054548194,50.0,0.0,8.0,7.0,10.0,6.5,1.0,46.0,10.0
1153.7412625976765,50.0,0.0,8.0,7.0,10.0,6.5,1.0,46.0,10.0
1154.1412625976766,50.0,0.0,8.0,7.0,10.0,6.5,1.0,46.0,10.0
1154.1421197405336,50.0,0.0,8.0,7.0,10.0,6.5,1.0,46.0,10.0
1154.5421197405337,50.0,0.0,8.0,7.0,10.0,6.5,1.0,46.0,10.0
1154.5429768833908,60.0,0.0,8.0,7.0,10.0,6.5,1.0,46.0,10.0
1154.9429768833909,60.0,0.0,8.0,7.0,10.0,6.5,1.0,46.0,10.0
1154.943834026248,60.0,0.0,8.0,7.0,10.0,6.5,1.0,46.0,10.0
1155.343834026248,60.0,0.0,8.0,7.0,10.0,6.5,1.0,46.0,10.0
1155.344691169105,60.0,0.0,8.0,7.0,10.0,6.5,1.0,46.0,10.0
1155.7446911691052,60.0,0.0,8.0,7.0,10.0,6.5,1.0,46.0,10.0
1155.7455483119622,60.0,0.0,8.0,7.0,10.0,6.5,1.0,46.0,10.0
1156.1455483119623,60.0,0.0,8.0,7.0,10.0,6.5,1.0,46.0,10.0
1156.1464054548194,60.0,0.0,8.0,7.0,10.0,6.5,1.0,46.0,10.0
1156.5464054548195,60.0,0.0,8.0,7.0,10.0,6.5,1.0,46.0,10.0
1156.5472625976765,60.0,0.0,8.0,7.0,10.0,6.5,1.0,46.0,10.0
1156.9472625976766,60.0,0.0,8.0,7.0,10.0,6.5,1.0,46.0,10.0
1156.9481197405337,60.0,0.0,8.0,7.0,10.0,6.5,1.0,46.0,10.0
1157.3481197405338,60.0,0.0,8.0,7.0,10.0,6.5,1.0,46.0,10.0
1157.3489768833908,60.0,0.0,8.0,7.0,10.0,6.5,1.0,46.0,10.0
1157.748976883391,60.0,0.0,8.0,7.0,10.0,6.5,1.0,46.0,10.0
1157.749834026248,60.0,0.0,8.0,7.0,10.0,6.5,1.0,46.0,10.0
1158.149834026248,60.0,0.0,8.0,7.0,10.0,6.5,1.0,46.0,10.0
1158.1506911691051,60.0,0.0,8.0,7.0,10.0,6.5,1.0,46.0,10.0
1158.5506911691052,60.0,0.0,8.0,7.0,10.0,6.5,1.0,46.0,10.0
1158.5515483119623,60.0,0.0,8.0,7.0,10.0,6.5,1.0,46.0,10.0
1158.9515483119624,60.0,0.0,8.0,7.0,10.0,6.5,1.0,46.0,10.0
1158.9524054548194,60.0,0.0,8.0,7.0,10.0,6.5,1.0,46.0,10.0
1159.3524054548195,60.0,0.0,8.0,7.0,10.0,6.5,1.0,46.0,10.0
1159.3532625976766,60.0,0.0,8.0,7.0,10.0,6.5,1.0,46.0,10.0
1159.7532625976767,60.0,0.0,8.0,7.0,10.0,6.5,1.0,46.0,10.0
1159.7541197405337,60.0,0.0,8.0,7.0,10.0,6.5,1.0,46.0,10.0
1160.1541197405338,60.0,0.0,8.0,7.0,10.0,6.5,1.0,46.0,10.0
1160.1549768833909,60.0,0.0,8.0,7.0,10.0,6.5,1.0,46.0,10.0
1160.554976883391,60.0,0.0,8.0,7.0,10.0,6.5,1.0,46.0,10.0
1160.555834026248,60.0,0.0,8.0,7.0,10.0,6.5,1.0,46.0,10.0
1160.955834026248,60.0,0.0,8.0,7.0,10.0,6.5,1.0,46.0,10.0
1160.9566911691052,60.0,0.0,8.0,7.0,10.0,6.5,1.0,46.0,10.0
1161.3566911691053,60.0,0.0,8.0,7.0,10.0,6.5,1.0,46.0,10.0
1161.3575483119623,60.0,0.0,8.0,7.0,10.0,4.5,1.0,47.0,10.0
1161.7575483119624,60.0,0.0,8.0,7.0,10.0,4.5,1.0,47.0,10.0
1161.7584054548195,60.0,0.0,8.0,7.0,10.0,4.5,1.0,47.0,10.0
1162.1584054548196,60.0,0.0,8.0,7.0,10.0,4.5,1.0,47.0,10.0
1162.1592625976766,60.0,0.0,8.0,7.0,10.0,4.5,1.0,47.0,10.0
1162.5592625976767,60.0,0.0,8.0,7.0,10.0,4.5,1.0,47.0,10.0
1162.5601197405338,60.0,0.0,8.0,7.0,10.0,4.5,1.0,47.0,10.0
1162.9601197405339,60.0,0.0,8.0,7.0,10.0,4.5,1.0,47.0,10.0
1162.960976883391,60.0,0.0,8.0,7.0,10.0,4.5,1.0,47.0,10.0
1163.360976883391,60.0,0.0,8.0,7.0,10.0,4.5,1.0,47.0,10.0
1163.361834026248,60.0,0.0,8.0,7.0,10.0,4.5,1.0,47.0,10.0
1163.7618340262482,60.0,0.0,8.0,7.0,10.0,4.5,1.0,47.0,10.0
1163.7626911691052,60.0,0.0,8.0,7.0,10.0,4.5,1.0,47.0,10.0
1164.1626911691053,60.0,0.0,8.0,7.0,10.0,4.5,1.0,47.0,10.0
1164.1635483119624,60.0,0.0,8.0,7.0,10.0,4.5,1.0,47.0,10.0
1164.5635483119624,60.0,0.0,8.0,7.0,10.0,4.5,1.0,47.0,10.0
1164.5644054548195,60.0,0.0,8.0,7.0,10.0,4.5,1.0,47.0,10.0
1164.9644054548196,60.0,0.0,8.0,7.0,10.0,4.5,1.0,47.0,10.0
1164.9652625976767,70.0,0.0,8.0,7.0,10.0,4.5,1.0,47.0,10.0
1165.3652625976767,70.0,0.0,8.0,7.0,10.0,4.5,1.0,47.0,10.0
1165.3661197405338,70.0,0.0,8.0,7.0,10.0,4.5,1.0,47.0,10.0
1165.766119740534,70.0,0.0,8.0,7.0,10.0,4.5,1.0,47.0,10.0
1165.766976883391,70.0,0.0,8.0,7.0,10.0,4.5,1.0,47.0,10.0
1166.166976883391,70.0,0.0,8.0,7.0,10.0,4.5,1.0,47.0,10.0
1166.167834026248,70.0,0.0,8.0,7.0,10.0,4.5,1.0,47.0,10.0
1166.5678340262482,70.0,0.0,8.0,7.0,10.0,4.5,1.0,47.0,10.0
1166.5686911691053,70.0,0.0,8.0,7.0,10.0,4.5,1.0,47.0,10.0
1166.9686911691053,70.0,0.0,8.0,7.0,10.0,4.5,1.0,47.0,10.0
1166.9695483119624,70.0,0.0,8.0,7.0,10.0,4.5,1.0,47.0,10.0
1167.3695483119625,70.0,0.0,8.0,7.0,10.0,4.5,1.0,47.0,10.0
1167.3704054548195,70.0,0.0,8.0,7.0,10.0,4.5,1.0,47.0,10.0
1167.7704054548196,70.0,0.0,8.0,7.0,10.0,4.5,1.0,47.0,10.0
1167.7712625976767,70.0,0.0,8.0,7.0,10.0,4.5,1.0,47.0,10.0
1168.1712625976768,70.0,0.0,8.0,7.0,10.0,4.5,1.0,47.0,10.0
1168.1721197405338,70.0,0.0,8.0,7.0,10.0,4.5,1.0,47.0,10.0
1168.572119740534,70.0,0.0,8.0,7.0,10.0,4.5,1.0,47.0,10.0
1168.572976883391,70.0,0.0,8.0,7.0,10.0,4.5,1.0,47.0,10.0
1168.972976883391,70.0,0.0,8.0,7.0,10.0,4.5,1.0,47.0,10.0
1168.9738340262481,70.0,0.0,8.0,7.0,10.0,4.5,1.0,47.0,10.0
1169.3738340262482,70.0,0.0,8.0,7.0,10.0,4.5,1.0,47.0,10.0
1169.3746911691053,70.0,0.0,8.0,7.0,10.0,4.5,1.0,47.0,10.0
1169.7746911691054,70.0,0.0,8.0,7.0,10.0,4.5,1.0,47.0,10.0
1169.7755483119624,60.0,0.0,8.0,7.0,10.0,4.5,1.0,47.0,10.0
1170.1755483119625,60.0,0.0,8.0,7.0,10.0,4.5,1.0,47.0,10.0
1170.1764054548196,60.0,0.0,8.0,7.0,10.0,4.5,1.0,47.0,10.0
1170.5764054548197,60.0,0.0,8.0,7.0,10.0,4.5,1.0,47.0,10.0
1170.5772625976767,60.0,0.0,8.0,7.0,10.0,4.5,1.0,47.0,10.0
1170.9772625976768,60.0,0.0,8.0,7.0,10.0,4.5,1.0,47.0,10.0
1170.9781197405339,60.0,0.0,8.0,7.0,10.0,4.5,1.0,47.0,10.0
1171.378119740534,60.0,0.0,8.0,7.0,10.0,4.5,1.0,47.0,10.0
1171.378976883391,60.0,0.0,8.0,7.0,9.0,4.5,1.0,47.0,10.0
1171.7789768833911,60.0,0.0,8.0,7.0,9.0,4.5,1.0,47.0,10.0
1171.7798340262482,60.0,0.0,8.0,7.0,9.0,4.5,1.0,47.0,10.0
1172.1798340262483,60.0,0.0,8.0,7.0,9.0,4.5,1.0,47.0,10.0
1172.1806911691053,60.0,0.0,8.0,7.0,9.0,4.5,1.0,47.0,10.0
1172.5806911691054,60.0,0.0,8.0,7.0,9.0,4.5,1.0,47.0,10.0
1172.5815483119625,60.0,0.0,8.0,7.0,9.0,4.5,1.0,47.0,10.0
1172.9815483119626,60.0,0.0,8.0,7.0,9.0,4.5,1.0,47.0,10.0
1172.9824054548196,60.0,0.0,8.0,7.0,9.0,4.5,1.0,47.0,10.0
1173.3824054548197,60.0,0.0,8.0,7.0,9.0,4.5,1.0,47.0,10.0
1173.3832625976768,60.0,0.0,8.0,7.0,9.0,4.5,1.0,47.0,10.0
1173.7832625976769,60.0,0.0,8.0,7.0,9.0,4.5,1.0,47.0,10.0
1173.784119740534,60.0,0.0,8.0,7.0,9.0,4.5,1.0,47.0,10.0
1174.184119740534,60.0,0.0,8.0,7.0,9.0,4.5,1.0,47.0,10.0
1174.184976883391,60.0,0.0,8.0,7.0,9.0,4.5,1.0,47.0,10.0
1174.5849768833912,60.0,0.0,8.0,7.0,9.0,4.5,1.0,47.0,10.0
1174.5858340262482,60.0,0.0,8.0,7.0,9.0,4.5,1.0,47.0,10.0
1174.9858340262483,60.0,0.0,8.0,7.0,9.0,4.5,1.0,47.0,10.0
1174.9866911691054,60.0,0.0,8.0,7.0,9.0,4.5,1.0,47.0,10.0
1175.3866911691055,60.0,0.0,8.0,7.0,9.0,4.5,1.0,47.0,10.0
1175.3875483119625,60.0,0.0,8.0,7.0,9.0,4.5,1.0,47.0,10.0
1175.7875483119626,60.0,0.0,8.0,7.0,9.0,4.5,1.0,47.0,10.0
1175.7884054548197,60.0,0.0,8.0,7.0,9.0,4.5,1.0,47.0,10.0
1176.1884054548198,60.0,0.0,8.0,7.0,9.0,4.5,1.0,47.0,10.0
1176.1892625976768,60.0,0.0,8.0,7.0,9.0,4.5,1.0,47.0,10.0
1176.589262597677,60.0,0.0,8.0,7.0,9.0,4.5,1.0,47.0,10.0
1176.590119740534,60.0,0.0,8.0,7.0,9.0,4.5,1.0,47.0,10.0
1176.990119740534,60.0,0.0,8.0,7.0,9.0,4.5,1.0,47.0,10.0
1176.990976883391,60.0,0.0,8.0,7.0,9.0,4.5,1.0,47.0,10.0
1177.3909768833912,60.0,0.0,8.0,7.0,9.0,4.5,1.0,47.0,10.0
1177.3918340262483,60.0,0.0,8.0,7.0,9.0,4.5,1.0,47.0,10.0
1177.7918340262484,60.0,0.0,8.0,7.0,9.0,4.5,1.0,47.0,10.0
1177.7926911691054,60.0,0.0,8.0,7.0,9.0,4.5,1.0,47.0,10.0
1178.1926911691055,60.0,0.0,8.0,7.0,9.0,4.5,1.0,47.0,10.0
1178.1935483119626,60.0,0.0,8.0,7.0,9.0,4.5,1.0,47.0,10.0
1178.5935483119626,60.0,0.0,8.0,7.0,9.0,4.5,1.0,47.0,10.0
1178.5944054548197,60.0,0.0,8.0,7.0,9.0,4.5,1.0,47.0,10.0
1178.9944054548198,60.0,0.0,8.0,7.0,9.0,4.5,1.0,47.0,10.0
1178.9952625976769,60.0,0.0,8.0,7.0,9.0,4.5,1.0,47.0,10.0
1179.395262597677,60.0,0.0,8.0,7.0,9.0,4.5,1.0,47.0,10.0
1179.396119740534,60.0,0.0,8.0,7.0,9.0,4.5,1.0,47.0,10.0
1179.796119740534,60.0,0.0,8.0,7.0,9.0,4.5,1.0,47.0,10.0
1179.7969768833912,60.0,0.0,8.0,7.0,9.0,4.5,1.0,47.0,10.0
1180.1969768833912,60.0,0.0,8.0,7.0,9.0,4.5,1.0,47.0,10.0
1180.1978340262483,60.0,0.0,8.0,7.0,9.0,9.5,1.0,47.0,10.0
1180.5978340262484,60.0,0.0,8.0,7.0,9.0,9.5,1.0,47.0,10.0
1180.598498846193,60.0,0.0,8.0,7.0,9.0,9.5,1.0,47.0,10.0
1180.9984988461931,60.0,0.0,8.0,7.0,9.0,9.5,1.0,47.0,10.0
1180.9991636661377,60.0,0.0,8.0,7.0,9.0,9.5,1.0,47.0,10.0
1181.3991636661378,60.0,0.0,8.0,7.0,9.0,9.5,1.0,47.0,10.0
1181.3998284860825,60.0,0.0,8.0,7.0,9.0,9.5,1.0,47.0,10.0
1181.7998284860826,60.0,0.0,8.0,7.0,9.0,9.5,1.0,47.0,10.0
1181.8004933060272,60.0,0.0,8.0,7.0,9.0,7.5,1.0,48.0,10.0
1182.2004933060273,60.0,0.0,8.0,7.0,9.0,7.5,1.0,48.0,10.0
1182.2013504488843,60.0,0.0,8.0,7.0,9.0,7.5,1.0,48.0,10.0
1182.6013504488844,60.0,0.0,8.0,7.0,9.0,7.5,1.0,48.0,10.0
1182.6022075917415,60.0,0.0,8.0,7.0,9.0,7.5,1.0,48.0,10.0
1183.0022075917416,60.0,0.0,8.0,7.0,9.0,7.5,1.0,48.0,10.0
1183.0030647345986,60.0,0.0,8.0,7.0,9.0,7.5,1.0,48.0,10.0
1183.4030647345987,60.0,0.0,8.0,7.0,9.0,7.5,1.0,48.0,10.0
1183.4039218774558,60.0,0.0,8.0,7.0,9.0,7.5,1.0,48.0,10.0
1183.8039218774559,60.0,0.0,8.0,7.0,9.0,7.5,1.0,48.0,10.0
1183.804779020313,60.0,0.0,8.0,7.0,9.0,7.5,1.0,48.0,10.0
1184.204779020313,60.0,0.0,8.0,7.0,9.0,7.5,1.0,48.0,10.0
1184.20563616317,60.0,0.0,8.0,7.0,9.0,7.5,1.0,48.0,10.0
1184.6056361631702,60.0,0.0,8.0,7.0,9.0,7.5,1.0,48.0,10.0
1184.6064933060272,60.0,0.0,8.0,7.0,9.0,7.5,1.0,48.0,10.0
1185.0064933060273,60.0,0.0,8.0,7.0,9.0,7.5,1.0,48.0,10.0
1185.0073504488844,60.0,0.0,8.0,7.0,9.0,7.5,1.0,48.0,10.0
1185.4073504488845,60.0,0.0,8.0,7.0,9.0,7.5,1.0,48.0,10.0
1185.4082075917415,60.0,0.0,8.0,7.0,9.0,7.5,1.0,48.0,10.0
1185.8082075917416,60.0,0.0,8.0,7.0,9.0,7.5,1.0,48.0,10.0
1185.8090647345987,60.0,0.0,8.0,7.0,9.0,7.5,1.0,48.0,10.0
1186.2090647345988,60.0,0.0,8.0,7.0,9.0,7.5,1.0,48.0,10.0
1186.2099218774558,60.0,0.0,8.0,7.0,9.0,7.5,1.0,48.0,10.0
1186.609921877456,60.0,0.0,8.0,7.0,9.0,7.5,1.0,48.0,10.0
1186.610779020313,60.0,0.0,8.0,7.0,9.0,7.5,1.0,48.0,10.0
1187.010779020313,60.0,0.0,8.0,7.0,9.0,7.5,1.0,48.0,10.0
1187.0116361631701,60.0,0.0,8.0,7.0,9.0,7.5,1.0,48.0,10.0
1187.4116361631702,60.0,0.0,8.0,7.0,9.0,7.5,1.0,48.0,10.0
1187.4124933060273,60.0,0.0,8.0,7.0,9.0,7.5,1.0,48.0,10.0
1187.8124933060274,60.0,0.0,8.0,7.0,9.0,7.5,1.0,48.0,10.0
1187.8133504488844,60.0,0.0,8.0,7.0,9.0,7.5,1.0,48.0,10.0
1188.2133504488845,60.0,0.0,8.0,7.0,9.0,7.5,1.0,48.0,10.0
1188.2142075917416,60.0,0.0,8.0,7.0,9.0,7.5,1.0,48.0,10.0
1188.6142075917417,60.0,0.0,8.0,7.0,9.0,7.5,1.0,48.0,10.0
1188.6150647345987,60.0,0.0,8.0,7.0,9.0,7.5,1.0,48.0,10.0
1189.0150647345988,60.0,0.0,8.0,7.0,9.0,7.5,1.0,48.0,10.0
1189.0159218774559,60.0,0.0,8.0,7.0,9.0,7.5,1.0,48.0,10.0
1189.415921877456,60.0,0.0,8.0,7.0,9.0,7.5,1.0,48.0,10.0
1189.416779020313,60.0,0.0,8.0,7.0,9.0,7.5,1.0,48.0,10.0
1189.816779020313,60.0,0.0,8.0,7.0,9.0,7.5,1.0,48.0,10.0
1189.8176361631702,70.0,0.0,8.0,7.0,9.0,7.5,1.0,48.0,10.0
1190.2176361631703,70.0,0.0,8.0,7.0,9.0,7.5,1.0,48.0,10.0
1190.2184933060273,70.0,0.0,8.0,7.0,9.0,7.5,1.0,48.0,10.0
1190.6184933060274,70.0,0.0,8.0,7.0,9.0,7.5,1.0,48.0,10.0
1190.6193504488845,70.0,0.0,8.0,7.0,9.0,7.5,1.0,48.0,10.0
1191.0193504488846,70.0,0.0,8.0,7.0,9.0,7.5,1.0,48.0,10.0
1191.0202075917416,70.0,0.0,8.0,7.0,9.0,7.5,1.0,48.0,10.0
1191.4202075917417,70.0,0.0,8.0,7.0,9.0,7.5,1.0,48.0,10.0
1191.4210647345988,70.0,0.0,8.0,7.0,9.0,7.5,1.0,48.0,10.0
1191.8210647345988,70.0,0.0,8.0,7.0,9.0,7.5,1.0,48.0,10.0
1191.821921877456,70.0,0.0,8.0,7.0,9.0,7.5,1.0,48.0,10.0
1192.221921877456,70.0,0.0,8.0,7.0,9.0,7.5,1.0,48.0,10.0
1192.222779020313,60.0,0.0,8.0,7.0,9.0,7.5,1.0,48.0,10.0
1192.6227790203131,60.0,0.0,8.0,7.0,9.0,7.5,1.0,48.0,10.0
1192.6236361631702,60.0,0.0,8.0,7.0,9.0,7.5,1.0,48.0,10.0
1193.0236361631703,60.0,0.0,8.0,7.0,9.0,7.5,1.0,48.0,10.0
1193.0244933060274,60.0,0.0,8.0,7.0,9.0,7.5,1.0,48.0,10.0
1193.4244933060274,60.0,0.0,8.0,7.0,9.0,7.5,1.0,48.0,10.0
1193.4253504488845,60.0,0.0,8.0,7.0,9.0,7.5,1.0,48.0,10.0
1193.8253504488846,60.0,0.0,8.0,7.0,9.0,7.5,1.0,48.0,10.0
1193.8262075917416,60.0,0.0,8.0,7.0,9.0,7.5,1.0,48.0,10.0
1194.2262075917417,60.0,0.0,8.0,7.0,9.0,7.5,1.0,48.0,10.0
1194.2270647345988,60.0,0.0,8.0,7.0,9.0,7.5,1.0,48.0,10.0
1194.627064734599,60.0,0.0,8.0,7.0,9.0,7.5,1.0,48.0,10.0
1194.627921877456,60.0,0.0,8.0,6.0,9.0,7.5,1.0,48.0,10.0
1195.027921877456,60.0,0.0,8.0,6.0,9.0,7.5,1.0,48.0,10.0
1195.028921877456,60.0,0.0,8.0,6.0,9.0,7.5,1.0,48.0,10.0
1195.428921877456,60.0,0.0,8.0,6.0,9.0,7.5,1.0,48.0,10.0
1195.429921877456,60.0,0.0,8.0,6.0,9.0,7.5,1.0,48.0,10.0
1195.8299218774562,60.0,0.0,8.0,6.0,9.0,7.5,1.0,48.0,10.0
1195.8309218774561,60.0,0.0,8.0,6.0,9.0,5.5,1.0,49.0,10.0
1196.2309218774562,60.0,0.0,8.0,6.0,9.0,5.5,1.0,49.0,10.0
1196.2319218774562,60.0,0.0,8.0,6.0,9.0,5.5,1.0,49.0,10.0
1196.6319218774563,60.0,0.0,8.0,6.0,9.0,5.5,1.0,49.0,10.0
1196.6329218774563,60.0,0.0,8.0,6.0,9.0,5.5,1.0,49.0,10.0
1197.0329218774564,60.0,0.0,8.0,6.0,9.0,5.5,1.0,49.0,10.0
1197.0339218774564,60.0,0.0,8.0,6.0,9.0,5.5,1.0,49.0,10.0
1197.4339218774564,60.0,0.0,8.0,6.0,9.0,5.5,1.0,49.0,10.0
1197.4349218774564,60.0,0.0,8.0,6.0,9.0,5.5,1.0,49.0,10.0
1197.8349218774565,60.0,0.0,8.0,6.0,9.0,5.5,1.0,49.0,10.0
1197.8359218774565,60.0,0.0,8.0,6.0,9.0,5.5,1.0,49.0,10.0
1198.2359218774566,60.0,0.0,8.0,6.0,9.0,5.5,1.0,49.0,10.0
1198.2369218774566,60.0,0.0,8.0,6.0,9.0,5.5,1.0,49.0,10.0
1198.6369218774566,60.0,0.0,8.0,6.0,9.0,5.5,1.0,49.0,10.0
1198.6379218774566,60.0,0.0,8.0,6.0,9.0,5.5,1.0,49.0,10.0
1199.0379218774567,60.0,0.0,8.0,6.0,9.0,5.5,1.0,49.0,10.0
1199.0389218774567,60.0,0.0,8.0,6.0,9.0,5.5,1.0,49.0,10.0
1199.4389218774568,60.0,0.0,8.0,6.0,9.0,5.5,1.0,49.0,10.0
1199.4399218774568,60.0,0.0,8.0,6.0,9.0,5.5,1.0,49.0,10.0
1199.8399218774568,60.0,0.0,8.0,6.0,9.0,5.5,1.0,49.0,10.0
1199.8409218774568,60.0,0.0,8.0,6.0,9.0,5.5,1.0,49.0,10.0
1200.240921877457,60.0,0.0,8.0,6.0,9.0,5.5,1.0,49.0,10.0
1200.241921877457,60.0,0.0,8.0,6.0,9.0,5.5,1.0,49.0,10.0
1200.641921877457,60.0,0.0,8.0,6.0,9.0,5.5,1.0,49.0,10.0
1200.642921877457,60.0,0.0,8.0,6.0,9.0,5.5,1.0,49.0,10.0
1201.042921877457,60.0,0.0,8.0,6.0,9.0,5.5,1.0,49.0,10.0
1201.043921877457,60.0,0.0,8.0,6.0,9.0,5.5,1.0,49.0,10.0
1201.4439218774571,60.0,0.0,8.0,6.0,9.0,5.5,1.0,49.0,10.0
1201.444921877457,60.0,0.0,8.0,6.0,9.0,5.5,1.0,49.0,10.0
1201.8449218774572,60.0,0.0,8.0,6.0,9.0,5.5,1.0,49.0,10.0
1201.8459218774572,60.0,0.0,8.0,6.0,9.0,5.5,1.0,49.0,10.0
1202.2459218774572,60.0,0.0,8.0,6.0,9.0,5.5,1.0,49.0,10.0
1202.2469218774572,60.0,0.0,8.0,6.0,9.0,5.5,1.0,49.0,10.0
1202.6469218774573,60.0,0.0,8.0,6.0,9.0,5.5,1.0,49.0,10.0
1202.6479218774573,60.0,0.0,8.0,6.0,9.0,5.5,1.0,49.0,10.0
1203.0479218774574,60.0,0.0,8.0,6.0,9.0,5.5,1.0,49.0,10.0
1203.0489218774574,60.0,0.0,8.0,6.0,9.0,5.5,1.0,49.0,10.0
1203.4489218774575,60.0,0.0,8.0,6.0,9.0,5.5,1.0,49.0,10.0
1203.4499218774574,60.0,0.0,8.0,6.0,9.0,5.5,1.0,49.0,10.0
1203.8499218774575,60.0,0.0,8.0,6.0,9.0,5.5,1.0,49.0,10.0
1203.8509218774575,60.0,0.0,8.0,6.0,9.0,5.5,1.0,49.0,10.0
1204.2509218774576,60.0,0.0,8.0,6.0,9.0,5.5,1.0,49.0,10.0
1204.2519218774576,60.0,0.0,8.0,6.0,9.0,5.5,1.0,49.0,10.0
1204.6519218774577,60.0,0.0,8.0,6.0,9.0,5.5,1.0,49.0,10.0
1204.6529218774576,60.0,0.0,8.0,6.0,9.0,5.5,1.0,49.0,10.0
1205.0529218774577,60.0,0.0,8.0,6.0,9.0,5.5,1.0,49.0,10.0
1205.0539218774577,60.0,0.0,8.0,6.0,9.0,5.5,1.0,49.0,10.0
1205.4539218774578,60.0,0.0,8.0,6.0,9.0,5.5,1.0,49.0,10.0
1205.4549218774578,60.0,0.0,8.0,6.0,9.0,5.5,1.0,49.0,10.0
1205.8549218774579,60.0,0.0,8.0,6.0,9.0,5.5,1.0,49.0,10.0
1205.8559218774578,60.0,0.0,8.0,6.0,9.0,5.5,1.0,49.0,10.0
1206.255921877458,60.0,0.0,8.0,6.0,9.0,5.5,1.0,49.0,10.0
1206.256921877458,60.0,0.0,8.0,6.0,9.0,5.5,1.0,49.0,10.0
1206.656921877458,60.0,0.0,8.0,6.0,9.0,5.5,1.0,49.0,10.0
1206.657921877458,60.0,0.0,8.0,6.0,9.0,5.5,1.0,49.0,10.0
1207.057921877458,60.0,0.0,8.0,6.0,9.0,5.5,1.0,49.0,10.0
1207.058921877458,60.0,0.0,8.0,6.0,9.0,5.5,1.0,49.0,10.0
1207.4589218774581,60.0,0.0,8.0,6.0,9.0,5.5,1.0,49.0,10.0
1207.459921877458,60.0,0.0,8.0,6.0,9.0,5.5,1.0,49.0,10.0
1207.8599218774582,60.0,0.0,8.0,6.0,9.0,5.5,1.0,49.0,10.0
1207.8609218774582,60.0,0.0,8.0,6.0,9.0,5.5,1.0,49.0,10.0
1208.2609218774583,60.0,0.0,8.0,6.0,9.0,5.5,1.0,49.0,10.0
1208.2619218774582,60.0,0.0,8.0,6.0,9.0,5.5,1.0,49.0,10.0
1208.6619218774583,60.0,0.0,8.0,6.0,9.0,5.5,1.0,49.0,10.0
1208.6629218774583,60.0,0.0,8.0,6.0,9.0,5.5,1.0,49.0,10.0
1209.0629218774584,60.0,0.0,8.0,6.0,9.0,5.5,1.0,49.0,10.0
1209.0639218774584,60.0,0.0,8.0,6.0,9.0,5.5,1.0,49.0,10.0
1209.4639218774585,60.0,0.0,8.0,6.0,9.0,5.5,1.0,49.0,10.0
1209.4649218774584,60.0,0.0,8.0,6.0,9.0,5.5,1.0,49.0,10.0
1209.8649218774585,60.0,0.0,8.0,6.0,9.0,5.5,1.0,49.0,10.0
1209.8659218774585,60.0,0.0,8.0,6.0,9.0,5.5,1.0,49.0,10.0
1210.2659218774586,60.0,0.0,8.0,6.0,9.0,5.5,1.0,49.0,10.0
1210.2669218774586,60.0,0.0,8.0,6.0,9.0,5.5,1.0,49.0,10.0
1210.6669218774587,60.0,0.0,8.0,6.0,9.0,5.5,1.0,49.0,10.0
1210.6679218774586,60.0,0.0,8.0,6.0,9.0,5.5,1.0,49.0,10.0
1211.0679218774587,60.0,0.0,8.0,6.0,9.0,5.5,1.0,49.0,10.0
1211.0689218774587,60.0,0.0,8.0,6.0,9.0,5.5,1.0,49.0,10.0
1211.4689218774588,60.0,0.0,8.0,6.0,9.0,5.5,1.0,49.0,10.0
1211.4699218774588,50.0,0.0,8.0,6.0,9.0,5.5,1.0,49.0,10.0
1211.8699218774589,50.0,0.0,8.0,6.0,9.0,5.5,1.0,49.0,10.0
1211.8709218774588,50.0,0.0,8.0,6.0,9.0,5.5,1.0,49.0,10.0
1212.270921877459,50.0,0.0,8.0,6.0,9.0,5.5,1.0,49.0,10.0
1212.271921877459,50.0,0.0,8.0,6.0,9.0,5.5,1.0,49.0,10.0
1212.671921877459,50.0,0.0,8.0,6.0,9.0,5.5,1.0,49.0,10.0
1212.672921877459,50.0,0.0,8.0,6.0,9.0,5.5,1.0,49.0,10.0
1213.072921877459,50.0,0.0,8.0,6.0,9.0,5.5,1.0,49.0,10.0
1213.073921877459,50.0,0.0,8.0,6.0,9.0,5.5,1.0,49.0,10.0
1213.4739218774591,50.0,0.0,8.0,6.0,9.0,5.5,1.0,49.0,10.0
1213.474921877459,50.0,0.0,8.0,6.0,9.0,5.5,1.0,49.0,10.0
1213.8749218774592,50.0,0.0,8.0,6.0,9.0,5.5,1.0,49.0,10.0
1213.8759218774592,50.0,0.0,8.0,6.0,9.0,5.5,1.0,49.0,10.0
1214.2759218774593,50.0,0.0,8.0,6.0,9.0,5.5,1.0,49.0,10.0
1214.2769218774592,50.0,0.0,8.0,6.0,9.0,5.5,1.0,49.0,10.0
1214.6769218774593,50.0,0.0,8.0,6.0,9.0,5.5,1.0,49.0,10.0
1214.6779218774593,50.0,0.0,8.0,6.0,9.0,5.5,1.0,49.0,10.0
1215.0779218774594,50.0,0.0,8.0,6.0,9.0,5.5,1.0,49.0,10.0
1215.0789218774594,50.0,0.0,8.0,6.0,9.0,5.5,1.0,49.0,10.0
1215.4789218774595,50.0,0.0,8.0,6.0,9.0,5.5,1.0,49.0,10.0
1215.4799218774594,50.0,0.0,8.0,6.0,9.0,5.5,1.0,49.0,10.0
1215.8799218774595,50.0,0.0,8.0,6.0,9.0,5.5,1.0,49.0,10.0
1215.8809218774595,50.0,0.0,8.0,6.0,9.0,5.5,1.0,49.0,10.0
1216.2809218774596,50.0,0.0,8.0,6.0,9.0,5.5,1.0,49.0,10.0
1216.2819218774596,50.0,0.0,8.0,6.0,9.0,5.5,1.0,49.0,10.0
1216.6819218774597,50.0,0.0,8.0,6.0,9.0,5.5,1.0,49.0,10.0
1216.6829218774596,50.0,0.0,8.0,6.0,9.0,5.5,1.0,49.0,10.0
1217.0829218774597,50.0,0.0,8.0,6.0,9.0,5.5,1.0,49.0,10.0
1217.0839218774597,50.0,0.0,8.0,6.0,9.0,5.5,1.0,49.0,10.0
1217.4839218774598,50.0,0.0,8.0,6.0,9.0,5.5,1.0,49.0,10.0
1217.4849218774598,50.0,0.0,8.0,6.0,9.0,5.5,1.0,49.0,10.0
1217.8849218774599,50.0,0.0,8.0,6.0,9.0,5.5,1.0,49.0,10.0
1217.8859218774599,50.0,0.0,8.0,6.0,9.0,5.5,1.0,49.0,10.0
1218.28592187746,50.0,0.0,8.0,6.0,9.0,5.5,1.0,49.0,10.0
1218.28692187746,50.0,0.0,8.0,6.0,9.0,5.5,1.0,49.0,10.0
1218.68692187746,50.0,0.0,8.0,6.0,9.0,5.5,1.0,49.0,10.0
1218.68792187746,50.0,0.0,8.0,6.0,9.0,5.5,1.0,49.0,10.0
1219.08792187746,50.0,0.0,8.0,6.0,9.0,5.5,1.0,49.0,10.0
1219.08892187746,40.0,0.0,8.0,6.0,9.0,5.5,1.0,49.0,10.0
1219.4889218774601,40.0,0.0,8.0,6.0,9.0,5.5,1.0,49.0,10.0
1219.4899218774601,40.0,0.0,8.0,6.0,9.0,5.5,1.0,49.0,10.0
1219.8899218774602,40.0,0.0,8.0,6.0,9.0,5.5,1.0,49.0,10.0
1219.8909218774602,40.0,0.0,8.0,6.0,9.0,5.5,1.0,49.0,10.0
1220.2909218774603,40.0,0.0,8.0,6.0,9.0,5.5,1.0,49.0,10.0
1220.2919218774603,40.0,0.0,8.0,6.0,9.0,5.5,1.0,49.0,10.0
1220.6919218774603,40.0,0.0,8.0,6.0,9.0,5.5,1.0,49.0,10.0
1220.6929218774603,40.0,0.0,8.0,6.0,9.0,5.5,1.0,49.0,10.0
1221.0929218774604,40.0,0.0,8.0,6.0,9.0,5.5,1.0,49.0,10.0
1221.0939218774604,40.0,0.0,8.0,6.0,9.0,5.5,1.0,49.0,10.0
1221.4939218774605,40.0,0.0,8.0,6.0,9.0,5.5,1.0,49.0,10.0
1221.4949218774605,40.0,0.0,8.0,6.0,9.0,5.5,1.0,49.0,10.0
1221.8949218774605,40.0,0.0,8.0,6.0,9.0,5.5,1.0,49.0,10.0
1221.8959218774605,40.0,0.0,8.0,6.0,9.0,5.5,1.0,49.0,10.0
1222.2959218774606,40.0,0.0,8.0,6.0,9.0,5.5,1.0,49.0,10.0
1222.2969218774606,40.0,0.0,8.0,6.0,9.0,5.5,1.0,49.0,10.0
1222.6969218774607,40.0,0.0,8.0,6.0,9.0,5.5,1.0,49.0,10.0
1222.6979218774607,40.0,0.0,8.0,6.0,9.0,5.5,1.0,49.0,10.0
1223.0979218774607,40.0,0.0,8.0,6.0,9.0,5.5,1.0,49.0,10.0
1223.0989218774607,40.0,0.0,8.0,6.0,9.0,5.5,1.0,49.0,10.0
1223.4989218774608,40.0,0.0,8.0,6.0,9.0,5.5,1.0,49.0,10.0
1223.4999218774608,40.0,0.0,8.0,6.0,9.0,5.5,1.0,49.0,10.0
1223.8999218774609,40.0,0.0,8.0,6.0,9.0,5.5,1.0,49.0,10.0
1223.9009218774609,30.0,0.0,8.0,6.0,9.0,5.5,1.0,49.0,10.0
1224.300921877461,30.0,0.0,8.0,6.0,9.0,5.5,1.0,49.0,10.0
1224.301921877461,30.0,0.0,8.0,6.0,9.0,5.5,1.0,49.0,10.0
1224.701921877461,30.0,0.0,8.0,6.0,9.0,5.5,1.0,49.0,10.0
1224.702921877461,30.0,0.0,8.0,6.0,9.0,5.5,1.0,49.0,10.0
1225.102921877461,30.0,0.0,8.0,6.0,9.0,5.5,1.0,49.0,10.0
1225.103921877461,30.0,0.0,8.0,6.0,9.0,5.5,1.0,49.0,10.0
1225.5039218774612,30.0,0.0,8.0,6.0,9.0,5.5,1.0,49.0,10.0
1225.5049218774611,30.0,0.0,8.0,6.0,9.0,5.5,1.0,49.0,10.0
1225.9049218774612,30.0,0.0,8.0,6.0,9.0,5.5,1.0,49.0,10.0
1225.9059218774612,30.0,0.0,8.0,6.0,9.0,5.5,1.0,49.0,10.0
1226.3059218774613,30.0,0.0,8.0,6.0,9.0,5.5,1.0,49.0,10.0
1226.3069218774613,30.0,0.0,8.0,6.0,9.0,5.5,1.0,49.0,10.0
1226.7069218774614,30.0,0.0,8.0,6.0,9.0,5.5,1.0,49.0,10.0
1226.7079218774613,30.0,0.0,8.0,6.0,9.0,5.5,1.0,49.0,10.0
1227.1079218774614,30.0,0.0,8.0,6.0,9.0,5.5,1.0,49.0,10.0
1227.1089218774614,30.0,0.0,8.0,6.0,9.0,5.5,1.0,49.0,10.0
1227.5089218774615,30.0,0.0,8.0,6.0,9.0,5.5,1.0,49.0,10.0
1227.5099218774615,30.0,0.0,8.0,6.0,9.0,5.5,1.0,49.0,10.0
1227.9099218774616,30.0,0.0,8.0,6.0,9.0,5.5,1.0,49.0,10.0
1227.9109218774615,30.0,0.0,8.0,6.0,9.0,5.5,1.0,49.0,10.0
1228.3109218774616,30.0,0.0,8.0,6.0,9.0,5.5,1.0,49.0,10.0
1228.3119218774616,30.0,0.0,8.0,6.0,9.0,5.5,1.0,49.0,10.0
1228.7119218774617,30.0,0.0,8.0,6.0,9.0,5.5,1.0,49.0,10.0
1228.7129218774617,30.0,0.0,8.0,6.0,9.0,5.5,1.0,49.0,10.0
1229.1129218774618,30.0,0.0,8.0,6.0,9.0,5.5,1.0,49.0,10.0
1229.1139218774617,30.0,0.0,8.0,6.0,9.0,5.5,1.0,49.0,10.0
1229.5139218774618,30.0,0.0,8.0,6.0,9.0,5.5,1.0,49.0,10.0
1229.5149218774618,30.0,0.0,8.0,6.0,9.0,5.5,1.0,49.0,10.0
1229.914921877462,30.0,0.0,8.0,6.0,9.0,5.5,1.0,49.0,10.0
1229.9159218774619,30.0,0.0,8.0,6.0,9.0,5.5,1.0,49.0,10.0
1230.315921877462,30.0,0.0,8.0,6.0,9.0,5.5,1.0,49.0,10.0
1230.316921877462,30.0,0.0,8.0,6.0,9.0,5.5,1.0,49.0,10.0
1230.716921877462,30.0,0.0,8.0,6.0,9.0,5.5,1.0,49.0,10.0
1230.717921877462,30.0,0.0,8.0,6.0,9.0,5.5,1.0,49.0,10.0
1231.117921877462,30.0,0.0,8.0,6.0,9.0,5.5,1.0,49.0,10.0
1231.118921877462,30.0,0.0,8.0,6.0,9.0,5.5,1.0,49.0,10.0
1231.5189218774622,30.0,0.0,8.0,6.0,9.0,5.5,1.0,49.0,10.0
1231.5199218774621,30.0,0.0,8.0,6.0,9.0,5.5,1.0,49.0,10.0
1231.9199218774622,30.0,0.0,8.0,6.0,9.0,5.5,1.0,49.0,10.0
1231.9209218774622,30.0,0.0,8.0,6.0,9.0,10.5,1.0,49.0,10.0
1232.3209218774623,30.0,0.0,8.0,6.0,9.0,10.5,1.0,49.0,10.0
1232.3214660951494,30.0,0.0,8.0,6.0,9.0,10.5,1.0,49.0,10.0
1232.7214660951495,30.0,0.0,8.0,6.0,9.0,10.5,1.0,49.0,10.0
1232.7220103128366,30.0,0.0,8.0,6.0,9.0,10.5,1.0,49.0,10.0
1233.1220103128367,30.0,0.0,8.0,6.0,9.0,10.5,1.0,49.0,10.0
1233.1225545305238,30.0,0.0,8.0,6.0,9.0,10.5,1.0,49.0,10.0
1233.5225545305238,30.0,0.0,8.0,6.0,9.0,10.5,1.0,49.0,10.0
1233.523098748211,30.0,0.0,8.0,6.0,9.0,10.5,1.0,49.0,10.0
1233.923098748211,30.0,0.0,8.0,6.0,9.0,10.5,1.0,49.0,10.0
1233.9236429658981,30.0,0.0,8.0,6.0,9.0,10.5,1.0,49.0,10.0
1234.3236429658982,30.0,0.0,8.0,6.0,9.0,10.5,1.0,49.0,10.0
1234.3241871835853,30.0,0.0,8.0,6.0,9.0,10.5,1.0,49.0,10.0
1234.7241871835854,30.0,0.0,8.0,6.0,9.0,10.5,1.0,49.0,10.0
1234.7247314012725,30.0,0.0,8.0,6.0,9.0,10.5,1.0,49.0,10.0
1235.1247314012726,30.0,0.0,8.0,6.0,9.0,10.5,1.0,49.0,10.0
1235.1252756189597,30.0,0.0,8.0,6.0,9.0,10.5,1.0,49.0,10.0
1235.5252756189598,30.0,0.0,8.0,6.0,9.0,10.5,1.0,49.0,10.0
1235.5258198366469,30.0,0.0,8.0,6.0,9.0,10.5,1.0,49.0,10.0
1235.925819836647,30.0,0.0,8.0,6.0,9.0,10.5,1.0,49.0,10.0
1235.926364054334,30.0,0.0,8.0,6.0,9.0,10.5,1.0,49.0,10.0
1236.3263640543341,30.0,0.0,8.0,6.0,9.0,10.5,1.0,49.0,10.0
1236.3269082720212,30.0,0.0,8.0,6.0,9.0,10.5,1.0,49.0,10.0
1236.7269082720213,30.0,0.0,8.0,6.0,9.0,10.5,1.0,49.0,10.0
1236.7274524897084,30.0,0.0,8.0,6.0,9.0,10.5,1.0,49.0,10.0
1237.1274524897085,30.0,0.0,8.0,6.0,9.0,10.5,1.0,49.0,10.0
1237.1279967073956,30.0,0.0,8.0,6.0,9.0,8.5,1.0,50.0,10.0
1237.5279967073957,30.0,0.0,8.0,6.0,9.0,8.5,1.0,50.0,10.0
1237.5288271572226,30.0,0.0,8.0,6.0,9.0,8.5,1.0,50.0,10.0
1237.9288271572227,30.0,0.0,8.0,6.0,9.0,8.5,1.0,50.0,10.0
1237.9296576070496,30.0,0.0,8.0,6.0,9.0,8.5,1.0,50.0,10.0
1238.3296576070497,30.0,0.0,8.0,6.0,9.0,8.5,1.0,50.0,10.0
1238.3304880568767,30.0,0.0,8.0,6.0,9.0,8.5,1.0,50.0,10.0
1238.7304880568768,30.0,0.0,8.0,6.0,9.0,8.5,1.0,50.0,10.0
1238.7313185067037,30.0,0.0,8.0,6.0,9.0,8.5,1.0,50.0,10.0
1239.1313185067038,30.0,0.0,8.0,6.0,9.0,8.5,1.0,50.0,10.0
1239.1321489565307,30.0,0.0,8.0,6.0,9.0,8.5,1.0,50.0,10.0
1239.5321489565308,30.0,0.0,8.0,6.0,9.0,8.5,1.0,50.0,10.0
1239.5329794063578,30.0,0.0,8.0,6.0,9.0,8.5,1.0,50.0,10.0
1239.9329794063578,30.0,0.0,8.0,6.0,9.0,8.5,1.0,50.0,10.0
1239.9338098561848,30.0,0.0,8.0,6.0,9.0,8.5,1.0,50.0,10.0
1240.3338098561849,30.0,0.0,8.0,6.0,9.0,8.5,1.0,50.0,10.0
1240.3346403060118,30.0,0.0,8.0,6.0,9.0,8.5,1.0,50.0,10.0
1240.734640306012,30.0,0.0,8.0,6.0,9.0,8.5,1.0,50.0,10.0
1240.7354707558388,30.0,0.0,8.0,6.0,9.0,8.5,1.0,50.0,10.0
1241.135470755839,30.0,0.0,8.0,6.0,9.0,8.5,1.0,50.0,10.0
1241.1363012056659,30.0,0.0,8.0,6.0,9.0,8.5,1.0,50.0,10.0
1241.536301205666,30.0,0.0,8.0,6.0,9.0,8.5,1.0,50.0,10.0
1241.5371316554929,30.0,0.0,8.0,6.0,9.0,8.5,1.0,50.0,10.0
1241.937131655493,30.0,0.0,8.0,6.0,9.0,8.5,1.0,50.0,10.0
1241.93796210532,30.0,0.0,8.0,6.0,9.0,8.5,1.0,50.0,10.0
1242.33796210532,30.0,0.0,8.0,6.0,9.0,8.5,1.0,50.0,10.0
1242.338792555147,30.0,0.0,8.0,6.0,9.0,8.5,1.0,50.0,10.0
1242.738792555147,30.0,0.0,8.0,6.0,9.0,8.5,1.0,50.0,10.0
1242.739623004974,30.0,0.0,8.0,6.0,9.0,8.5,1.0,50.0,10.0
1243.139623004974,30.0,0.0,8.0,6.0,9.0,8.5,1.0,50.0,10.0
1243.140453454801,30.0,0.0,8.0,6.0,9.0,8.5,1.0,50.0,10.0
1243.540453454801,30.0,0.0,8.0,6.0,9.0,8.5,1.0,50.0,10.0
1243.541283904628,30.0,0.0,8.0,6.0,9.0,8.5,1.0,50.0,10.0
1243.941283904628,30.0,0.0,8.0,6.0,9.0,8.5,1.0,50.0,10.0
1243.942114354455,30.0,0.0,8.0,6.0,9.0,8.5,1.0,50.0,10.0
1244.3421143544551,30.0,0.0,8.0,6.0,9.0,8.5,1.0,50.0,10.0
1244.342944804282,30.0,0.0,8.0,6.0,9.0,8.5,1.0,50.0,10.0
1244.7429448042822,30.0,0.0,8.0,6.0,9.0,8.5,1.0,50.0,10.0
1244.743775254109,30.0,0.0,8.0,6.0,9.0,8.5,1.0,50.0,10.0
1245.1437752541092,30.0,0.0,8.0,6.0,9.0,8.5,1.0,50.0,10.0
1245.1446057039361,30.0,0.0,8.0,6.0,9.0,8.5,1.0,50.0,10.0
1245.5446057039362,30.0,0.0,8.0,6.0,9.0,8.5,1.0,50.0,10.0
1245.5454361537631,30.0,0.0,8.0,6.0,9.0,8.5,1.0,50.0,10.0
1245.9454361537632,30.0,0.0,8.0,6.0,9.0,8.5,1.0,50.0,10.0
1245.9462666035902,30.0,0.0,8.0,6.0,9.0,8.5,1.0,50.0,10.0
1246.3462666035903,30.0,0.0,8.0,6.0,9.0,8.5,1.0,50.0,10.0
1246.3470970534172,30.0,0.0,8.0,6.0,9.0,8.5,1.0,50.0,10.0
1246.7470970534173,30.0,0.0,8.0,6.0,9.0,8.5,1.0,50.0,10.0
1246.7479275032442,30.0,0.0,8.0,6.0,9.0,8.5,1.0,50.0,10.0
1247.1479275032443,30.0,0.0,8.0,6.0,9.0,8.5,1.0,50.0,10.0
1247.1487579530713,30.0,0.0,8.0,6.0,9.0,8.5,1.0,50.0,10.0
1247.5487579530713,30.0,0.0,8.0,6.0,9.0,8.5,1.0,50.0,10.0
1247.5495884028983,30.0,0.0,8.0,6.0,9.0,8.5,1.0,50.0,10.0
1247.9495884028984,30.0,0.0,8.0,6.0,9.0,8.5,1.0,50.0,10.0
1247.9504188527253,30.0,0.0,8.0,6.0,9.0,6.5,1.0,51.0,10.0
1248.3504188527254,30.0,0.0,8.0,6.0,9.0,6.5,1.0,51.0,10.0
1248.3514188527254,30.0,0.0,8.0,6.0,9.0,6.5,1.0,51.0,10.0
1248.7514188527255,30.0,0.0,8.0,6.0,9.0,6.5,1.0,51.0,10.0
1248.7524188527254,40.0,0.0,8.0,6.0,9.0,6.5,1.0,51.0,10.0
1249.1524188527255,40.0,0.0,8.0,6.0,9.0,6.5,1.0,51.0,10.0
1249.1534188527255,40.0,0.0,8.0,6.0,9.0,6.5,1.0,51.0,10.0
1249.5534188527256,40.0,0.0,8.0,6.0,9.0,6.5,1.0,51.0,10.0
1249.5544188527256,40.0,0.0,8.0,6.0,9.0,6.5,1.0,51.0,10.0
1249.9544188527257,40.0,0.0,8.0,6.0,9.0,6.5,1.0,51.0,10.0
1249.9554188527256,40.0,0.0,8.0,6.0,9.0,6.5,1.0,51.0,10.0
1250.3554188527257,40.0,0.0,8.0,6.0,9.0,6.5,1.0,51.0,10.0
1250.3564188527257,40.0,0.0,8.0,6.0,9.0,6.5,1.0,51.0,10.0
1250.7564188527258,40.0,0.0,8.0,6.0,9.0,6.5,1.0,51.0,10.0
1250.7574188527258,40.0,0.0,8.0,6.0,9.0,6.5,1.0,51.0,10.0
1251.1574188527259,40.0,0.0,8.0,6.0,9.0,6.5,1.0,51.0,10.0
1251.1584188527258,40.0,0.0,8.0,6.0,9.0,6.5,1.0,51.0,10.0
1251.558418852726,40.0,0.0,8.0,6.0,9.0,6.5,1.0,51.0,10.0
1251.559418852726,40.0,0.0,8.0,6.0,9.0,6.5,1.0,51.0,10.0
1251.959418852726,40.0,0.0,8.0,6.0,9.0,6.5,1.0,51.0,10.0
1251.960418852726,40.0,0.0,8.0,6.0,9.0,6.5,1.0,51.0,10.0
1252.360418852726,40.0,0.0,8.0,6.0,9.0,6.5,1.0,51.0,10.0
1252.361418852726,40.0,0.0,8.0,6.0,9.0,6.5,1.0,51.0,10.0
1252.7614188527261,40.0,0.0,8.0,6.0,9.0,6.5,1.0,51.0,10.0
1252.7624188527261,40.0,0.0,8.0,6.0,9.0,6.5,1.0,51.0,10.0
1253.1624188527262,40.0,0.0,8.0,6.0,9.0,6.5,1.0,51.0,10.0
1253.1634188527262,40.0,0.0,8.0,6.0,9.0,6.5,1.0,51.0,10.0
1253.5634188527263,40.0,0.0,8.0,6.0,9.0,6.5,1.0,51.0,10.0
1253.5644188527262,40.0,0.0,8.0,6.0,9.0,4.5,1.0,52.0,10.0
1253.9644188527263,40.0,0.0,8.0,6.0,9.0,4.5,1.0,52.0,10.0
1253.9654188527263,40.0,0.0,8.0,6.0,9.0,4.5,1.0,52.0,10.0
1254.3654188527264,40.0,0.0,8.0,6.0,9.0,4.5,1.0,52.0,10.0
1254.3664188527264,40.0,0.0,8.0,6.0,8.0,4.5,1.0,52.0,10.0
1254.7664188527265,40.0,0.0,8.0,6.0,8.0,4.5,1.0,52.0,10.0
1254.7674188527265,40.0,0.0,8.0,6.0,8.0,4.5,1.0,52.0,10.0
1255.1674188527265,40.0,0.0,8.0,6.0,8.0,4.5,1.0,52.0,10.0
1255.1684188527265,40.0,0.0,8.0,6.0,8.0,4.5,1.0,52.0,10.0
1255.5684188527266,40.0,0.0,8.0,6.0,8.0,4.5,1.0,52.0,10.0
1255.5694188527266,40.0,0.0,8.0,6.0,8.0,4.5,1.0,52.0,10.0
1255.9694188527267,40.0,0.0,8.0,6.0,8.0,4.5,1.0,52.0,10.0
1255.9704188527267,40.0,0.0,8.0,6.0,8.0,4.5,1.0,52.0,10.0
1256.3704188527267,40.0,0.0,8.0,6.0,8.0,4.5,1.0,52.0,10.0
1256.3714188527267,40.0,0.0,8.0,6.0,8.0,4.5,1.0,52.0,10.0
1256.7714188527268,40.0,0.0,8.0,6.0,8.0,4.5,1.0,52.0,10.0
1256.7724188527268,40.0,0.0,8.0,6.0,8.0,4.5,1.0,52.0,10.0
1257.1724188527269,40.0,0.0,8.0,6.0,8.0,4.5,1.0,52.0,10.0
1257.1734188527269,40.0,0.0,8.0,6.0,8.0,4.5,1.0,52.0,10.0
1257.573418852727,40.0,0.0,8.0,6.0,8.0,4.5,1.0,52.0,10.0
1257.574418852727,40.0,0.0,8.0,6.0,8.0,4.5,1.0,52.0,10.0
1257.974418852727,40.0,0.0,8.0,6.0,8.0,4.5,1.0,52.0,10.0
1257.975418852727,40.0,0.0,8.0,6.0,8.0,4.5,1.0,52.0,10.0
1258.375418852727,40.0,0.0,8.0,6.0,8.0,4.5,1.0,52.0,10.0
1258.376418852727,40.0,0.0,8.0,6.0,8.0,4.5,1.0,52.0,10.0
1258.7764188527271,40.0,0.0,8.0,6.0,8.0,4.5,1.0,52.0,10.0
1258.7774188527271,40.0,0.0,8.0,6.0,8.0,4.5,1.0,52.0,10.0
1259.1774188527272,40.0,0.0,8.0,6.0,8.0,4.5,1.0,52.0,10.0
1259.1784188527272,40.0,0.0,8.0,6.0,8.0,4.5,1.0,52.0,10.0
1259.5784188527273,40.0,0.0,8.0,6.0,8.0,4.5,1.0,52.0,10.0
1259.5794188527273,40.0,0.0,8.0,6.0,8.0,4.5,1.0,52.0,10.0
1259.9794188527273,40.0,0.0,8.0,6.0,8.0,4.5,1.0,52.0,10.0
1259.9804188527273,50.0,0.0,8.0,6.0,8.0,4.5,1.0,52.0,10.0
1260.3804188527274,50.0,0.0,8.0,6.0,8.0,4.5,1.0,52.0,10.0
1260.3814188527274,50.0,0.0,8.0,6.0,8.0,4.5,1.0,52.0,10.0
1260.7814188527275,50.0,0.0,8.0,6.0,8.0,4.5,1.0,52.0,10.0
1260.7824188527275,50.0,0.0,8.0,6.0,8.0,4.5,1.0,52.0,10.0
1261.1824188527276,50.0,0.0,8.0,6.0,8.0,4.5,1.0,52.0,10.0
1261.1834188527275,50.0,0.0,8.0,6.0,8.0,4.5,1.0,52.0,10.0
1261.5834188527276,50.0,0.0,8.0,6.0,8.0,4.5,1.0,52.0,10.0
1261.5844188527276,50.0,0.0,8.0,6.0,8.0,4.5,1.0,52.0,10.0
1261.9844188527277,50.0,0.0,8.0,6.0,8.0,4.5,1.0,52.0,10.0
1261.9854188527277,50.0,0.0,8.0,6.0,8.0,2.5,1.0,53.0,10.0
1262.3854188527278,50.0,0.0,8.0,6.0,8.0,2.5,1.0,53.0,10.0
1262.3864188527277,50.0,0.0,8.0,6.0,8.0,2.5,1.0,53.0,10.0
1262.7864188527278,50.0,0.0,8.0,6.0,8.0,2.5,1.0,53.0,10.0
1262.7874188527278,50.0,0.0,8.0,6.0,8.0,2.5,1.0,53.0,10.0
1263.187418852728,50.0,0.0,8.0,6.0,8.0,2.5,1.0,53.0,10.0
1263.1884188527279,50.0,0.0,8.0,6.0,8.0,2.5,1.0,53.0,10.0
1263.588418852728,50.0,0.0,8.0,6.0,8.0,2.5,1.0,53.0,10.0
1263.589418852728,50.0,0.0,8.0,6.0,8.0,2.5,1.0,53.0,10.0
1263.989418852728,50.0,0.0,8.0,6.0,8.0,2.5,1.0,53.0,10.0
1263.990418852728,50.0,0.0,8.0,6.0,8.0,2.5,1.0,53.0,10.0
1264.390418852728,50.0,0.0,8.0,6.0,8.0,2.5,1.0,53.0,10.0
1264.391418852728,50.0,0.0,8.0,6.0,8.0,2.5,1.0,53.0,10.0
1264.7914188527282,50.0,0.0,8.0,6.0,8.0,2.5,1.0,53.0,10.0
1264.7924188527281,50.0,0.0,8.0,6.0,8.0,2.5,1.0,53.0,10.0
1265.1924188527282,50.0,0.0,8.0,6.0,8.0,2.5,1.0,53.0,10.0
1265.1934188527282,50.0,0.0,8.0,6.0,8.0,2.5,1.0,53.0,10.0
1265.5934188527283,50.0,0.0,8.0,6.0,8.0,2.5,1.0,53.0,10.0
1265.5944188527283,50.0,0.0,8.0,6.0,8.0,2.5,1.0,53.0,10.0
1265.9944188527284,50.0,0.0,8.0,6.0,8.0,2.5,1.0,53.0,10.0
1265.9954188527283,40.0,0.0,8.0,6.0,8.0,2.5,1.0,53.0,10.0
1266.3954188527284,40.0,0.0,8.0,6.0,8.0,2.5,1.0,53.0,10.0
1266.3964188527284,40.0,0.0,8.0,6.0,8.0,2.5,1.0,53.0,10.0
1266.7964188527285,40.0,0.0,8.0,6.0,8.0,2.5,1.0,53.0,10.0
1266.7974188527285,40.0,0.0,8.0,6.0,8.0,2.5,1.0,53.0,10.0
1267.1974188527286,40.0,0.0,8.0,6.0,8.0,2.5,1.0,53.0,10.0
1267.1984188527285,40.0,0.0,8.0,6.0,8.0,2.5,1.0,53.0,10.0
1267.5984188527286,40.0,0.0,8.0,6.0,8.0,2.5,1.0,53.0,10.0
1267.5994188527286,40.0,0.0,8.0,6.0,8.0,2.5,1.0,53.0,10.0
1267.9994188527287,40.0,0.0,8.0,6.0,8.0,2.5,1.0,53.0,10.0
1268.0004188527287,40.0,0.0,8.0,6.0,8.0,2.5,1.0,53.0,10.0
1268.4004188527288,40.0,0.0,8.0,6.0,8.0,2.5,1.0,53.0,10.0
1268.4014188527287,40.0,0.0,8.0,6.0,8.0,2.5,1.0,53.0,10.0
1268.8014188527288,40.0,0.0,8.0,6.0,8.0,2.5,1.0,53.0,10.0
1268.8024188527288,40.0,0.0,8.0,6.0,8.0,2.5,1.0,53.0,10.0
1269.202418852729,40.0,0.0,8.0,6.0,8.0,2.5,1.0,53.0,10.0
1269.2034188527289,40.0,0.0,8.0,6.0,8.0,2.5,1.0,53.0,10.0
1269.603418852729,40.0,0.0,8.0,6.0,8.0,2.5,1.0,53.0,10.0
1269.604418852729,40.0,0.0,8.0,6.0,8.0,2.5,1.0,53.0,10.0
1270.004418852729,40.0,0.0,8.0,6.0,8.0,2.5,1.0,53.0,10.0
1270.005418852729,40.0,0.0,8.0,6.0,8.0,2.5,1.0,53.0,10.0
1270.405418852729,40.0,0.0,8.0,6.0,8.0,2.5,1.0,53.0,10.0
1270.406418852729,40.0,0.0,8.0,6.0,8.0,2.5,1.0,53.0,10.0
1270.8064188527292,40.0,0.0,8.0,6.0,8.0,2.5,1.0,53.0,10.0
1270.8074188527291,40.0,0.0,8.0,6.0,8.0,2.5,1.0,53.0,10.0
1271.2074188527292,40.0,0.0,8.0,6.0,8.0,2.5,1.0,53.0,10.0
1271.2084188527292,40.0,0.0,8.0,6.0,8.0,2.5,1.0,53.0,10.0
1271.6084188527293,40.0,0.0,8.0,6.0,8.0,2.5,1.0,53.0,10.0
1271.6094188527293,40.0,0.0,8.0,6.0,8.0,2.5,1.0,53.0,10.0
1272.0094188527294,40.0,0.0,8.0,6.0,8.0,2.5,1.0,53.0,10.0
1272.0104188527293,40.0,0.0,8.0,6.0,8.0,2.5,1.0,53.0,10.0
1272.4104188527294,40.0,0.0,8.0,6.0,8.0,2.5,1.0,53.0,10.0
1272.4114188527294,40.0,0.0,8.0,6.0,8.0,2.5,1.0,53.0,10.0
1272.8114188527295,40.0,0.0,8.0,6.0,8.0,2.5,1.0,53.0,10.0
1272.8124188527295,40.0,0.0,8.0,6.0,8.0,2.5,1.0,53.0,10.0
1273.2124188527296,40.0,0.0,8.0,6.0,8.0,2.5,1.0,53.0,10.0
1273.2134188527295,40.0,0.0,8.0,6.0,8.0,2.5,1.0,53.0,10.0
1273.6134188527296,40.0,0.0,8.0,6.0,8.0,2.5,1.0,53.0,10.0
1273.6144188527296,40.0,0.0,8.0,6.0,8.0,2.5,1.0,53.0,10.0
1274.0144188527297,40.0,0.0,8.0,6.0,8.0,2.5,1.0,53.0,10.0
1274.0154188527297,40.0,0.0,8.0,6.0,8.0,2.5,1.0,53.0,10.0
1274.4154188527298,40.0,0.0,8.0,6.0,8.0,2.5,1.0,53.0,10.0
1274.4164188527297,40.0,0.0,8.0,6.0,8.0,2.5,1.0,53.0,10.0
1274.8164188527298,40.0,0.0,8.0,6.0,8.0,2.5,1.0,53.0,10.0
1274.8174188527298,40.0,0.0,8.0,6.0,8.0,2.5,1.0,53.0,10.0
1275.21741885273,40.0,0.0,8.0,6.0,8.0,2.5,1.0,53.0,10.0
1275.2184188527299,40.0,0.0,8.0,6.0,8.0,2.5,1.0,53.0,10.0
1275.61841885273,40.0,0.0,8.0,6.0,8.0,2.5,1.0,53.0,10.0
1275.61941885273,40.0,0.0,8.0,6.0,8.0,2.5,1.0,53.0,10.0
1276.01941885273,40.0,0.0,8.0,6.0,8.0,2.5,1.0,53.0,10.0
1276.02041885273,40.0,0.0,8.0,6.0,8.0,2.5,1.0,53.0,10.0
1276.42041885273,40.0,0.0,8.0,6.0,8.0,2.5,1.0,53.0,10.0
1276.42141885273,40.0,0.0,8.0,6.0,8.0,2.5,1.0,53.0,10.0
1276.8214188527302,40.0,0.0,8.0,6.0,8.0,2.5,1.0,53.0,10.0
1276.8224188527302,40.0,0.0,8.0,6.0,8.0,2.5,1.0,53.0,10.0
1277.2224188527302,40.0,0.0,8.0,6.0,8.0,2.5,1.0,53.0,10.0
1277.2234188527302,40.0,0.0,8.0,6.0,8.0,2.5,1.0,53.0,10.0
1277.6234188527303,40.0,0.0,8.0,6.0,8.0,2.5,1.0,53.0,10.0
1277.6244188527303,40.0,0.0,8.0,6.0,8.0,2.5,1.0,53.0,10.0
1278.0244188527304,40.0,0.0,8.0,6.0,8.0,2.5,1.0,53.0,10.0
1278.0254188527304,40.0,0.0,8.0,6.0,8.0,2.5,1.0,53.0,10.0
1278.4254188527304,40.0,0.0,8.0,6.0,8.0,2.5,1.0,53.0,10.0
1278.4264188527304,40.0,0.0,8.0,6.0,8.0,2.5,1.0,53.0,10.0
1278.8264188527305,40.0,0.0,8.0,6.0,8.0,2.5,1.0,53.0,10.0
1278.8274188527305,40.0,0.0,8.0,6.0,8.0,2.5,1.0,53.0,10.0
1279.2274188527306,40.0,0.0,8.0,6.0,8.0,2.5,1.0,53.0,10.0
1279.2284188527306,40.0,0.0,8.0,6.0,8.0,2.5,1.0,53.0,10.0
1279.6284188527306,40.0,0.0,8.0,6.0,8.0,2.5,1.0,53.0,10.0
1279.6294188527306,40.0,0.0,8.0,6.0,8.0,2.5,1.0,53.0,10.0
1280.0294188527307,40.0,0.0,8.0,6.0,8.0,2.5,1.0,53.0,10.0
1280.0304188527307,40.0,0.0,8.0,6.0,8.0,2.5,1.0,53.0,10.0
1280.4304188527308,40.0,0.0,8.0,6.0,8.0,2.5,1.0,53.0,10.0
1280.4314188527308,40.0,0.0,8.0,6.0,8.0,2.5,1.0,53.0,10.0
1280.8314188527308,40.0,0.0,8.0,6.0,8.0,2.5,1.0,53.0,10.0
1280.8324188527308,40.0,0.0,8.0,6.0,8.0,2.5,1.0,53.0,10.0
1281.232418852731,40.0,0.0,8.0,6.0,8.0,2.5,1.0,53.0,10.0
1281.233418852731,40.0,0.0,8.0,6.0,8.0,2.5,1.0,53.0,10.0
1281.633418852731,40.0,0.0,8.0,6.0,8.0,2.5,1.0,53.0,10.0
1281.634418852731,40.0,0.0,8.0,6.0,8.0,2.5,1.0,53.0,10.0
1282.034418852731,40.0,0.0,8.0,6.0,8.0,2.5,1.0,53.0,10.0
1282.035418852731,40.0,0.0,8.0,6.0,8.0,2.5,1.0,53.0,10.0
1282.4354188527311,40.0,0.0,8.0,6.0,8.0,2.5,1.0,53.0,10.0
1282.436418852731,40.0,0.0,8.0,6.0,8.0,2.5,1.0,53.0,10.0
1282.8364188527312,40.0,0.0,8.0,6.0,8.0,2.5,1.0,53.0,10.0
1282.8374188527312,40.0,0.0,8.0,6.0,8.0,2.5,1.0,53.0,10.0
1283.2374188527313,40.0,0.0,8.0,6.0,8.0,2.5,1.0,53.0,10.0
1283.2384188527312,40.0,0.0,8.0,6.0,8.0,2.5,1.0,53.0,10.0
1283.6384188527313,40.0,0.0,8.0,6.0,8.0,2.5,1.0,53.0,10.0
1283.6394188527313,30.0,0.0,8.0,6.0,8.0,2.5,1.0,53.0,10.0
1284.0394188527314,30.0,0.0,8.0,6.0,8.0,2.5,1.0,53.0,10.0
1284.0404188527314,30.0,0.0,8.0,6.0,8.0,2.5,1.0,53.0,10.0
1284.4404188527315,30.0,0.0,8.0,6.0,8.0,2.5,1.0,53.0,10.0
1284.4414188527314,30.0,0.0,8.0,6.0,8.0,2.5,1.0,53.0,10.0
1284.8414188527315,30.0,0.0,8.0,6.0,8.0,2.5,1.0,53.0,10.0
1284.8424188527315,30.0,0.0,8.0,6.0,8.0,2.5,1.0,53.0,10.0
1285.2424188527316,30.0,0.0,8.0,6.0,8.0,2.5,1.0,53.0,10.0
1285.2434188527316,30.0,0.0,8.0,6.0,8.0,2.5,1.0,53.0,10.0
1285.6434188527317,30.0,0.0,8.0,6.0,8.0,2.5,1.0,53.0,10.0
1285.6444188527316,30.0,0.0,8.0,6.0,8.0,2.5,1.0,53.0,10.0
1286.0444188527317,30.0,0.0,8.0,6.0,8.0,2.5,1.0,53.0,10.0
1286.0454188527317,30.0,0.0,8.0,6.0,8.0,2.5,1.0,53.0,10.0
1286.4454188527318,30.0,0.0,8.0,6.0,8.0,2.5,1.0,53.0,10.0
1286.4464188527318,30.0,0.0,8.0,6.0,8.0,2.5,1.0,53.0,10.0
1286.8464188527319,30.0,0.0,8.0,6.0,8.0,2.5,1.0,53.0,10.0
1286.8474188527318,30.0,0.0,8.0,6.0,8.0,2.5,1.0,53.0,10.0
1287.247418852732,30.0,0.0,8.0,6.0,8.0,2.5,1.0,53.0,10.0
1287.248418852732,30.0,0.0,8.0,6.0,8.0,2.5,1.0,53.0,10.0
1287.648418852732,30.0,0.0,8.0,6.0,8.0,2.5,1.0,53.0,10.0
1287.649418852732,30.0,0.0,8.0,6.0,8.0,2.5,1.0,53.0,10.0
1288.049418852732,30.0,0.0,8.0,6.0,8.0,2.5,1.0,53.0,10.0
1288.050418852732,30.0,0.0,8.0,6.0,8.0,2.5,1.0,53.0,10.0
1288.4504188527321,30.0,0.0,8.0,6.0,8.0,2.5,1.0,53.0,10.0
1288.451418852732,30.0,0.0,8.0,6.0,8.0,2.5,1.0,53.0,10.0
1288.8514188527322,30.0,0.0,8.0,6.0,8.0,2.5,1.0,53.0,10.0
1288.8524188527322,30.0,0.0,8.0,6.0,8.0,2.5,1.0,53.0,10.0
1289.2524188527323,30.0,0.0,8.0,6.0,8.0,2.5,1.0,53.0,10.0
1289.2534188527322,40.0,0.0,8.0,6.0,8.0,2.5,1.0,53.0,10.0
1289.6534188527323,40.0,0.0,8.0,6.0,8.0,2.5,1.0,53.0,10.0
1289.6544188527323,40.0,0.0,8.0,6.0,8.0,2.5,1.0,53.0,10.0
1290.0544188527324,40.0,0.0,8.0,6.0,8.0,2.5,1.0,53.0,10.0
1290.0554188527324,40.0,0.0,8.0,6.0,8.0,2.5,1.0,53.0,10.0
1290.4554188527325,40.0,0.0,8.0,6.0,8.0,2.5,1.0,53.0,10.0
1290.4564188527324,40.0,0.0,8.0,6.0,8.0,2.5,1.0,53.0,10.0
1290.8564188527325,40.0,0.0,8.0,6.0,8.0,2.5,1.0,53.0,10.0
1290.8574188527325,40.0,0.0,8.0,6.0,8.0,2.5,1.0,53.0,10.0
1291.2574188527326,40.0,0.0,8.0,6.0,8.0,2.5,1.0,53.0,10.0
1291.2584188527326,40.0,0.0,8.0,6.0,8.0,2.5,1.0,53.0,10.0
1291.6584188527327,40.0,0.0,8.0,6.0,8.0,2.5,1.0,53.0,10.0
1291.6594188527326,40.0,0.0,8.0,6.0,8.0,2.5,1.0,53.0,10.0
1292.0594188527327,40.0,0.0,8.0,6.0,8.0,2.5,1.0,53.0,10.0
1292.0604188527327,40.0,0.0,8.0,6.0,8.0,2.5,1.0,53.0,10.0
1292.4604188527328,40.0,0.0,8.0,6.0,8.0,2.5,1.0,53.0,10.0
1292.4614188527328,40.0,0.0,8.0,6.0,8.0,2.5,1.0,53.0,10.0
1292.8614188527329,40.0,0.0,8.0,6.0,8.0,2.5,1.0,53.0,10.0
1292.8624188527328,40.0,0.0,8.0,6.0,8.0,2.5,1.0,53.0,10.0
1293.262418852733,40.0,0.0,8.0,6.0,8.0,2.5,1.0,53.0,10.0
1293.263418852733,40.0,0.0,8.0,6.0,8.0,2.5,1.0,53.0,10.0
1293.663418852733,40.0,0.0,8.0,6.0,8.0,2.5,1.0,53.0,10.0
1293.664418852733,40.0,0.0,8.0,6.0,8.0,2.5,1.0,53.0,10.0
1294.064418852733,40.0,0.0,8.0,6.0,8.0,2.5,1.0,53.0,10.0
1294.065418852733,40.0,0.0,9.0,6.0,8.0,2.5,1.0,53.0,10.0
1294.4654188527331,40.0,0.0,9.0,6.0,8.0,2.5,1.0,53.0,10.0
1294.466418852733,40.0,0.0,9.0,6.0,8.0,2.5,1.0,53.0,10.0
1294.8664188527332,40.0,0.0,9.0,6.0,8.0,2.5,1.0,53.0,10.0
1294.8674188527332,50.0,0.0,9.0,6.0,8.0,2.5,1.0,53.0,10.0
1295.2674188527333,50.0,0.0,9.0,6.0,8.0,2.5,1.0,53.0,10.0
1295.2684188527332,50.0,0.0,9.0,6.0,8.0,2.5,1.0,53.0,10.0
1295.6684188527333,50.0,0.0,9.0,6.0,8.0,2.5,1.0,53.0,10.0
1295.6694188527333,50.0,0.0,9.0,6.0,8.0,2.5,1.0,53.0,10.0
1296.0694188527334,50.0,0.0,9.0,6.0,8.0,2.5,1.0,53.0,10.0
1296.0704188527334,50.0,0.0,9.0,6.0,8.0,2.5,1.0,53.0,10.0
1296.4704188527335,50.0,0.0,9.0,6.0,8.0,2.5,1.0,53.0,10.0
1296.4714188527334,50.0,0.0,9.0,6.0,8.0,2.5,1.0,53.0,10.0
1296.8714188527335,50.0,0.0,9.0,6.0,8.0,2.5,1.0,53.0,10.0
1296.8724188527335,50.0,0.0,9.0,6.0,8.0,2.5,1.0,53.0,10.0
1297.2724188527336,50.0,0.0,9.0,6.0,8.0,2.5,1.0,53.0,10.0
1297.2734188527336,60.0,0.0,9.0,6.0,8.0,2.5,1.0,53.0,10.0
1297.6734188527337,60.0,0.0,9.0,6.0,8.0,2.5,1.0,53.0,10.0
1297.6744188527337,60.0,0.0,9.0,6.0,8.0,2.5,1.0,53.0,10.0
1298.0744188527337,60.0,0.0,9.0,6.0,8.0,2.5,1.0,53.0,10.0
1298.0754188527337,60.0,0.0,9.0,6.0,8.0,2.5,1.0,53.0,10.0
1298.4754188527338,60.0,0.0,9.0,6.0,8.0,2.5,1.0,53.0,10.0
1298.4764188527338,60.0,0.0,9.0,6.0,8.0,2.5,1.0,53.0,10.0
1298.8764188527339,60.0,0.0,9.0,6.0,8.0,2.5,1.0,53.0,10.0
1298.8774188527339,60.0,0.0,9.0,6.0,8.0,2.5,1.0,53.0,10.0
1299.277418852734,60.0,0.0,9.0,6.0,8.0,2.5,1.0,53.0,10.0
1299.278418852734,60.0,0.0,9.0,6.0,8.0,2.5,1.0,53.0,10.0
1299.678418852734,60.0,0.0,9.0,6.0,8.0,2.5,1.0,53.0,10.0
1299.679418852734,60.0,0.0,9.0,6.0,8.0,2.5,1.0,53.0,10.0
1300.079418852734,60.0,0.0,9.0,6.0,8.0,2.5,1.0,53.0,10.0
1300.080418852734,60.0,0.0,9.0,6.0,8.0,2.5,1.0,53.0,10.0
1300.4804188527341,60.0,0.0,9.0,6.0,8.0,2.5,1.0,53.0,10.0
1300.4814188527341,60.0,0.0,9.0,6.0,8.0,2.5,1.0,53.0,10.0
1300.8814188527342,60.0,0.0,9.0,6.0,8.0,2.5,1.0,53.0,10.0
1300.8824188527342,60.0,0.0,9.0,6.0,8.0,2.5,1.0,53.0,10.0
1301.2824188527343,60.0,0.0,9.0,6.0,8.0,2.5,1.0,53.0,10.0
1301.2834188527343,60.0,0.0,9.0,6.0,8.0,2.5,1.0,53.0,10.0
1301.6834188527343,60.0,0.0,9.0,6.0,8.0,2.5,1.0,53.0,10.0
1301.6844188527343,60.0,0.0,9.0,6.0,8.0,2.5,1.0,53.0,10.0
1302.0844188527344,60.0,0.0,9.0,6.0,8.0,2.5,1.0,53.0,10.0
1302.0854188527344,60.0,0.0,9.0,6.0,8.0,2.5,1.0,53.0,10.0
1302.4854188527345,60.0,0.0,9.0,6.0,8.0,2.5,1.0,53.0,10.0
1302.4864188527345,50.0,0.0,9.0,6.0,8.0,2.5,1.0,53.0,10.0
1302.8864188527346,50.0,0.0,9.0,6.0,8.0,2.5,1.0,53.0,10.0
1302.8874188527345,50.0,0.0,9.0,6.0,8.0,2.5,1.0,53.0,10.0
1303.2874188527346,50.0,0.0,9.0,6.0,8.0,2.5,1.0,53.0,10.0
1303.2884188527346,50.0,0.0,9.0,6.0,8.0,2.5,1.0,53.0,10.0
1303.6884188527347,50.0,0.0,9.0,6.0,8.0,2.5,1.0,53.0,10.0
1303.6894188527347,50.0,0.0,9.0,6.0,8.0,2.5,1.0,53.0,10.0
1304.0894188527348,50.0,0.0,9.0,6.0,8.0,2.5,1.0,53.0,10.0
1304.0904188527347,50.0,0.0,9.0,6.0,8.0,2.5,1.0,53.0,10.0
1304.4904188527348,50.0,0.0,9.0,6.0,8.0,2.5,1.0,53.0,10.0
1304.4914188527348,50.0,0.0,9.0,6.0,8.0,2.5,1.0,53.0,10.0
1304.891418852735,50.0,0.0,9.0,6.0,8.0,2.5,1.0,53.0,10.0
1304.8924188527349,50.0,0.0,9.0,6.0,8.0,2.5,1.0,53.0,10.0
1305.292418852735,50.0,0.0,9.0,6.0,8.0,2.5,1.0,53.0,10.0
1305.293418852735,50.0,0.0,9.0,6.0,8.0,2.5,1.0,53.0,10.0
1305.693418852735,50.0,0.0,9.0,6.0,8.0,2.5,1.0,53.0,10.0
1305.694418852735,50.0,0.0,9.0,6.0,8.0,2.5,1.0,53.0,10.0
1306.094418852735,50.0,0.0,9.0,6.0,8.0,2.5,1.0,53.0,10.0
1306.095418852735,50.0,0.0,9.0,6.0,8.0,2.5,1.0,53.0,10.0
1306.4954188527352,50.0,0.0,9.0,6.0,8.0,2.5,1.0,53.0,10.0
1306.4964188527351,50.0,0.0,9.0,6.0,8.0,2.5,1.0,53.0,10.0
1306.8964188527352,50.0,0.0,9.0,6.0,8.0,2.5,1.0,53.0,10.0
1306.8974188527352,50.0,0.0,9.0,6.0,8.0,2.5,1.0,53.0,10.0
1307.2974188527353,50.0,0.0,9.0,6.0,8.0,2.5,1.0,53.0,10.0
1307.2984188527353,50.0,0.0,9.0,6.0,8.0,2.5,1.0,53.0,10.0
1307.6984188527354,50.0,0.0,9.0,6.0,8.0,2.5,1.0,53.0,10.0
1307.6994188527353,50.0,0.0,9.0,6.0,8.0,2.5,1.0,53.0,10.0
1308.0994188527354,50.0,0.0,9.0,6.0,8.0,2.5,1.0,53.0,10.0
1308.1004188527354,50.0,0.0,9.0,6.0,8.0,2.5,1.0,53.0,10.0
1308.5004188527355,50.0,0.0,9.0,6.0,8.0,2.5,1.0,53.0,10.0
1308.5014188527355,50.0,0.0,9.0,6.0,8.0,2.5,1.0,53.0,10.0
1308.9014188527356,50.0,0.0,9.0,6.0,8.0,2.5,1.0,53.0,10.0
1308.9024188527355,50.0,0.0,9.0,6.0,8.0,2.5,1.0,53.0,10.0
1309.3024188527356,50.0,0.0,9.0,6.0,8.0,2.5,1.0,53.0,10.0
1309.3034188527356,50.0,0.0,9.0,6.0,8.0,2.5,1.0,53.0,10.0
1309.7034188527357,50.0,0.0,9.0,6.0,8.0,2.5,1.0,53.0,10.0
1309.7044188527357,50.0,0.0,9.0,6.0,8.0,2.5,1.0,53.0,10.0
1310.1044188527358,50.0,0.0,9.0,6.0,8.0,2.5,1.0,53.0,10.0
1310.1054188527357,50.0,0.0,9.0,6.0,8.0,2.5,1.0,53.0,10.0
1310.5054188527358,50.0,0.0,9.0,6.0,8.0,2.5,1.0,53.0,10.0
1310.5064188527358,50.0,0.0,9.0,6.0,8.0,2.5,1.0,53.0,10.0
1310.906418852736,50.0,0.0,9.0,6.0,8.0,2.5,1.0,53.0,10.0
1310.9074188527359,50.0,0.0,9.0,6.0,8.0,2.5,1.0,53.0,10.0
1311.307418852736,50.0,0.0,9.0,6.0,8.0,2.5,1.0,53.0,10.0
1311.308418852736,50.0,0.0,9.0,6.0,8.0,2.5,1.0,53.0,10.0
1311.708418852736,50.0,0.0,9.0,6.0,8.0,2.5,1.0,53.0,10.0
1311.709418852736,50.0,0.0,9.0,6.0,8.0,2.5,1.0,53.0,10.0
1312.109418852736,50.0,0.0,9.0,6.0,8.0,2.5,1.0,53.0,10.0
1312.110418852736,50.0,0.0,9.0,6.0,8.0,2.5,1.0,53.0,10.0
1312.5104188527362,50.0,0.0,9.0,6.0,8.0,2.5,1.0,53.0,10.0
1312.5114188527361,50.0,0.0,9.0,6.0,8.0,2.5,1.0,53.0,10.0
1312.9114188527362,50.0,0.0,9.0,6.0,8.0,2.5,1.0,53.0,10.0
1312.9124188527362,50.0,0.0,9.0,6.0,8.0,2.5,1.0,53.0,10.0
1313.3124188527363,50.0,0.0,9.0,6.0,8.0,2.5,1.0,53.0,10.0
1313.3134188527363,60.0,0.0,9.0,6.0,8.0,2.5,1.0,53.0,10.0
1313.7134188527364,60.0,0.0,9.0,6.0,8.0,2.5,1.0,53.0,10.0
1313.7144188527363,60.0,0.0,9.0,6.0,8.0,2.5,1.0,53.0,10.0
1314.1144188527364,60.0,0.0,9.0,6.0,8.0,2.5,1.0,53.0,10.0
1314.1154188527364,60.0,0.0,9.0,6.0,8.0,2.5,1.0,53.0,10.0
1314.5154188527365,60.0,0.0,9.0,6.0,8.0,2.5,1.0,53.0,10.0
1314.5164188527365,60.0,0.0,9.0,6.0,8.0,2.5,1.0,53.0,10.0
1314.9164188527366,60.0,0.0,9.0,6.0,8.0,2.5,1.0,53.0,10.0
1314.9174188527365,60.0,0.0,9.0,6.0,8.0,2.5,1.0,53.0,10.0
1315.3174188527366,60.0,0.0,9.0,6.0,8.0,2.5,1.0,53.0,10.0
1315.3184188527366,60.0,0.0,9.0,6.0,8.0,2.5,1.0,53.0,10.0
1315.7184188527367,60.0,0.0,9.0,6.0,8.0,2.5,1.0,53.0,10.0
1315.7194188527367,60.0,0.0,9.0,6.0,8.0,2.5,1.0,53.0,10.0
1316.1194188527368,60.0,0.0,9.0,6.0,8.0,2.5,1.0,53.0,10.0
1316.1204188527367,60.0,0.0,9.0,6.0,8.0,2.5,1.0,53.0,10.0
1316.5204188527368,60.0,0.0,9.0,6.0,8.0,2.5,1.0,53.0,10.0
1316.5214188527368,60.0,0.0,9.0,6.0,8.0,2.5,1.0,53.0,10.0
1316.921418852737,60.0,0.0,9.0,6.0,8.0,2.5,1.0,53.0,10.0
1316.9224188527369,60.0,0.0,9.0,6.0,8.0,2.5,1.0,53.0,10.0
1317.322418852737,60.0,0.0,9.0,6.0,8.0,2.5,1.0,53.0,10.0
1317.323418852737,60.0,0.0,9.0,6.0,8.0,2.5,1.0,53.0,10.0
1317.723418852737,60.0,0.0,9.0,6.0,8.0,2.5,1.0,53.0,10.0
1317.724418852737,60.0,0.0,9.0,6.0,8.0,2.5,1.0,53.0,10.0
1318.124418852737,60.0,0.0,9.0,6.0,8.0,2.5,1.0,53.0,10.0
1318.125418852737,60.0,0.0,9.0,6.0,8.0,2.5,1.0,53.0,10.0
1318.5254188527372,60.0,0.0,9.0,6.0,8.0,2.5,1.0,53.0,10.0
1318.5264188527372,60.0,0.0,9.0,6.0,8.0,2.5,1.0,53.0,10.0
1318.9264188527372,60.0,0.0,9.0,6.0,8.0,2.5,1.0,53.0,10.0
1318.9274188527372,60.0,0.0,9.0,6.0,8.0,2.5,1.0,53.0,10.0
1319.3274188527373,60.0,0.0,9.0,6.0,8.0,2.5,1.0,53.0,10.0
1319.3284188527373,60.0,0.0,9.0,6.0,8.0,2.5,1.0,53.0,10.0
1319.7284188527374,60.0,0.0,9.0,6.0,8.0,2.5,1.0,53.0,10.0
1319.7294188527374,60.0,0.0,9.0,6.0,8.0,2.5,1.0,53.0,10.0
1320.1294188527374,60.0,0.0,9.0,6.0,8.0,2.5,1.0,53.0,10.0
1320.1304188527374,60.0,0.0,9.0,6.0,8.0,2.5,1.0,53.0,10.0
1320.5304188527375,60.0,0.0,9.0,6.0,8.0,2.5,1.0,53.0,10.0
1320.5314188527375,60.0,0.0,9.0,6.0,8.0,2.5,1.0,53.0,10.0
1320.9314188527376,60.0,0.0,9.0,6.0,8.0,2.5,1.0,53.0,10.0
1320.9324188527376,60.0,0.0,9.0,6.0,8.0,2.5,1.0,53.0,10.0
1321.3324188527376,60.0,0.0,9.0,6.0,8.0,2.5,1.0,53.0,10.0
1321.3334188527376,60.0,0.0,9.0,6.0,8.0,2.5,1.0,53.0,10.0
1321.7334188527377,60.0,0.0,9.0,6.0,8.0,2.5,1.0,53.0,10.0
1321.7344188527377,60.0,0.0,9.0,6.0,8.0,2.5,1.0,53.0,10.0
1322.1344188527378,60.0,0.0,9.0,6.0,8.0,2.5,1.0,53.0,10.0
1322.1354188527378,60.0,0.0,9.0,6.0,8.0,2.5,1.0,53.0,10.0
1322.5354188527378,60.0,0.0,9.0,6.0,8.0,2.5,1.0,53.0,10.0
1322.5364188527378,60.0,0.0,9.0,6.0,8.0,2.5,1.0,53.0,10.0
1322.936418852738,60.0,0.0,9.0,6.0,8.0,2.5,1.0,53.0,10.0
1322.937418852738,60.0,0.0,9.0,6.0,8.0,2.5,1.0,53.0,10.0
1323.337418852738,60.0,0.0,9.0,6.0,8.0,2.5,1.0,53.0,10.0
1323.338418852738,60.0,0.0,9.0,6.0,8.0,2.5,1.0,53.0,10.0
1323.738418852738,60.0,0.0,9.0,6.0,8.0,2.5,1.0,53.0,10.0
1323.739418852738,60.0,0.0,9.0,6.0,8.0,2.5,1.0,53.0,10.0
1324.1394188527381,60.0,0.0,9.0,6.0,8.0,2.5,1.0,53.0,10.0
1324.140418852738,60.0,0.0,9.0,6.0,8.0,2.5,1.0,53.0,10.0
1324.5404188527382,60.0,0.0,9.0,6.0,8.0,2.5,1.0,53.0,10.0
1324.5414188527382,70.0,0.0,9.0,6.0,8.0,2.5,1.0,53.0,10.0
1324.9414188527383,70.0,0.0,9.0,6.0,8.0,2.5,1.0,53.0,10.0
1324.9422759955953,60.0,0.0,9.0,6.0,8.0,2.5,1.0,53.0,10.0
1325.3422759955954,60.0,0.0,9.0,6.0,8.0,2.5,1.0,53.0,10.0
1325.3432759955954,60.0,0.0,9.0,6.0,8.0,2.5,1.0,53.0,10.0
1325.7432759955955,60.0,0.0,9.0,6.0,8.0,2.5,1.0,53.0,10.0
1325.7442759955954,60.0,0.0,9.0,6.0,8.0,2.5,1.0,53.0,10.0
1326.1442759955955,60.0,0.0,9.0,6.0,8.0,2.5,1.0,53.0,10.0
1326.1452759955955,60.0,0.0,9.0,6.0,8.0,2.5,1.0,53.0,10.0
1326.5452759955956,60.0,0.0,9.0,6.0,8.0,2.5,1.0,53.0,10.0
1326.5462759955956,60.0,0.0,9.0,6.0,8.0,2.5,1.0,53.0,10.0
1326.9462759955957,60.0,0.0,9.0,6.0,8.0,2.5,1.0,53.0,10.0
1326.9472759955956,70.0,0.0,9.0,6.0,8.0,2.5,1.0,53.0,10.0
1327.3472759955957,70.0,0.0,9.0,6.0,8.0,2.5,1.0,53.0,10.0
1327.3481331384528,70.0,0.0,9.0,6.0,8.0,2.5,1.0,53.0,10.0
1327.7481331384529,70.0,0.0,9.0,6.0,8.0,2.5,1.0,53.0,10.0
1327.74899028131,70.0,0.0,9.0,6.0,8.0,2.5,1.0,53.0,10.0
1328.14899028131,70.0,0.0,9.0,6.0,8.0,2.5,1.0,53.0,10.0
1328.149847424167,70.0,0.0,9.0,6.0,8.0,2.5,1.0,53.0,10.0
1328.5498474241672,70.0,0.0,9.0,6.0,8.0,2.5,1.0,53.0,10.0
1328.5507045670242,70.0,0.0,9.0,6.0,8.0,2.5,1.0,53.0,10.0
1328.9507045670243,70.0,0.0,9.0,6.0,8.0,2.5,1.0,53.0,10.0
1328.9515617098814,70.0,0.0,9.0,6.0,8.0,2.5,1.0,53.0,10.0
1329.3515617098815,70.0,0.0,9.0,6.0,8.0,2.5,1.0,53.0,10.0
1329.3524188527385,80.0,0.0,9.0,6.0,8.0,2.5,1.0,53.0,10.0
1329.7524188527386,80.0,0.0,9.0,6.0,8.0,2.5,1.0,53.0,10.0
1329.7531688527386,80.0,0.0,9.0,6.0,8.0,2.5,1.0,53.0,10.0
1330.1531688527386,80.0,0.0,9.0,6.0,8.0,2.5,1.0,53.0,10.0
1330.1539188527386,80.0,0.0,9.0,6.0,8.0,2.5,1.0,53.0,10.0
1330.5539188527387,80.0,0.0,9.0,6.0,8.0,2.5,1.0,53.0,10.0
1330.5546688527386,80.0,0.0,9.0,6.0,8.0,2.5,1.0,53.0,10.0
1330.9546688527387,80.0,0.0,9.0,6.0,8.0,2.5,1.0,53.0,10.0
1330.9554188527386,80.0,0.0,9.0,6.0,8.0,2.5,1.0,53.0,10.0
1331.3554188527387,80.0,0.0,9.0,6.0,8.0,2.5,1.0,53.0,10.0
1331.3561688527386,90.0,0.0,9.0,6.0,8.0,2.5,1.0,53.0,10.0
1331.7561688527387,90.0,0.0,9.0,6.0,8.0,2.5,1.0,53.0,10.0
1331.7568355194053,90.0,0.0,9.0,6.0,8.0,2.5,1.0,53.0,10.0
1332.1568355194054,90.0,0.0,9.0,6.0,8.0,2.5,1.0,53.0,10.0
1332.157502186072,90.0,0.0,9.0,6.0,8.0,2.5,1.0,53.0,10.0
1332.557502186072,90.0,0.0,9.0,6.0,8.0,2.5,1.0,53.0,10.0
1332.5581688527386,90.0,0.0,9.0,6.0,8.0,2.5,1.0,53.0,10.0
1332.9581688527387,90.0,0.0,9.0,6.0,8.0,2.5,1.0,53.0,10.0
1332.9588355194053,90.0,0.0,9.0,6.0,8.0,2.5,1.0,53.0,10.0
1333.3588355194054,90.0,0.0,9.0,6.0,8.0,2.5,1.0,53.0,10.0
1333.359502186072,90.0,0.0,9.0,6.0,8.0,2.5,1.0,53.0,10.0
1333.759502186072,90.0,0.0,9.0,6.0,8.0,2.5,1.0,53.0,10.0
1333.7601688527386,90.0,0.0,9.0,6.0,8.0,2.5,1.0,53.0,10.0
1334.1601688527387,90.0,0.0,9.0,6.0,8.0,2.5,1.0,53.0,10.0
1334.1608355194053,80.0,0.0,9.0,6.0,8.0,2.5,1.0,53.0,10.0
1334.5608355194054,80.0,0.0,9.0,6.0,8.0,2.5,1.0,53.0,10.0
1334.5615855194053,80.0,0.0,9.0,6.0,8.0,2.5,1.0,53.0,10.0
1334.9615855194054,80.0,0.0,9.0,6.0,8.0,2.5,1.0,53.0,10.0
1334.9623355194053,80.0,0.0,9.0,6.0,8.0,2.5,1.0,53.0,10.0
1335.3623355194054,80.0,0.0,9.0,6.0,8.0,2.5,1.0,53.0,10.0
1335.3630855194053,80.0,0.0,9.0,6.0,8.0,2.5,1.0,53.0,10.0
1335.7630855194054,80.0,0.0,9.0,6.0,8.0,2.5,1.0,53.0,10.0
1335.7638355194053,80.0,0.0,9.0,6.0,8.0,2.5,1.0,53.0,10.0
1336.1638355194054,80.0,0.0,9.0,6.0,8.0,2.5,1.0,53.0,10.0
1336.1645855194054,80.0,0.0,9.0,6.0,8.0,2.5,1.0,53.0,10.0
1336.5645855194055,80.0,0.0,9.0,6.0,8.0,2.5,1.0,53.0,10.0
1336.5653355194054,80.0,0.0,9.0,6.0,8.0,2.5,1.0,53.0,10.0
1336.9653355194055,80.0,0.0,9.0,6.0,8.0,2.5,1.0,53.0,10.0
1336.9660855194054,80.0,0.0,9.0,6.0,8.0,2.5,1.0,53.0,10.0
1337.3660855194055,80.0,0.0,9.0,6.0,8.0,2.5,1.0,53.0,10.0
1337.3668355194054,80.0,0.0,9.0,6.0,8.0,2.5,1.0,53.0,10.0
1337.7668355194055,80.0,0.0,9.0,6.0,8.0,2.5,1.0,53.0,10.0
1337.7675855194054,80.0,0.0,9.0,6.0,8.0,2.5,1.0,53.0,10.0
1338.1675855194055,80.0,0.0,9.0,6.0,8.0,2.5,1.0,53.0,10.0
1338.1683355194054,80.0,0.0,9.0,6.0,8.0,2.5,1.0,53.0,10.0
1338.5683355194055,80.0,0.0,9.0,6.0,8.0,2.5,1.0,53.0,10.0
1338.5690855194055,80.0,0.0,9.0,6.0,8.0,2.5,1.0,53.0,10.0
1338.9690855194056,80.0,0.0,9.0,6.0,8.0,2.5,1.0,53.0,10.0
1338.9698355194055,80.0,0.0,9.0,6.0,8.0,2.5,1.0,53.0,10.0
1339.3698355194056,80.0,0.0,9.0,6.0,8.0,2.5,1.0,53.0,10.0
1339.3705855194055,80.0,0.0,9.0,6.0,8.0,2.5,1.0,53.0,10.0
1339.7705855194056,80.0,0.0,9.0,6.0,8.0,2.5,1.0,53.0,10.0
1339.7713355194055,80.0,0.0,9.0,6.0,8.0,2.5,1.0,53.0,10.0
1340.1713355194056,80.0,0.0,9.0,6.0,8.0,2.5,1.0,53.0,10.0
1340.1720855194055,80.0,0.0,9.0,6.0,8.0,2.5,1.0,53.0,10.0
1340.5720855194056,80.0,0.0,9.0,6.0,8.0,2.5,1.0,53.0,10.0
1340.5728355194055,80.0,0.0,9.0,6.0,8.0,2.5,1.0,53.0,10.0
1340.9728355194056,80.0,0.0,9.0,6.0,8.0,2.5,1.0,53.0,10.0
1340.9735855194056,80.0,0.0,9.0,6.0,8.0,2.5,1.0,53.0,10.0
1341.3735855194057,80.0,0.0,9.0,6.0,8.0,2.5,1.0,53.0,10.0
1341.3743355194056,80.0,0.0,9.0,6.0,8.0,2.5,1.0,53.0,10.0
1341.7743355194057,80.0,0.0,9.0,6.0,8.0,2.5,1.0,53.0,10.0
1341.7750855194056,80.0,0.0,9.0,6.0,8.0,2.5,1.0,53.0,10.0
1342.1750855194057,80.0,0.0,9.0,6.0,8.0,2.5,1.0,53.0,10.0
1342.1758355194056,80.0,0.0,9.0,6.0,8.0,2.5,1.0,53.0,10.0
1342.5758355194057,80.0,0.0,9.0,6.0,8.0,2.5,1.0,53.0,10.0
1342.5765855194056,80.0,0.0,9.0,6.0,8.0,2.5,1.0,53.0,10.0
1342.9765855194057,80.0,0.0,9.0,6.0,8.0,2.5,1.0,53.0,10.0
1342.9773355194056,80.0,0.0,9.0,6.0,8.0,2.5,1.0,53.0,10.0
1343.3773355194057,80.0,0.0,9.0,6.0,8.0,2.5,1.0,53.0,10.0
1343.3780855194057,80.0,0.0,9.0,6.0,8.0,2.5,1.0,53.0,10.0
1343.7780855194057,80.0,0.0,9.0,6.0,8.0,2.5,1.0,53.0,10.0
1343.7788355194057,70.0,0.0,9.0,6.0,8.0,2.5,1.0,53.0,10.0
1344.1788355194058,70.0,0.0,9.0,6.0,8.0,2.5,1.0,53.0,10.0
1344.1796926622628,70.0,0.0,9.0,6.0,8.0,2.5,1.0,53.0,10.0
1344.579692662263,70.0,0.0,9.0,6.0,8.0,2.5,1.0,53.0,10.0
1344.58054980512,70.0,0.0,9.0,6.0,8.0,2.5,1.0,53.0,10.0
1344.98054980512,70.0,0.0,9.0,6.0,8.0,2.5,1.0,53.0,10.0
1344.9814069479771,70.0,0.0,9.0,6.0,8.0,2.5,1.0,53.0,10.0
1345.3814069479772,70.0,0.0,9.0,6.0,8.0,2.5,1.0,53.0,10.0
1345.3822640908343,70.0,0.0,9.0,6.0,8.0,2.5,1.0,53.0,10.0
1345.7822640908344,70.0,0.0,9.0,6.0,8.0,2.5,1.0,53.0,10.0
1345.7831212336914,70.0,0.0,9.0,6.0,8.0,2.5,1.0,53.0,10.0
1346.1831212336915,70.0,0.0,9.0,6.0,8.0,2.5,1.0,53.0,10.0
1346.1839783765486,70.0,0.0,9.0,6.0,8.0,2.5,1.0,53.0,10.0
1346.5839783765487,70.0,0.0,9.0,6.0,8.0,2.5,1.0,53.0,10.0
1346.5848355194057,70.0,0.0,9.0,6.0,8.0,2.5,1.0,53.0,10.0
1346.9848355194058,70.0,0.0,9.0,6.0,8.0,2.5,1.0,53.0,10.0
1346.9856926622629,70.0,0.0,9.0,6.0,8.0,2.5,1.0,53.0,10.0
1347.385692662263,70.0,0.0,9.0,6.0,8.0,2.5,1.0,53.0,10.0
1347.38654980512,70.0,0.0,9.0,6.0,8.0,2.5,1.0,53.0,10.0
1347.78654980512,70.0,0.0,9.0,6.0,8.0,2.5,1.0,53.0,10.0
1347.7874069479772,70.0,0.0,9.0,6.0,8.0,2.5,1.0,53.0,10.0
1348.1874069479773,70.0,0.0,9.0,6.0,8.0,2.5,1.0,53.0,10.0
1348.1882640908343,70.0,0.0,9.0,6.0,8.0,2.5,1.0,53.0,10.0
1348.5882640908344,70.0,0.0,9.0,6.0,8.0,2.5,1.0,53.0,10.0
1348.5891212336915,70.0,0.0,9.0,6.0,8.0,2.5,1.0,53.0,10.0
1348.9891212336915,70.0,0.0,9.0,6.0,8.0,2.5,1.0,53.0,10.0
1348.9899783765486,70.0,0.0,9.0,6.0,8.0,2.5,1.0,53.0,10.0
1349.3899783765487,70.0,0.0,9.0,6.0,8.0,2.5,1.0,53.0,10.0
1349.3908355194058,70.0,0.0,9.0,6.0,8.0,2.5,1.0,53.0,10.0
1349.7908355194058,70.0,0.0,9.0,6.0,8.0,2.5,1.0,53.0,10.0
1349.791692662263,70.0,0.0,9.0,6.0,8.0,2.5,1.0,53.0,10.0
1350.191692662263,70.0,0.0,9.0,6.0,8.0,2.5,1.0,53.0,10.0
1350.19254980512,70.0,0.0,9.0,6.0,8.0,2.5,1.0,53.0,10.0
1350.5925498051201,70.0,0.0,9.0,6.0,8.0,2.5,1.0,53.0,10.0
1350.5934069479772,70.0,0.0,9.0,6.0,8.0,2.5,1.0,53.0,10.0
1350.9934069479773,70.0,0.0,9.0,6.0,8.0,2.5,1.0,53.0,10.0
1350.9942640908343,70.0,0.0,9.0,6.0,8.0,2.5,1.0,53.0,10.0
1351.3942640908344,70.0,0.0,9.0,6.0,8.0,2.5,1.0,53.0,10.0
1351.3951212336915,80.0,0.0,9.0,6.0,8.0,2.5,1.0,53.0,10.0
1351.7951212336916,80.0,0.0,9.0,6.0,8.0,2.5,1.0,53.0,10.0
1351.7958712336915,80.0,0.0,9.0,6.0,8.0,2.5,1.0,53.0,10.0
1352.1958712336916,80.0,0.0,9.0,6.0,8.0,2.5,1.0,53.0,10.0
1352.1966212336915,80.0,0.0,9.0,6.0,8.0,2.5,1.0,53.0,10.0
1352.5966212336916,80.0,0.0,9.0,6.0,8.0,2.5,1.0,53.0,10.0
1352.5973712336915,80.0,0.0,9.0,6.0,8.0,2.5,1.0,53.0,10.0
1352.9973712336916,80.0,0.0,9.0,6.0,8.0,2.5,1.0,53.0,10.0
1352.9981212336916,80.0,0.0,9.0,6.0,8.0,2.5,1.0,53.0,10.0
1353.3981212336917,80.0,0.0,9.0,6.0,8.0,2.5,1.0,53.0,10.0
1353.3988712336916,80.0,0.0,9.0,6.0,8.0,2.5,1.0,53.0,10.0
1353.7988712336917,80.0,0.0,9.0,6.0,8.0,2.5,1.0,53.0,10.0
1353.7996212336916,80.0,0.0,9.0,6.0,8.0,2.5,1.0,53.0,10.0
1354.1996212336917,80.0,0.0,9.0,6.0,8.0,2.5,1.0,53.0,10.0
1354.2003712336916,80.0,0.0,9.0,6.0,8.0,2.5,1.0,53.0,10.0
1354.6003712336917,80.0,0.0,9.0,6.0,8.0,2.5,1.0,53.0,10.0
1354.6011212336916,80.0,0.0,9.0,6.0,8.0,2.5,1.0,53.0,10.0
1355.0011212336917,80.0,0.0,9.0,6.0,8.0,2.5,1.0,53.0,10.0
1355.0018712336916,80.0,0.0,9.0,6.0,8.0,2.5,1.0,53.0,10.0
1355.4018712336917,80.0,0.0,9.0,6.0,8.0,2.5,1.0,53.0,10.0
1355.4026212336917,80.0,0.0,9.0,6.0,8.0,2.5,1.0,53.0,10.0
1355.8026212336918,80.0,0.0,9.0,6.0,8.0,2.5,1.0,53.0,10.0
1355.8033712336917,90.0,0.0,9.0,6.0,8.0,2.5,1.0,53.0,10.0
1356.2033712336918,90.0,0.0,9.0,6.0,8.0,2.5,1.0,53.0,10.0
1356.2040379003583,90.0,0.0,9.0,6.0,8.0,2.5,1.0,53.0,10.0
1356.6040379003584,90.0,0.0,9.0,6.0,8.0,2.5,1.0,53.0,10.0
1356.604704567025,90.0,0.0,9.0,6.0,8.0,2.5,1.0,53.0,10.0
1357.004704567025,90.0,0.0,9.0,6.0,8.0,2.5,1.0,53.0,10.0
1357.0053712336917,90.0,0.0,9.0,6.0,8.0,2.5,1.0,53.0,10.0
1357.4053712336918,90.0,0.0,9.0,6.0,8.0,2.5,1.0,53.0,10.0
1357.4060379003583,90.0,0.0,9.0,6.0,8.0,2.5,1.0,53.0,10.0
1357.8060379003584,90.0,0.0,9.0,6.0,8.0,2.5,1.0,53.0,10.0
1357.806704567025,90.0,0.0,9.0,6.0,8.0,2.5,1.0,53.0,10.0
1358.206704567025,90.0,0.0,9.0,6.0,8.0,2.5,1.0,53.0,10.0
1358.2073712336917,90.0,0.0,9.0,6.0,8.0,2.5,1.0,53.0,10.0
1358.6073712336918,90.0,0.0,9.0,6.0,8.0,2.5,1.0,53.0,10.0
1358.6080379003583,90.0,0.0,9.0,6.0,8.0,2.5,1.0,53.0,10.0
1359.0080379003584,90.0,0.0,9.0,6.0,8.0,2.5,1.0,53.0,10.0
1359.008704567025,90.0,0.0,9.0,6.0,8.0,2.5,1.0,53.0,10.0
1359.408704567025,90.0,0.0,9.0,6.0,8.0,2.5,1.0,53.0,10.0
1359.4093712336917,90.0,0.0,9.0,6.0,8.0,2.5,1.0,53.0,10.0
1359.8093712336918,90.0,0.0,9.0,6.0,8.0,2.5,1.0,53.0,10.0
1359.8100379003583,90.0,0.0,9.0,6.0,8.0,2.5,1.0,53.0,10.0
1360.2100379003584,90.0,0.0,9.0,6.0,8.0,2.5,1.0,53.0,10.0
1360.210704567025,90.0,0.0,9.0,6.0,8.0,2.5,1.0,53.0,10.0
1360.610704567025,90.0,0.0,9.0,6.0,8.0,2.5,1.0,53.0,10.0
1360.6113712336917,90.0,0.0,9.0,6.0,8.0,2.5,1.0,53.0,10.0
1361.0113712336918,90.0,0.0,9.0,6.0,8.0,2.5,1.0,53.0,10.0
1361.0120379003583,90.0,0.0,9.0,6.0,8.0,2.5,1.0,53.0,10.0
1361.4120379003584,90.0,0.0,9.0,6.0,8.0,2.5,1.0,53.0,10.0
1361.412704567025,90.0,0.0,9.0,6.0,8.0,2.5,1.0,53.0,10.0
1361.812704567025,90.0,0.0,9.0,6.0,8.0,2.5,1.0,53.0,10.0
1361.8133712336917,90.0,0.0,9.0,6.0,8.0,2.5,1.0,53.0,10.0
1362.2133712336918,90.0,0.0,9.0,6.0,8.0,2.5,1.0,53.0,10.0
1362.2140379003583,90.0,0.0,9.0,6.0,8.0,2.5,1.0,53.0,10.0
1362.6140379003584,90.0,0.0,9.0,6.0,8.0,2.5,1.0,53.0,10.0
1362.614704567025,90.0,0.0,9.0,6.0,8.0,2.5,1.0,53.0,10.0
1363.014704567025,90.0,0.0,9.0,6.0,8.0,2.5,1.0,53.0,10.0
1363.0153712336917,90.0,0.0,9.0,6.0,8.0,2.5,1.0,53.0,10.0
1363.4153712336918,90.0,0.0,9.0,6.0,8.0,2.5,1.0,53.0,10.0
1363.4160379003583,90.0,0.0,9.0,6.0,8.0,2.5,1.0,53.0,10.0
1363.8160379003584,90.0,0.0,9.0,6.0,8.0,2.5,1.0,53.0,10.0
1363.816704567025,90.0,0.0,9.0,6.0,8.0,2.5,1.0,53.0,10.0
1364.216704567025,90.0,0.0,9.0,6.0,8.0,2.5,1.0,53.0,10.0
1364.2173712336917,90.0,0.0,9.0,6.0,8.0,2.5,1.0,53.0,10.0
1364.6173712336918,90.0,0.0,9.0,6.0,8.0,2.5,1.0,53.0,10.0
1364.6180379003583,90.0,0.0,9.0,6.0,8.0,2.5,1.0,53.0,10.0
1365.0180379003584,90.0,0.0,9.0,6.0,8.0,2.5,1.0,53.0,10.0
1365.018704567025,90.0,0.0,9.0,6.0,8.0,2.5,1.0,53.0,10.0
1365.418704567025,90.0,0.0,9.0,6.0,8.0,2.5,1.0,53.0,10.0
1365.4193712336917,90.0,0.0,9.0,6.0,8.0,2.5,1.0,53.0,10.0
1365.8193712336918,90.0,0.0,9.0,6.0,8.0,2.5,1.0,53.0,10.0
1365.8200379003583,90.0,0.0,9.0,6.0,8.0,2.5,1.0,53.0,10.0
1366.2200379003584,90.0,0.0,9.0,6.0,8.0,2.5,1.0,53.0,10.0
1366.220704567025,90.0,0.0,9.0,6.0,8.0,2.5,1.0,53.0,10.0
1366.620704567025,90.0,0.0,9.0,6.0,8.0,2.5,1.0,53.0,10.0
1366.6213712336917,90.0,0.0,9.0,6.0,8.0,2.5,1.0,53.0,10.0
1367.0213712336918,90.0,0.0,9.0,6.0,8.0,2.5,1.0,53.0,10.0
1367.0220379003583,90.0,0.0,9.0,6.0,8.0,0.5,1.0,54.0,10.0
1367.4220379003584,90.0,0.0,9.0,6.0,8.0,0.5,1.0,54.0,10.0
1367.422704567025,90.0,0.0,9.0,6.0,8.0,0.5,1.0,54.0,10.0
1367.822704567025,90.0,0.0,9.0,6.0,8.0,0.5,1.0,54.0,10.0
1367.8233712336917,90.0,0.0,9.0,6.0,8.0,0.5,1.0,54.0,10.0
1368.2233712336918,90.0,0.0,9.0,6.0,8.0,0.5,1.0,54.0,10.0
1368.2240379003583,90.0,0.0,9.0,6.0,8.0,0.5,1.0,54.0,10.0
1368.6240379003584,90.0,0.0,9.0,6.0,8.0,0.5,1.0,54.0,10.0
1368.624704567025,90.0,0.0,9.0,6.0,8.0,0.5,1.0,54.0,10.0
1369.024704567025,90.0,0.0,9.0,6.0,8.0,0.5,1.0,54.0,10.0
1369.0253712336917,90.0,0.0,9.0,6.0,8.0,0.5,1.0,54.0,10.0
1369.4253712336917,90.0,0.0,9.0,6.0,8.0,0.5,1.0,54.0,10.0
1369.4260379003583,90.0,0.0,9.0,6.0,8.0,0.5,1.0,54.0,10.0
1369.8260379003584,90.0,0.0,9.0,6.0,8.0,0.5,1.0,54.0,10.0
1369.826704567025,90.0,0.0,9.0,6.0,8.0,0.5,1.0,54.0,10.0
1370.226704567025,90.0,0.0,9.0,6.0,8.0,0.5,1.0,54.0,10.0
1370.2273712336917,90.0,0.0,9.0,6.0,8.0,0.5,1.0,54.0,10.0
1370.6273712336917,90.0,0.0,9.0,6.0,8.0,0.5,1.0,54.0,10.0
1370.6280379003583,90.0,0.0,9.0,6.0,8.0,0.5,1.0,54.0,10.0
1371.0280379003584,90.0,0.0,9.0,6.0,8.0,0.5,1.0,54.0,10.0
1371.028704567025,90.0,0.0,9.0,6.0,8.0,0.5,1.0,54.0,10.0
1371.428704567025,90.0,0.0,9.0,6.0,8.0,0.5,1.0,54.0,10.0
1371.4293712336917,90.0,0.0,9.0,6.0,8.0,0.5,1.0,54.0,10.0
1371.8293712336917,90.0,0.0,9.0,6.0,8.0,0.5,1.0,54.0,10.0
1371.8300379003583,90.0,0.0,9.0,6.0,8.0,0.5,1.0,54.0,10.0
1372.2300379003584,90.0,0.0,9.0,6.0,8.0,0.5,1.0,54.0,10.0
1372.230704567025,90.0,0.0,9.0,6.0,8.0,0.5,1.0,54.0,10.0
1372.630704567025,90.0,0.0,9.0,6.0,8.0,0.5,1.0,54.0,10.0
1372.6313712336917,90.0,0.0,9.0,6.0,8.0,0.5,1.0,54.0,10.0
1373.0313712336917,90.0,0.0,9.0,6.0,8.0,0.5,1.0,54.0,10.0
1373.0320379003583,90.0,0.0,9.0,6.0,8.0,0.5,1.0,54.0,10.0
1373.4320379003584,90.0,0.0,9.0,6.0,8.0,0.5,1.0,54.0,10.0
1373.432704567025,90.0,0.0,9.0,6.0,8.0,0.5,1.0,54.0,10.0
1373.832704567025,90.0,0.0,9.0,6.0,8.0,0.5,1.0,54.0,10.0
1373.8333712336917,90.0,0.0,9.0,6.0,8.0,0.5,1.0,54.0,10.0
1374.2333712336917,90.0,0.0,9.0,6.0,8.0,0.5,1.0,54.0,10.0
1374.2340379003583,90.0,0.0,9.0,6.0,8.0,0.5,1.0,54.0,10.0
1374.6340379003584,90.0,0.0,9.0,6.0,8.0,0.5,1.0,54.0,10.0
1374.634704567025,90.0,0.0,9.0,6.0,8.0,0.5,1.0,54.0,10.0
1375.034704567025,90.0,0.0,9.0,6.0,8.0,0.5,1.0,54.0,10.0
1375.0353712336916,90.0,0.0,9.0,6.0,8.0,0.5,1.0,54.0,10.0
1375.4353712336917,90.0,0.0,9.0,6.0,8.0,0.5,1.0,54.0,10.0
1375.4360379003583,90.0,0.0,9.0,6.0,8.0,0.5,1.0,54.0,10.0
1375.8360379003584,90.0,0.0,9.0,6.0,8.0,0.5,1.0,54.0,10.0
1375.836704567025,90.0,0.0,9.0,6.0,8.0,0.5,1.0,54.0,10.0
1376.236704567025,90.0,0.0,9.0,6.0,8.0,0.5,1.0,54.0,10.0
1376.2373712336916,90.0,0.0,9.0,6.0,8.0,0.5,1.0,54.0,10.0
1376.6373712336917,90.0,0.0,9.0,6.0,8.0,0.5,1.0,54.0,10.0
1376.6380379003583,90.0,0.0,9.0,6.0,8.0,0.5,1.0,54.0,10.0
1377.0380379003584,90.0,0.0,9.0,6.0,8.0,0.5,1.0,54.0,10.0
1377.038704567025,90.0,0.0,9.0,6.0,8.0,0.5,1.0,54.0,10.0
1377.438704567025,90.0,0.0,9.0,6.0,8.0,0.5,1.0,54.0,10.0
1377.4393712336916,90.0,0.0,9.0,6.0,8.0,0.5,1.0,54.0,10.0
1377.8393712336917,90.0,0.0,9.0,6.0,8.0,0.5,1.0,54.0,10.0
1377.8400379003583,90.0,0.0,9.0,6.0,8.0,0.5,1.0,54.0,10.0
1378.2400379003584,90.0,0.0,9.0,6.0,8.0,0.5,1.0,54.0,10.0
1378.240704567025,90.0,0.0,9.0,6.0,8.0,0.5,1.0,54.0,10.0
1378.640704567025,90.0,0.0,9.0,6.0,8.0,0.5,1.0,54.0,10.0
1378.6413712336916,90.0,0.0,9.0,6.0,8.0,0.5,1.0,54.0,10.0
1379.0413712336917,90.0,0.0,9.0,6.0,8.0,0.5,1.0,54.0,10.0
1379.0420379003583,80.0,0.0,9.0,6.0,8.0,0.5,1.0,54.0,10.0
1379.4420379003584,80.0,0.0,9.0,6.0,8.0,0.5,1.0,54.0,10.0
1379.4427879003583,80.0,0.0,9.0,6.0,8.0,0.5,1.0,54.0,10.0
1379.8427879003584,80.0,0.0,9.0,6.0,8.0,0.5,1.0,54.0,10.0
1379.8435379003583,80.0,0.0,9.0,6.0,8.0,0.5,1.0,54.0,10.0
1380.2435379003584,80.0,0.0,9.0,6.0,8.0,0.5,1.0,54.0,10.0
1380.2442879003584,80.0,0.0,9.0,6.0,8.0,0.5,1.0,54.0,10.0
1380.6442879003584,80.0,0.0,9.0,6.0,8.0,0.5,1.0,54.0,10.0
1380.6450379003584,80.0,0.0,9.0,6.0,8.0,0.5,1.0,54.0,10.0
1381.0450379003585,80.0,0.0,9.0,6.0,8.0,0.5,1.0,54.0,10.0
1381.0457879003584,80.0,0.0,9.0,6.0,8.0,0.5,1.0,54.0,10.0
1381.4457879003585,80.0,0.0,9.0,6.0,8.0,0.5,1.0,54.0,10.0
1381.4465379003584,80.0,0.0,9.0,6.0,8.0,0.5,1.0,54.0,10.0
1381.8465379003585,80.0,0.0,9.0,6.0,8.0,0.5,1.0,54.0,10.0
1381.8472879003584,80.0,0.0,9.0,6.0,8.0,0.5,1.0,54.0,10.0
1382.2472879003585,80.0,0.0,9.0,6.0,8.0,0.5,1.0,54.0,10.0
1382.2480379003584,80.0,0.0,9.0,6.0,8.0,0.5,1.0,54.0,10.0
1382.6480379003585,80.0,0.0,9.0,6.0,8.0,0.5,1.0,54.0,10.0
1382.6487879003585,80.0,0.0,9.0,6.0,8.0,0.5,1.0,54.0,10.0
1383.0487879003585,80.0,0.0,9.0,6.0,8.0,0.5,1.0,54.0,10.0
1383.0495379003585,80.0,0.0,9.0,6.0,8.0,0.5,1.0,54.0,10.0
1383.4495379003586,80.0,0.0,9.0,6.0,8.0,0.5,1.0,54.0,10.0
1383.4502879003585,80.0,0.0,9.0,6.0,8.0,0.5,1.0,54.0,10.0
1383.8502879003586,80.0,0.0,9.0,6.0,8.0,0.5,1.0,54.0,10.0
1383.8510379003585,80.0,0.0,9.0,6.0,8.0,0.5,1.0,54.0,10.0
1384.2510379003586,80.0,0.0,9.0,6.0,8.0,0.5,1.0,54.0,10.0
1384.2517879003585,80.0,0.0,9.0,6.0,8.0,0.5,1.0,54.0,10.0
1384.6517879003586,80.0,0.0,9.0,6.0,8.0,0.5,1.0,54.0,10.0
1384.6525379003585,80.0,0.0,9.0,6.0,8.0,0.5,1.0,54.0,10.0
1385.0525379003586,80.0,0.0,9.0,6.0,8.0,0.5,1.0,54.0,10.0
1385.0532879003586,80.0,0.0,9.0,6.0,8.0,0.5,1.0,54.0,10.0
1385.4532879003586,80.0,0.0,9.0,6.0,8.0,0.5,1.0,54.0,10.0
1385.4540379003586,80.0,0.0,9.0,6.0,8.0,0.5,1.0,54.0,10.0
1385.8540379003587,80.0,0.0,9.0,6.0,8.0,0.5,1.0,54.0,10.0
1385.8547879003586,80.0,0.0,9.0,6.0,8.0,0.5,1.0,54.0,10.0
1386.2547879003587,80.0,0.0,9.0,6.0,8.0,0.5,1.0,54.0,10.0
1386.2555379003586,80.0,0.0,9.0,6.0,8.0,0.5,1.0,54.0,10.0
1386.6555379003587,80.0,0.0,9.0,6.0,8.0,0.5,1.0,54.0,10.0
1386.6562879003586,80.0,0.0,9.0,6.0,8.0,0.5,1.0,54.0,10.0
1387.0562879003587,80.0,0.0,9.0,6.0,8.0,0.5,1.0,54.0,10.0
1387.0570379003586,80.0,0.0,9.0,6.0,8.0,0.5,1.0,54.0,10.0
1387.4570379003587,80.0,0.0,9.0,6.0,8.0,0.5,1.0,54.0,10.0
1387.4577879003587,80.0,0.0,9.0,6.0,8.0,0.5,1.0,54.0,10.0
1387.8577879003587,80.0,0.0,9.0,6.0,8.0,0.5,1.0,54.0,10.0
1387.8585379003587,80.0,0.0,9.0,6.0,8.0,0.5,1.0,54.0,10.0
1388.2585379003588,80.0,0.0,9.0,6.0,8.0,0.5,1.0,54.0,10.0
1388.2592879003587,80.0,0.0,9.0,6.0,8.0,0.5,1.0,54.0,10.0
1388.6592879003588,80.0,0.0,9.0,6.0,8.0,0.5,1.0,54.0,10.0
1388.6600379003587,80.0,0.0,9.0,6.0,8.0,0.5,1.0,54.0,10.0
1389.0600379003588,80.0,0.0,9.0,6.0,8.0,0.5,1.0,54.0,10.0
1389.0607879003587,80.0,0.0,9.0,6.0,8.0,0.5,1.0,54.0,10.0
1389.4607879003588,80.0,0.0,9.0,6.0,8.0,0.5,1.0,54.0,10.0
1389.4615379003587,80.0,0.0,9.0,6.0,8.0,0.5,1.0,54.0,10.0
1389.8615379003588,80.0,0.0,9.0,6.0,8.0,0.5,1.0,54.0,10.0
1389.8622879003588,80.0,0.0,9.0,6.0,8.0,0.5,1.0,54.0,10.0
1390.2622879003588,80.0,0.0,9.0,6.0,8.0,0.5,1.0,54.0,10.0
1390.2630379003588,80.0,0.0,9.0,6.0,8.0,0.5,1.0,54.0,10.0
1390.6630379003589,80.0,0.0,9.0,6.0,8.0,0.5,1.0,54.0,10.0
1390.6637879003588,80.0,0.0,9.0,6.0,8.0,0.5,1.0,54.0,10.0
1391.0637879003589,80.0,0.0,9.0,6.0,8.0,0.5,1.0,54.0,10.0
1391.0645379003588,80.0,0.0,9.0,6.0,8.0,0.5,1.0,54.0,10.0
1391.464537900359,80.0,0.0,9.0,6.0,8.0,0.5,1.0,54.0,10.0
1391.4652879003588,80.0,0.0,9.0,6.0,8.0,0.5,1.0,54.0,10.0
1391.865287900359,80.0,0.0,9.0,6.0,8.0,0.5,1.0,54.0,10.0
1391.8660379003588,70.0,0.0,9.0,6.0,8.0,0.5,1.0,54.0,10.0
1392.266037900359,70.0,0.0,9.0,6.0,8.0,0.5,1.0,54.0,10.0
1392.266895043216,70.0,0.0,9.0,6.0,8.0,0.5,1.0,54.0,10.0
1392.666895043216,70.0,0.0,9.0,6.0,8.0,0.5,1.0,54.0,10.0
1392.6677521860731,70.0,0.0,9.0,6.0,8.0,0.5,1.0,54.0,10.0
1393.0677521860732,70.0,0.0,9.0,6.0,8.0,0.5,1.0,54.0,10.0
1393.0686093289303,70.0,0.0,9.0,6.0,8.0,0.5,1.0,54.0,10.0
1393.4686093289304,70.0,0.0,9.0,6.0,8.0,0.5,1.0,54.0,10.0
1393.4694664717874,70.0,0.0,9.0,6.0,8.0,0.5,1.0,54.0,10.0
1393.8694664717875,70.0,0.0,9.0,6.0,8.0,0.5,1.0,54.0,10.0
1393.8703236146446,70.0,0.0,9.0,6.0,8.0,0.5,1.0,54.0,10.0
1394.2703236146447,70.0,0.0,9.0,6.0,8.0,0.5,1.0,54.0,10.0
1394.2711807575017,70.0,0.0,9.0,6.0,8.0,0.5,1.0,54.0,10.0
1394.6711807575018,70.0,0.0,9.0,6.0,8.0,0.5,1.0,54.0,10.0
1394.6720379003589,70.0,0.0,9.0,6.0,8.0,0.5,1.0,54.0,10.0
1395.072037900359,70.0,0.0,9.0,6.0,8.0,0.5,1.0,54.0,10.0
1395.072895043216,70.0,0.0,9.0,6.0,8.0,0.5,1.0,54.0,10.0
1395.472895043216,70.0,0.0,9.0,6.0,8.0,0.5,1.0,54.0,10.0
1395.4737521860732,70.0,0.0,9.0,6.0,8.0,0.5,1.0,54.0,10.0
1395.8737521860733,70.0,0.0,9.0,6.0,8.0,0.5,1.0,54.0,10.0
1395.8746093289303,70.0,0.0,9.0,6.0,8.0,0.5,1.0,54.0,10.0
1396.2746093289304,70.0,0.0,9.0,6.0,8.0,0.5,1.0,54.0,10.0
1396.2754664717875,70.0,0.0,9.0,6.0,8.0,0.5,1.0,54.0,10.0
1396.6754664717876,70.0,0.0,9.0,6.0,8.0,0.5,1.0,54.0,10.0
1396.6763236146446,70.0,0.0,9.0,6.0,8.0,0.5,1.0,54.0,10.0
1397.0763236146447,70.0,0.0,9.0,6.0,8.0,0.5,1.0,54.0,10.0
1397.0771807575018,70.0,0.0,9.0,6.0,8.0,0.5,1.0,54.0,10.0
1397.4771807575019,70.0,0.0,9.0,6.0,8.0,0.5,1.0,54.0,10.0
1397.478037900359,70.0,0.0,9.0,6.0,8.0,0.5,1.0,54.0,10.0
1397.878037900359,70.0,0.0,9.0,6.0,8.0,0.5,1.0,54.0,10.0
1397.878895043216,70.0,0.0,9.0,6.0,8.0,0.5,1.0,54.0,10.0
1398.2788950432162,70.0,0.0,9.0,6.0,8.0,0.5,1.0,54.0,10.0
1398.2797521860732,70.0,0.0,9.0,6.0,8.0,0.5,1.0,54.0,10.0
1398.6797521860733,70.0,0.0,9.0,6.0,8.0,0.5,1.0,54.0,10.0
1398.6806093289304,70.0,0.0,9.0,6.0,8.0,0.5,1.0,54.0,10.0
1399.0806093289304,70.0,0.0,9.0,6.0,8.0,0.5,1.0,54.0,10.0
1399.0814664717875,70.0,0.0,9.0,6.0,8.0,0.5,1.0,54.0,10.0
1399.4814664717876,70.0,0.0,9.0,6.0,8.0,0.5,1.0,54.0,10.0
1399.4823236146447,70.0,0.0,9.0,6.0,8.0,0.5,1.0,54.0,10.0
1399.8823236146447,70.0,0.0,9.0,6.0,8.0,0.5,1.0,54.0,10.0
1399.8831807575018,70.0,0.0,9.0,6.0,8.0,0.5,1.0,54.0,10.0
1400.283180757502,70.0,0.0,9.0,6.0,8.0,0.5,1.0,54.0,10.0
1400.284037900359,70.0,0.0,9.0,6.0,8.0,0.5,1.0,54.0,10.0
1400.684037900359,70.0,0.0,9.0,6.0,8.0,0.5,1.0,54.0,10.0
1400.684895043216,70.0,0.0,9.0,6.0,8.0,0.5,1.0,54.0,10.0
1401.0848950432162,70.0,0.0,9.0,6.0,8.0,0.5,1.0,54.0,10.0
1401.0857521860733,70.0,0.0,9.0,6.0,8.0,0.5,1.0,54.0,10.0
1401.4857521860733,70.0,0.0,9.0,6.0,8.0,0.5,1.0,54.0,10.0
1401.4866093289304,70.0,0.0,9.0,6.0,8.0,0.5,1.0,54.0,10.0
1401.8866093289305,70.0,0.0,9.0,6.0,8.0,0.5,1.0,54.0,10.0
1401.8874664717875,70.0,0.0,9.0,6.0,8.0,0.5,1.0,54.0,10.0
1402.2874664717876,70.0,0.0,9.0,6.0,8.0,0.5,1.0,54.0,10.0
1402.2883236146447,70.0,0.0,9.0,6.0,8.0,0.5,1.0,54.0,10.0
1402.6883236146448,70.0,0.0,9.0,6.0,8.0,0.5,1.0,54.0,10.0
1402.6891807575018,70.0,0.0,9.0,6.0,8.0,0.5,1.0,54.0,10.0
1403.089180757502,70.0,0.0,9.0,6.0,8.0,0.5,1.0,54.0,10.0
1403.090037900359,70.0,0.0,9.0,6.0,8.0,0.5,1.0,54.0,10.0
1403.490037900359,70.0,0.0,9.0,6.0,8.0,0.5,1.0,54.0,10.0
1403.4908950432161,70.0,0.0,9.0,6.0,8.0,0.5,1.0,54.0,10.0
1403.8908950432162,70.0,0.0,9.0,6.0,8.0,0.5,1.0,54.0,10.0
1403.8917521860733,70.0,0.0,9.0,6.0,8.0,0.5,1.0,54.0,10.0
1404.2917521860734,70.0,0.0,9.0,6.0,8.0,0.5,1.0,54.0,10.0
1404.2926093289304,70.0,0.0,9.0,6.0,8.0,0.5,1.0,54.0,10.0
1404.6926093289305,70.0,0.0,9.0,6.0,8.0,0.5,1.0,54.0,10.0
1404.6934664717876,70.0,0.0,9.0,6.0,8.0,0.5,1.0,54.0,10.0
1405.0934664717877,70.0,0.0,9.0,6.0,8.0,0.5,1.0,54.0,10.0
1405.0943236146447,70.0,0.0,9.0,6.0,8.0,0.5,1.0,54.0,10.0
1405.4943236146448,70.0,0.0,9.0,6.0,8.0,0.5,1.0,54.0,10.0
1405.4951807575019,70.0,0.0,9.0,6.0,8.0,0.5,1.0,54.0,10.0
1405.895180757502,70.0,0.0,9.0,6.0,8.0,0.5,1.0,54.0,10.0
1405.896037900359,60.0,0.0,9.0,6.0,8.0,0.5,1.0,54.0,10.0
1406.2960379003591,60.0,0.0,9.0,6.0,8.0,0.5,1.0,54.0,10.0
1406.297037900359,60.0,0.0,9.0,6.0,8.0,0.5,1.0,54.0,10.0
1406.6970379003592,60.0,0.0,9.0,6.0,8.0,0.5,1.0,54.0,10.0
1406.6980379003592,60.0,0.0,9.0,6.0,8.0,0.5,1.0,54.0,10.0
1407.0980379003593,60.0,0.0,9.0,6.0,8.0,0.5,1.0,54.0,10.0
1407.0990379003592,60.0,0.0,9.0,6.0,8.0,0.5,1.0,54.0,10.0
1407.4990379003593,60.0,0.0,9.0,6.0,8.0,0.5,1.0,54.0,10.0
1407.5000379003593,60.0,0.0,9.0,6.0,8.0,0.5,1.0,54.0,10.0
1407.9000379003594,60.0,0.0,9.0,6.0,8.0,0.5,1.0,54.0,10.0
1407.9010379003594,70.0,0.0,9.0,6.0,8.0,0.5,1.0,54.0,10.0
1408.3010379003595,70.0,0.0,9.0,6.0,8.0,0.5,1.0,54.0,10.0
1408.3018950432165,70.0,0.0,9.0,6.0,8.0,0.5,1.0,54.0,10.0
1408.7018950432166,70.0,0.0,9.0,6.0,8.0,0.5,1.0,54.0,10.0
1408.7027521860737,70.0,0.0,9.0,6.0,8.0,0.5,1.0,54.0,10.0
1409.1027521860738,70.0,0.0,9.0,6.0,8.0,0.5,1.0,54.0,10.0
1409.1036093289308,70.0,0.0,9.0,6.0,8.0,0.5,1.0,54.0,10.0
1409.503609328931,70.0,0.0,9.0,6.0,8.0,0.5,1.0,54.0,10.0
1409.504466471788,70.0,0.0,9.0,6.0,8.0,0.5,1.0,54.0,10.0
1409.904466471788,70.0,0.0,9.0,6.0,8.0,0.5,1.0,54.0,10.0
1409.905323614645,70.0,0.0,9.0,6.0,8.0,0.5,1.0,54.0,10.0
1410.3053236146452,70.0,0.0,9.0,6.0,8.0,0.5,1.0,54.0,10.0
1410.3061807575023,70.0,0.0,9.0,6.0,8.0,0.5,1.0,54.0,10.0
1410.7061807575024,70.0,0.0,9.0,6.0,8.0,0.5,1.0,54.0,10.0
1410.7070379003594,70.0,0.0,9.0,6.0,8.0,0.5,1.0,54.0,10.0
1411.1070379003595,70.0,0.0,9.0,6.0,8.0,0.5,1.0,54.0,10.0
1411.1078950432166,70.0,0.0,9.0,6.0,8.0,0.5,1.0,54.0,10.0
1411.5078950432166,70.0,0.0,9.0,6.0,8.0,0.5,1.0,54.0,10.0
1411.5087521860737,70.0,0.0,9.0,6.0,8.0,0.5,1.0,54.0,10.0
1411.9087521860738,70.0,0.0,9.0,6.0,8.0,0.5,1.0,54.0,10.0
1411.9096093289309,70.0,0.0,9.0,6.0,8.0,0.5,1.0,54.0,10.0
1412.309609328931,70.0,0.0,9.0,6.0,8.0,0.5,1.0,54.0,10.0
1412.310466471788,70.0,0.0,9.0,6.0,8.0,0.5,1.0,54.0,10.0
1412.710466471788,70.0,0.0,9.0,6.0,8.0,0.5,1.0,54.0,10.0
1412.7113236146452,70.0,0.0,9.0,6.0,8.0,0.5,1.0,54.0,10.0
1413.1113236146452,70.0,0.0,9.0,6.0,8.0,0.5,1.0,54.0,10.0
1413.1121807575023,70.0,0.0,9.0,6.0,8.0,0.5,1.0,54.0,10.0
1413.5121807575024,70.0,0.0,9.0,6.0,8.0,0.5,1.0,54.0,10.0
1413.5130379003594,60.0,0.0,9.0,6.0,8.0,0.5,1.0,54.0,10.0
1413.9130379003595,60.0,0.0,9.0,6.0,8.0,0.5,1.0,54.0,10.0
1413.9140379003595,60.0,0.0,9.0,6.0,8.0,0.5,1.0,54.0,10.0
1414.3140379003596,60.0,0.0,9.0,6.0,8.0,0.5,1.0,54.0,10.0
1414.3150379003596,60.0,0.0,9.0,6.0,8.0,0.5,1.0,54.0,10.0
1414.7150379003597,60.0,0.0,9.0,6.0,8.0,0.5,1.0,54.0,10.0
1414.7160379003597,60.0,0.0,9.0,6.0,8.0,0.5,1.0,54.0,10.0
1415.1160379003597,60.0,0.0,9.0,6.0,8.0,0.5,1.0,54.0,10.0
1415.1170379003597,60.0,0.0,9.0,6.0,8.0,0.5,1.0,54.0,10.0
1415.5170379003598,60.0,0.0,9.0,6.0,8.0,0.5,1.0,54.0,10.0
1415.5180379003598,60.0,0.0,9.0,6.0,8.0,0.5,1.0,54.0,10.0
1415.9180379003599,60.0,0.0,9.0,6.0,8.0,0.5,1.0,54.0,10.0
1415.9190379003599,60.0,0.0,9.0,6.0,8.0,0.5,1.0,54.0,10.0
1416.31903790036,60.0,0.0,9.0,6.0,8.0,0.5,1.0,54.0,10.0
1416.32003790036,70.0,0.0,9.0,6.0,8.0,0.5,1.0,54.0,10.0
1416.72003790036,70.0,0.0,9.0,6.0,8.0,0.5,1.0,54.0,10.0
1416.720895043217,70.0,0.0,9.0,6.0,8.0,0.5,1.0,54.0,10.0
1417.1208950432172,70.0,0.0,9.0,6.0,8.0,0.5,1.0,54.0,10.0
1417.1217521860742,70.0,0.0,9.0,6.0,8.0,0.5,1.0,54.0,10.0
1417.5217521860743,70.0,0.0,9.0,6.0,8.0,0.5,1.0,54.0,10.0
1417.5226093289314,70.0,0.0,9.0,6.0,8.0,0.5,1.0,54.0,10.0
1417.9226093289315,70.0,0.0,9.0,6.0,8.0,0.5,1.0,54.0,10.0
1417.9234664717885,70.0,0.0,9.0,6.0,8.0,0.5,1.0,54.0,10.0
1418.3234664717886,70.0,0.0,9.0,6.0,8.0,0.5,1.0,54.0,10.0
1418.3243236146457,70.0,0.0,9.0,6.0,8.0,0.5,1.0,54.0,10.0
1418.7243236146458,70.0,0.0,9.0,6.0,8.0,0.5,1.0,54.0,10.0
1418.7251807575028,70.0,0.0,9.0,6.0,8.0,0.5,1.0,54.0,10.0
1419.125180757503,70.0,0.0,9.0,6.0,8.0,0.5,1.0,54.0,10.0
1419.12603790036,70.0,0.0,9.0,6.0,8.0,0.5,1.0,54.0,10.0
1419.52603790036,70.0,0.0,9.0,6.0,8.0,0.5,1.0,54.0,10.0
1419.526895043217,70.0,0.0,9.0,6.0,8.0,0.5,1.0,54.0,10.0
1419.9268950432172,70.0,0.0,9.0,6.0,8.0,0.5,1.0,54.0,10.0
1419.9277521860743,70.0,0.0,9.0,6.0,8.0,0.5,1.0,54.0,10.0
1420.3277521860743,70.0,0.0,9.0,6.0,8.0,0.5,1.0,54.0,10.0
1420.3286093289314,70.0,0.0,9.0,6.0,8.0,0.5,1.0,54.0,10.0
1420.7286093289315,70.0,0.0,9.0,6.0,8.0,0.5,1.0,54.0,10.0
1420.7294664717886,60.0,0.0,9.0,6.0,8.0,0.5,1.0,54.0,10.0
1421.1294664717886,60.0,0.0,9.0,6.0,8.0,0.5,1.0,54.0,10.0
1421.1304664717886,60.0,0.0,9.0,6.0,8.0,0.5,1.0,54.0,10.0
1421.5304664717887,60.0,0.0,9.0,6.0,8.0,0.5,1.0,54.0,10.0
1421.5314664717887,60.0,0.0,9.0,6.0,8.0,0.5,1.0,54.0,10.0
1421.9314664717888,60.0,0.0,9.0,6.0,8.0,0.5,1.0,54.0,10.0
1421.9324664717888,60.0,0.0,9.0,6.0,8.0,0.5,1.0,54.0,10.0
1422.3324664717888,60.0,0.0,9.0,6.0,8.0,0.5,1.0,54.0,10.0
1422.3334664717888,60.0,0.0,9.0,6.0,8.0,0.5,1.0,54.0,10.0
1422.733466471789,60.0,0.0,9.0,6.0,8.0,0.5,1.0,54.0,10.0
1422.734466471789,60.0,0.0,9.0,6.0,8.0,0.5,1.0,54.0,10.0
1423.134466471789,60.0,0.0,9.0,6.0,8.0,0.5,1.0,54.0,10.0
1423.135466471789,60.0,0.0,9.0,6.0,8.0,0.5,1.0,54.0,10.0
1423.535466471789,60.0,0.0,9.0,6.0,8.0,0.5,1.0,54.0,10.0
1423.536466471789,60.0,0.0,9.0,6.0,8.0,0.5,1.0,54.0,10.0
1423.9364664717891,60.0,0.0,9.0,6.0,8.0,0.5,1.0,54.0,10.0
1423.937466471789,60.0,0.0,9.0,6.0,8.0,0.5,1.0,54.0,10.0
1424.3374664717892,60.0,0.0,9.0,6.0,8.0,0.5,1.0,54.0,10.0
1424.3384664717892,60.0,0.0,9.0,6.0,8.0,0.5,1.0,54.0,10.0
1424.7384664717893,60.0,0.0,9.0,6.0,8.0,0.5,1.0,54.0,10.0
1424.7394664717892,70.0,0.0,9.0,6.0,8.0,0.5,1.0,54.0,10.0
1425.1394664717893,70.0,0.0,9.0,6.0,8.0,0.5,1.0,54.0,10.0
1425.1403236146464,70.0,0.0,9.0,6.0,8.0,0.5,1.0,54.0,10.0
1425.5403236146465,70.0,0.0,9.0,6.0,8.0,0.5,1.0,54.0,10.0
1425.5411807575035,70.0,0.0,9.0,6.0,8.0,0.5,1.0,54.0,10.0
1425.9411807575036,70.0,0.0,9.0,6.0,8.0,0.5,1.0,54.0,10.0
1425.9420379003607,70.0,0.0,9.0,6.0,8.0,0.5,1.0,54.0,10.0
1426.3420379003608,70.0,0.0,9.0,6.0,8.0,0.5,1.0,54.0,10.0
1426.3428950432178,70.0,0.0,9.0,6.0,8.0,0.5,1.0,54.0,10.0
1426.742895043218,70.0,0.0,9.0,6.0,8.0,0.5,1.0,54.0,10.0
1426.743752186075,70.0,0.0,9.0,6.0,8.0,0.5,1.0,54.0,10.0
1427.143752186075,70.0,0.0,9.0,6.0,8.0,0.5,1.0,54.0,10.0
1427.1446093289321,70.0,0.0,9.0,6.0,8.0,0.5,1.0,54.0,10.0
1427.5446093289322,70.0,0.0,9.0,6.0,8.0,0.5,1.0,54.0,10.0
1427.5454664717893,70.0,0.0,9.0,6.0,8.0,0.5,1.0,54.0,10.0
1427.9454664717894,70.0,0.0,9.0,6.0,8.0,0.5,1.0,54.0,10.0
1427.9463236146464,70.0,0.0,9.0,6.0,8.0,0.5,1.0,54.0,10.0
1428.3463236146465,70.0,0.0,9.0,6.0,8.0,0.5,1.0,54.0,10.0
1428.3471807575036,70.0,0.0,9.0,6.0,8.0,0.5,1.0,54.0,10.0
1428.7471807575037,70.0,0.0,9.0,6.0,8.0,0.5,1.0,54.0,10.0
1428.7480379003607,70.0,0.0,9.0,6.0,8.0,0.5,1.0,54.0,10.0
1429.1480379003608,70.0,0.0,9.0,6.0,8.0,0.5,1.0,54.0,10.0
1429.1488950432179,70.0,0.0,9.0,6.0,8.0,0.5,1.0,54.0,10.0
1429.548895043218,70.0,0.0,9.0,6.0,8.0,0.5,1.0,54.0,10.0
1429.549752186075,70.0,0.0,9.0,6.0,8.0,0.5,1.0,54.0,10.0
1429.949752186075,70.0,0.0,9.0,6.0,8.0,0.5,1.0,54.0,10.0
1429.9506093289322,70.0,0.0,9.0,6.0,8.0,0.5,1.0,54.0,10.0
1430.3506093289323,70.0,0.0,9.0,6.0,8.0,0.5,1.0,54.0,10.0
1430.3514664717893,70.0,0.0,9.0,6.0,8.0,0.5,1.0,54.0,10.0
1430.7514664717894,70.0,0.0,9.0,6.0,8.0,0.5,1.0,54.0,10.0
1430.7523236146465,70.0,0.0,9.0,6.0,8.0,0.5,1.0,54.0,10.0
1431.1523236146465,70.0,0.0,9.0,6.0,8.0,0.5,1.0,54.0,10.0
1431.1531807575036,70.0,0.0,9.0,6.0,8.0,0.5,1.0,54.0,10.0
1431.5531807575037,70.0,0.0,9.0,6.0,8.0,0.5,1.0,54.0,10.0
1431.5540379003608,70.0,0.0,9.0,6.0,8.0,0.5,1.0,54.0,10.0
1431.9540379003608,70.0,0.0,9.0,6.0,8.0,0.5,1.0,54.0,10.0
1431.954895043218,70.0,0.0,9.0,6.0,8.0,0.5,1.0,54.0,10.0
1432.354895043218,70.0,0.0,9.0,6.0,8.0,0.5,1.0,54.0,10.0
1432.355752186075,70.0,0.0,9.0,6.0,8.0,0.5,1.0,54.0,10.0
1432.7557521860751,70.0,0.0,9.0,6.0,8.0,0.5,1.0,54.0,10.0
1432.7566093289322,70.0,0.0,9.0,6.0,8.0,0.5,1.0,54.0,10.0
1433.1566093289323,70.0,0.0,9.0,6.0,8.0,0.5,1.0,54.0,10.0
1433.1574664717893,70.0,0.0,9.0,6.0,8.0,5.5,1.0,54.0,10.0
1433.5574664717894,70.0,0.0,9.0,6.0,8.0,5.5,1.0,54.0,10.0
1433.5583236146465,70.0,0.0,9.0,6.0,8.0,5.5,1.0,54.0,10.0
1433.9583236146466,70.0,0.0,9.0,6.0,8.0,5.5,1.0,54.0,10.0
1433.9591807575036,70.0,0.0,9.0,6.0,8.0,5.5,1.0,54.0,10.0
1434.3591807575037,70.0,0.0,9.0,6.0,8.0,5.5,1.0,54.0,10.0
1434.3600379003608,70.0,0.0,9.0,6.0,8.0,5.5,1.0,54.0,10.0
1434.7600379003609,70.0,0.0,9.0,6.0,8.0,5.5,1.0,54.0,10.0
1434.760895043218,70.0,0.0,9.0,6.0,8.0,5.5,1.0,54.0,10.0
1435.160895043218,70.0,0.0,9.0,6.0,8.0,5.5,1.0,54.0,10.0
1435.161752186075,70.0,0.0,9.0,6.0,8.0,5.5,1.0,54.0,10.0
1435.5617521860752,70.0,0.0,9.0,6.0,8.0,5.5,1.0,54.0,10.0
1435.5626093289322,80.0,0.0,9.0,6.0,8.0,5.5,1.0,54.0,10.0
1435.9626093289323,80.0,0.0,9.0,6.0,8.0,5.5,1.0,54.0,10.0
1435.9633593289323,80.0,0.0,9.0,6.0,8.0,5.5,1.0,54.0,10.0
1436.3633593289323,80.0,0.0,9.0,6.0,8.0,5.5,1.0,54.0,10.0
1436.3641093289323,80.0,0.0,9.0,6.0,8.0,5.5,1.0,54.0,10.0
1436.7641093289324,80.0,0.0,9.0,6.0,8.0,5.5,1.0,54.0,10.0
1436.7648593289323,80.0,0.0,9.0,6.0,8.0,5.5,1.0,54.0,10.0
1437.1648593289324,80.0,0.0,9.0,6.0,8.0,5.5,1.0,54.0,10.0
1437.1656093289323,80.0,0.0,9.0,6.0,8.0,5.5,1.0,54.0,10.0
1437.5656093289324,80.0,0.0,9.0,6.0,8.0,5.5,1.0,54.0,10.0
1437.5663593289323,80.0,0.0,9.0,6.0,8.0,5.5,1.0,54.0,10.0
1437.9663593289324,80.0,0.0,9.0,6.0,8.0,5.5,1.0,54.0,10.0
1437.9671093289323,80.0,0.0,9.0,6.0,8.0,5.5,1.0,54.0,10.0
1438.3671093289324,80.0,0.0,9.0,6.0,8.0,5.5,1.0,54.0,10.0
1438.3678593289324,80.0,0.0,9.0,6.0,8.0,5.5,1.0,54.0,10.0
1438.7678593289324,80.0,0.0,9.0,6.0,8.0,5.5,1.0,54.0,10.0
1438.7686093289324,80.0,0.0,9.0,6.0,8.0,5.5,1.0,54.0,10.0
1439.1686093289325,80.0,0.0,9.0,6.0,8.0,5.5,1.0,54.0,10.0
1439.1693593289324,80.0,0.0,9.0,6.0,8.0,5.5,1.0,54.0,10.0
1439.5693593289325,80.0,0.0,9.0,6.0,8.0,5.5,1.0,54.0,10.0
1439.5701093289324,80.0,0.0,9.0,6.0,8.0,5.5,1.0,54.0,10.0
1439.9701093289325,80.0,0.0,9.0,6.0,8.0,5.5,1.0,54.0,10.0
1439.9708593289324,80.0,0.0,9.0,6.0,8.0,5.5,1.0,54.0,10.0
1440.3708593289325,80.0,0.0,9.0,6.0,8.0,5.5,1.0,54.0,10.0
1440.3716093289324,80.0,0.0,9.0,6.0,8.0,5.5,1.0,54.0,10.0
1440.7716093289325,80.0,0.0,9.0,6.0,8.0,5.5,1.0,54.0,10.0
1440.7723593289325,80.0,0.0,9.0,6.0,8.0,5.5,1.0,54.0,10.0
1441.1723593289325,80.0,0.0,9.0,6.0,8.0,5.5,1.0,54.0,10.0
1441.1731093289325,80.0,0.0,9.0,6.0,8.0,5.5,1.0,54.0,10.0
1441.5731093289326,80.0,0.0,9.0,6.0,8.0,5.5,1.0,54.0,10.0
1441.5738593289325,80.0,0.0,9.0,6.0,8.0,5.5,1.0,54.0,10.0
1441.9738593289326,80.0,0.0,9.0,6.0,8.0,5.5,1.0,54.0,10.0
1441.9746093289325,80.0,0.0,9.0,6.0,8.0,5.5,1.0,54.0,10.0
1442.3746093289326,80.0,0.0,9.0,6.0,8.0,5.5,1.0,54.0,10.0
1442.3753593289325,80.0,0.0,9.0,6.0,8.0,5.5,1.0,54.0,10.0
1442.7753593289326,80.0,0.0,9.0,6.0,8.0,5.5,1.0,54.0,10.0
1442.7761093289325,80.0,0.0,9.0,6.0,8.0,5.5,1.0,54.0,10.0
1443.1761093289326,80.0,0.0,9.0,6.0,8.0,5.5,1.0,54.0,10.0
1443.1768593289326,80.0,0.0,9.0,6.0,8.0,5.5,1.0,54.0,10.0
1443.5768593289326,80.0,0.0,9.0,6.0,8.0,5.5,1.0,54.0,10.0
1443.5776093289326,80.0,0.0,9.0,6.0,8.0,5.5,1.0,54.0,10.0
1443.9776093289327,80.0,0.0,9.0,6.0,8.0,5.5,1.0,54.0,10.0
1443.9783593289326,80.0,0.0,9.0,6.0,8.0,5.5,1.0,54.0,10.0
1444.3783593289327,80.0,0.0,9.0,6.0,8.0,5.5,1.0,54.0,10.0
1444.3791093289326,80.0,0.0,9.0,6.0,8.0,5.5,1.0,54.0,10.0
1444.7791093289327,80.0,0.0,9.0,6.0,8.0,5.5,1.0,54.0,10.0
1444.7798593289326,80.0,0.0,9.0,6.0,8.0,5.5,1.0,54.0,10.0
1445.1798593289327,80.0,0.0,9.0,6.0,8.0,5.5,1.0,54.0,10.0
1445.1806093289326,80.0,0.0,9.0,6.0,8.0,5.5,1.0,54.0,10.0
1445.5806093289327,80.0,0.0,9.0,6.0,8.0,5.5,1.0,54.0,10.0
1445.5813593289326,80.0,0.0,9.0,6.0,8.0,5.5,1.0,54.0,10.0
1445.9813593289327,80.0,0.0,9.0,6.0,8.0,5.5,1.0,54.0,10.0
1445.9821093289327,80.0,0.0,9.0,6.0,8.0,5.5,1.0,54.0,10.0
1446.3821093289328,80.0,0.0,9.0,6.0,8.0,5.5,1.0,54.0,10.0
1446.3828593289327,80.0,0.0,9.0,6.0,8.0,5.5,1.0,54.0,10.0
1446.7828593289328,80.0,0.0,9.0,6.0,8.0,5.5,1.0,54.0,10.0
1446.7836093289327,80.0,0.0,9.0,6.0,8.0,5.5,1.0,54.0,10.0
1447.1836093289328,80.0,0.0,9.0,6.0,8.0,5.5,1.0,54.0,10.0
1447.1843593289327,80.0,0.0,9.0,6.0,8.0,5.5,1.0,54.0,10.0
1447.5843593289328,80.0,0.0,9.0,6.0,8.0,5.5,1.0,54.0,10.0
1447.5851093289327,80.0,0.0,9.0,6.0,8.0,5.5,1.0,54.0,10.0
1447.9851093289328,80.0,0.0,9.0,6.0,8.0,5.5,1.0,54.0,10.0
1447.9858593289327,80.0,0.0,9.0,6.0,8.0,5.5,1.0,54.0,10.0
1448.3858593289328,80.0,0.0,9.0,6.0,8.0,5.5,1.0,54.0,10.0
1448.3866093289328,80.0,0.0,9.0,6.0,8.0,5.5,1.0,54.0,10.0
1448.7866093289329,80.0,0.0,9.0,6.0,8.0,5.5,1.0,54.0,10.0
1448.7873593289328,80.0,0.0,9.0,6.0,8.0,5.5,1.0,54.0,10.0
1449.1873593289329,80.0,0.0,9.0,6.0,8.0,5.5,1.0,54.0,10.0
1449.1881093289328,80.0,0.0,9.0,6.0,8.0,5.5,1.0,54.0,10.0
1449.588109328933,80.0,0.0,9.0,6.0,8.0,5.5,1.0,54.0,10.0
1449.5888593289328,80.0,0.0,9.0,6.0,8.0,5.5,1.0,54.0,10.0
1449.988859328933,80.0,0.0,9.0,6.0,8.0,5.5,1.0,54.0,10.0
1449.9896093289328,80.0,0.0,9.0,6.0,8.0,5.5,1.0,54.0,10.0
1450.389609328933,80.0,0.0,9.0,6.0,8.0,5.5,1.0,54.0,10.0
1450.3903593289328,80.0,0.0,9.0,6.0,8.0,5.5,1.0,54.0,10.0
1450.790359328933,80.0,0.0,9.0,6.0,8.0,5.5,1.0,54.0,10.0
1450.7911093289329,80.0,0.0,9.0,6.0,8.0,5.5,1.0,54.0,10.0
1451.191109328933,80.0,0.0,9.0,6.0,8.0,5.5,1.0,54.0,10.0
1451.1918593289329,80.0,0.0,9.0,6.0,8.0,5.5,1.0,54.0,10.0
1451.591859328933,80.0,0.0,9.0,6.0,8.0,5.5,1.0,54.0,10.0
1451.592609328933,80.0,0.0,9.0,6.0,8.0,5.5,1.0,54.0,10.0
1451.992609328933,80.0,0.0,9.0,6.0,8.0,5.5,1.0,54.0,10.0
1451.993359328933,80.0,0.0,9.0,6.0,8.0,5.5,1.0,54.0,10.0
1452.393359328933,80.0,0.0,9.0,6.0,8.0,5.5,1.0,54.0,10.0
1452.394109328933,80.0,0.0,9.0,6.0,8.0,5.5,1.0,54.0,10.0
1452.794109328933,80.0,0.0,9.0,6.0,8.0,5.5,1.0,54.0,10.0
1452.794859328933,80.0,0.0,9.0,6.0,8.0,5.5,1.0,54.0,10.0
1453.194859328933,80.0,0.0,9.0,6.0,8.0,5.5,1.0,54.0,10.0
1453.195609328933,80.0,0.0,9.0,6.0,8.0,5.5,1.0,54.0,10.0
1453.595609328933,80.0,0.0,9.0,6.0,8.0,5.5,1.0,54.0,10.0
1453.596359328933,80.0,0.0,9.0,6.0,8.0,5.5,1.0,54.0,10.0
1453.996359328933,80.0,0.0,9.0,6.0,8.0,5.5,1.0,54.0,10.0
1453.997109328933,80.0,0.0,9.0,6.0,8.0,5.5,1.0,54.0,10.0
1454.397109328933,80.0,0.0,9.0,6.0,8.0,5.5,1.0,54.0,10.0
1454.397859328933,80.0,0.0,9.0,6.0,8.0,5.5,1.0,54.0,10.0
1454.797859328933,80.0,0.0,9.0,6.0,8.0,5.5,1.0,54.0,10.0
1454.798609328933,80.0,0.0,9.0,6.0,8.0,5.5,1.0,54.0,10.0
1455.1986093289331,80.0,0.0,9.0,6.0,8.0,5.5,1.0,54.0,10.0
1455.199359328933,80.0,0.0,9.0,6.0,8.0,5.5,1.0,54.0,10.0
1455.5993593289331,80.0,0.0,9.0,6.0,8.0,5.5,1.0,54.0,10.0
1455.600109328933,80.0,0.0,9.0,6.0,8.0,5.5,1.0,54.0,10.0
1456.0001093289331,80.0,0.0,9.0,6.0,8.0,5.5,1.0,54.0,10.0
1456.000859328933,80.0,0.0,9.0,6.0,8.0,5.5,1.0,54.0,10.0
1456.4008593289332,80.0,0.0,9.0,6.0,8.0,5.5,1.0,54.0,10.0
1456.401609328933,80.0,0.0,9.0,6.0,8.0,5.5,1.0,54.0,10.0
1456.8016093289332,80.0,0.0,9.0,6.0,8.0,5.5,1.0,54.0,10.0
1456.802359328933,80.0,0.0,9.0,6.0,8.0,5.5,1.0,54.0,10.0
1457.2023593289332,80.0,0.0,9.0,6.0,8.0,5.5,1.0,54.0,10.0
1457.2031093289331,80.0,0.0,9.0,6.0,8.0,5.5,1.0,54.0,10.0
1457.6031093289332,80.0,0.0,9.0,6.0,8.0,5.5,1.0,54.0,10.0
1457.6038593289331,80.0,0.0,9.0,6.0,8.0,5.5,1.0,54.0,10.0
1458.0038593289332,80.0,0.0,9.0,6.0,8.0,5.5,1.0,54.0,10.0
1458.0046093289332,80.0,0.0,9.0,6.0,8.0,5.5,1.0,54.0,10.0
1458.4046093289332,80.0,0.0,9.0,6.0,8.0,5.5,1.0,54.0,10.0
1458.4053593289332,80.0,0.0,9.0,6.0,8.0,5.5,1.0,54.0,10.0
1458.8053593289333,80.0,0.0,9.0,6.0,8.0,5.5,1.0,54.0,10.0
1458.8061093289332,70.0,0.0,9.0,6.0,8.0,5.5,1.0,54.0,10.0
1459.2061093289333,70.0,0.0,9.0,6.0,8.0,5.5,1.0,54.0,10.0
1459.2069664717903,70.0,0.0,9.0,6.0,8.0,5.5,1.0,54.0,10.0
1459.6069664717904,70.0,0.0,9.0,6.0,8.0,5.5,1.0,54.0,10.0
1459.6078236146475,70.0,0.0,9.0,6.0,8.0,5.5,1.0,54.0,10.0
1460.0078236146476,70.0,0.0,9.0,6.0,8.0,5.5,1.0,54.0,10.0
1460.0086807575046,70.0,0.0,9.0,6.0,8.0,5.5,1.0,54.0,10.0
1460.4086807575047,70.0,0.0,9.0,6.0,8.0,5.5,1.0,54.0,10.0
1460.4095379003618,70.0,0.0,9.0,6.0,8.0,5.5,1.0,54.0,10.0
1460.8095379003619,70.0,0.0,9.0,6.0,8.0,5.5,1.0,54.0,10.0
1460.810395043219,70.0,0.0,9.0,6.0,8.0,5.5,1.0,54.0,10.0
1461.210395043219,70.0,0.0,9.0,6.0,8.0,5.5,1.0,54.0,10.0
1461.211252186076,70.0,0.0,9.0,6.0,8.0,5.5,1.0,54.0,10.0
1461.6112521860762,70.0,0.0,9.0,6.0,8.0,5.5,1.0,54.0,10.0
1461.6121093289332,70.0,0.0,9.0,6.0,8.0,5.5,1.0,54.0,10.0
1462.0121093289333,70.0,0.0,9.0,6.0,8.0,5.5,1.0,54.0,10.0
1462.0129664717904,70.0,0.0,9.0,6.0,9.0,5.5,1.0,54.0,10.0
1462.4129664717905,70.0,0.0,9.0,6.0,9.0,5.5,1.0,54.0,10.0
1462.4138236146475,70.0,0.0,9.0,6.0,9.0,5.5,1.0,54.0,10.0
1462.8138236146476,70.0,0.0,9.0,6.0,9.0,5.5,1.0,54.0,10.0
1462.8146807575047,70.0,0.0,9.0,6.0,9.0,5.5,1.0,54.0,10.0
1463.2146807575048,70.0,0.0,9.0,6.0,9.0,5.5,1.0,54.0,10.0
1463.2155379003618,70.0,0.0,9.0,6.0,9.0,5.5,1.0,54.0,10.0
1463.615537900362,70.0,0.0,9.0,6.0,9.0,5.5,1.0,54.0,10.0
1463.616395043219,70.0,0.0,9.0,6.0,9.0,5.5,1.0,54.0,10.0
1464.016395043219,70.0,0.0,9.0,6.0,9.0,5.5,1.0,54.0,10.0
1464.0172521860761,70.0,0.0,9.0,6.0,9.0,5.5,1.0,54.0,10.0
1464.4172521860762,70.0,0.0,9.0,6.0,9.0,5.5,1.0,54.0,10.0
1464.4181093289333,70.0,0.0,9.0,6.0,9.0,5.5,1.0,54.0,10.0
1464.8181093289334,70.0,0.0,9.0,6.0,9.0,5.5,1.0,54.0,10.0
1464.8189664717904,70.0,0.0,9.0,6.0,9.0,5.5,1.0,54.0,10.0
1465.2189664717905,70.0,0.0,9.0,6.0,9.0,5.5,1.0,54.0,10.0
1465.2198236146476,70.0,0.0,9.0,6.0,9.0,5.5,1.0,54.0,10.0
1465.6198236146477,70.0,0.0,9.0,6.0,9.0,5.5,1.0,54.0,10.0
1465.6206807575047,70.0,0.0,9.0,6.0,9.0,5.5,1.0,54.0,10.0
1466.0206807575048,70.0,0.0,9.0,6.0,9.0,5.5,1.0,54.0,10.0
1466.0215379003619,70.0,0.0,9.0,6.0,9.0,5.5,1.0,54.0,10.0
1466.421537900362,70.0,0.0,9.0,6.0,9.0,5.5,1.0,54.0,10.0
1466.422395043219,70.0,0.0,9.0,6.0,9.0,5.5,1.0,54.0,10.0
1466.822395043219,70.0,0.0,9.0,6.0,9.0,5.5,1.0,54.0,10.0
1466.8232521860762,60.0,0.0,9.0,6.0,9.0,5.5,1.0,54.0,10.0
1467.2232521860763,60.0,0.0,9.0,6.0,9.0,5.5,1.0,54.0,10.0
1467.2242521860762,60.0,0.0,9.0,6.0,9.0,5.5,1.0,54.0,10.0
1467.6242521860763,60.0,0.0,9.0,6.0,9.0,5.5,1.0,54.0,10.0
1467.6252521860763,50.0,0.0,9.0,6.0,9.0,5.5,1.0,54.0,10.0
1468.0252521860764,50.0,0.0,9.0,6.0,9.0,5.5,1.0,54.0,10.0
1468.0262521860764,40.0,0.0,9.0,6.0,9.0,5.5,1.0,54.0,10.0
1468.4262521860765,40.0,0.0,9.0,6.0,9.0,5.5,1.0,54.0,10.0
1468.4272521860764,40.0,0.0,9.0,6.0,9.0,5.5,1.0,54.0,10.0
1468.8272521860765,40.0,0.0,9.0,6.0,9.0,5.5,1.0,54.0,10.0
1468.8282521860765,40.0,0.0,9.0,6.0,9.0,5.5,1.0,54.0,10.0
1469.2282521860766,40.0,0.0,9.0,6.0,9.0,5.5,1.0,54.0,10.0
1469.2292521860766,40.0,0.0,9.0,6.0,9.0,5.5,1.0,54.0,10.0
1469.6292521860767,40.0,0.0,9.0,6.0,9.0,5.5,1.0,54.0,10.0
1469.6302521860766,40.0,0.0,9.0,6.0,9.0,5.5,1.0,54.0,10.0
1470.0302521860767,40.0,0.0,9.0,6.0,9.0,5.5,1.0,54.0,10.0
1470.0312521860767,30.0,0.0,9.0,6.0,9.0,5.5,1.0,54.0,10.0
1470.4312521860768,30.0,0.0,9.0,6.0,9.0,5.5,1.0,54.0,10.0
1470.4322521860768,30.0,0.0,9.0,6.0,9.0,5.5,1.0,54.0,10.0
1470.8322521860769,30.0,0.0,9.0,6.0,9.0,5.5,1.0,54.0,10.0
1470.8332521860768,30.0,0.0,9.0,6.0,9.0,5.5,1.0,54.0,10.0
1471.233252186077,30.0,0.0,9.0,6.0,9.0,5.5,1.0,54.0,10.0
1471.234252186077,30.0,0.0,9.0,6.0,9.0,5.5,1.0,54.0,10.0
1471.634252186077,30.0,0.0,9.0,6.0,9.0,5.5,1.0,54.0,10.0
1471.635252186077,30.0,0.0,9.0,6.0,9.0,5.5,1.0,54.0,10.0
1472.035252186077,30.0,0.0,9.0,6.0,9.0,5.5,1.0,54.0,10.0
1472.036252186077,30.0,0.0,9.0,6.0,9.0,5.5,1.0,54.0,10.0
1472.4362521860771,30.0,0.0,9.0,6.0,9.0,5.5,1.0,54.0,10.0
1472.437252186077,30.0,0.0,9.0,6.0,9.0,5.5,1.0,54.0,10.0
1472.8372521860772,30.0,0.0,9.0,6.0,9.0,5.5,1.0,54.0,10.0
1472.8382521860772,30.0,0.0,9.0,6.0,9.0,5.5,1.0,54.0,10.0
1473.2382521860773,30.0,0.0,9.0,6.0,9.0,5.5,1.0,54.0,10.0
1473.2392521860772,30.0,0.0,9.0,6.0,9.0,5.5,1.0,54.0,10.0
1473.6392521860773,30.0,0.0,9.0,6.0,9.0,5.5,1.0,54.0,10.0
1473.6402521860773,30.0,0.0,9.0,6.0,9.0,5.5,1.0,54.0,10.0
1474.0402521860774,30.0,0.0,9.0,6.0,9.0,5.5,1.0,54.0,10.0
1474.0412521860774,30.0,0.0,9.0,6.0,9.0,5.5,1.0,54.0,10.0
1474.4412521860775,30.0,0.0,9.0,6.0,9.0,5.5,1.0,54.0,10.0
1474.4422521860774,30.0,0.0,9.0,6.0,9.0,5.5,1.0,54.0,10.0
1474.8422521860775,30.0,0.0,9.0,6.0,9.0,5.5,1.0,54.0,10.0
1474.8432521860775,30.0,0.0,9.0,6.0,9.0,5.5,1.0,54.0,10.0
1475.2432521860776,30.0,0.0,9.0,6.0,9.0,5.5,1.0,54.0,10.0
1475.2442521860776,30.0,0.0,9.0,6.0,9.0,5.5,1.0,54.0,10.0
1475.6442521860777,30.0,0.0,9.0,6.0,9.0,5.5,1.0,54.0,10.0
1475.6452521860776,30.0,0.0,9.0,6.0,9.0,5.5,1.0,54.0,10.0
1476.0452521860777,30.0,0.0,9.0,6.0,9.0,5.5,1.0,54.0,10.0
1476.0462521860777,30.0,0.0,9.0,6.0,9.0,5.5,1.0,54.0,10.0
1476.4462521860778,30.0,0.0,9.0,6.0,9.0,5.5,1.0,54.0,10.0
1476.4472521860778,30.0,0.0,9.0,6.0,9.0,5.5,1.0,54.0,10.0
1476.8472521860779,30.0,0.0,9.0,6.0,9.0,5.5,1.0,54.0,10.0
1476.8482521860778,30.0,0.0,9.0,6.0,9.0,5.5,1.0,54.0,10.0
1477.248252186078,30.0,0.0,9.0,6.0,9.0,5.5,1.0,54.0,10.0
1477.249252186078,30.0,0.0,9.0,6.0,9.0,5.5,1.0,54.0,10.0
1477.649252186078,30.0,0.0,9.0,6.0,9.0,5.5,1.0,54.0,10.0
1477.650252186078,30.0,0.0,9.0,6.0,9.0,5.5,1.0,54.0,10.0
1478.050252186078,30.0,0.0,9.0,6.0,9.0,5.5,1.0,54.0,10.0
1478.051252186078,30.0,0.0,9.0,6.0,9.0,5.5,1.0,54.0,10.0
1478.4512521860781,30.0,0.0,9.0,6.0,9.0,5.5,1.0,54.0,10.0
1478.452252186078,30.0,0.0,9.0,6.0,9.0,5.5,1.0,54.0,10.0
1478.8522521860782,30.0,0.0,9.0,6.0,9.0,5.5,1.0,54.0,10.0
1478.8532521860782,30.0,0.0,9.0,6.0,9.0,5.5,1.0,54.0,10.0
1479.2532521860783,30.0,0.0,9.0,6.0,9.0,5.5,1.0,54.0,10.0
1479.2542521860782,30.0,0.0,9.0,6.0,9.0,5.5,1.0,54.0,10.0
1479.6542521860783,30.0,0.0,9.0,6.0,9.0,5.5,1.0,54.0,10.0
1479.6552521860783,30.0,0.0,9.0,6.0,9.0,5.5,1.0,54.0,10.0
1480.0552521860784,30.0,0.0,9.0,6.0,9.0,5.5,1.0,54.0,10.0
1480.0562521860784,30.0,0.0,9.0,6.0,9.0,5.5,1.0,54.0,10.0
1480.4562521860785,30.0,0.0,9.0,6.0,9.0,5.5,1.0,54.0,10.0
1480.4572521860784,30.0,0.0,9.0,6.0,9.0,5.5,1.0,54.0,10.0
1480.8572521860785,30.0,0.0,9.0,6.0,9.0,5.5,1.0,54.0,10.0
1480.8582521860785,30.0,0.0,9.0,6.0,9.0,5.5,1.0,54.0,10.0
1481.2582521860786,30.0,0.0,9.0,6.0,9.0,5.5,1.0,54.0,10.0
1481.2592521860786,40.0,0.0,9.0,6.0,9.0,5.5,1.0,54.0,10.0
1481.6592521860787,40.0,0.0,9.0,6.0,9.0,5.5,1.0,54.0,10.0
1481.6602521860787,40.0,0.0,9.0,6.0,9.0,5.5,1.0,54.0,10.0
1482.0602521860787,40.0,0.0,9.0,6.0,9.0,5.5,1.0,54.0,10.0
1482.0612521860787,40.0,0.0,9.0,6.0,9.0,5.5,1.0,54.0,10.0
1482.4612521860788,40.0,0.0,9.0,6.0,9.0,5.5,1.0,54.0,10.0
1482.4622521860788,40.0,0.0,9.0,6.0,9.0,5.5,1.0,54.0,10.0
1482.8622521860789,40.0,0.0,9.0,6.0,9.0,5.5,1.0,54.0,10.0
1482.8632521860789,40.0,0.0,9.0,6.0,9.0,5.5,1.0,54.0,10.0
1483.263252186079,40.0,0.0,9.0,6.0,9.0,5.5,1.0,54.0,10.0
1483.264252186079,40.0,0.0,9.0,6.0,9.0,5.5,1.0,54.0,10.0
1483.664252186079,40.0,0.0,9.0,6.0,9.0,5.5,1.0,54.0,10.0
1483.665252186079,40.0,0.0,9.0,6.0,9.0,5.5,1.0,54.0,10.0
1484.065252186079,40.0,0.0,9.0,6.0,9.0,5.5,1.0,54.0,10.0
1484.066252186079,40.0,0.0,9.0,6.0,9.0,5.5,1.0,54.0,10.0
1484.4662521860791,40.0,0.0,9.0,6.0,9.0,5.5,1.0,54.0,10.0
1484.4672521860791,40.0,0.0,9.0,6.0,9.0,5.5,1.0,54.0,10.0
1484.8672521860792,40.0,0.0,9.0,6.0,9.0,5.5,1.0,54.0,10.0
1484.8682521860792,40.0,0.0,9.0,6.0,9.0,5.5,1.0,54.0,10.0
1485.2682521860793,40.0,0.0,9.0,6.0,9.0,5.5,1.0,54.0,10.0
1485.2692521860793,40.0,0.0,9.0,6.0,9.0,5.5,1.0,54.0,10.0
1485.6692521860793,40.0,0.0,9.0,6.0,9.0,5.5,1.0,54.0,10.0
1485.6702521860793,40.0,0.0,9.0,6.0,9.0,10.5,1.0,54.0,10.0
1486.0702521860794,40.0,0.0,9.0,6.0,9.0,10.5,1.0,54.0,10.0
1486.0707964037665,40.0,0.0,9.0,6.0,9.0,10.5,1.0,54.0,10.0
1486.4707964037666,40.0,0.0,9.0,6.0,9.0,10.5,1.0,54.0,10.0
1486.4713406214537,40.0,0.0,9.0,6.0,9.0,10.5,1.0,54.0,10.0
1486.8713406214538,40.0,0.0,9.0,6.0,9.0,10.5,1.0,54.0,10.0
1486.8718848391409,40.0,0.0,9.0,6.0,9.0,10.5,1.0,54.0,10.0
1487.271884839141,40.0,0.0,9.0,6.0,9.0,10.5,1.0,54.0,10.0
1487.272429056828,40.0,0.0,9.0,6.0,9.0,10.5,1.0,54.0,10.0
1487.6724290568282,40.0,0.0,9.0,6.0,9.0,10.5,1.0,54.0,10.0
1487.6729732745152,40.0,0.0,9.0,6.0,9.0,10.5,1.0,54.0,10.0
1488.0729732745153,40.0,0.0,9.0,6.0,9.0,10.5,1.0,54.0,10.0
1488.0735174922024,40.0,0.0,9.0,6.0,9.0,8.5,1.0,55.0,10.0
1488.4735174922025,40.0,0.0,9.0,6.0,9.0,8.5,1.0,55.0,10.0
1488.4743479420295,40.0,0.0,9.0,6.0,9.0,8.5,1.0,55.0,10.0
1488.8743479420295,40.0,0.0,9.0,6.0,9.0,8.5,1.0,55.0,10.0
1488.8751783918565,40.0,0.0,9.0,6.0,9.0,8.5,1.0,55.0,10.0
1489.2751783918566,40.0,0.0,9.0,6.0,9.0,8.5,1.0,55.0,10.0
1489.2760088416835,40.0,0.0,9.0,6.0,9.0,8.5,1.0,55.0,10.0
1489.6760088416836,40.0,0.0,9.0,6.0,9.0,8.5,1.0,55.0,10.0
1489.6768392915105,40.0,0.0,9.0,6.0,9.0,8.5,1.0,55.0,10.0
1490.0768392915106,40.0,0.0,9.0,6.0,9.0,8.5,1.0,55.0,10.0
1490.0776697413376,40.0,0.0,9.0,6.0,9.0,8.5,1.0,55.0,10.0
1490.4776697413376,40.0,0.0,9.0,6.0,9.0,8.5,1.0,55.0,10.0
1490.4785001911646,40.0,0.0,9.0,6.0,9.0,8.5,1.0,55.0,10.0
1490.8785001911647,40.0,0.0,9.0,6.0,9.0,8.5,1.0,55.0,10.0
1490.8793306409916,40.0,0.0,9.0,6.0,9.0,8.5,1.0,55.0,10.0
1491.2793306409917,40.0,0.0,9.0,6.0,9.0,8.5,1.0,55.0,10.0
1491.2801610908186,40.0,0.0,9.0,6.0,9.0,8.5,1.0,55.0,10.0
1491.6801610908187,40.0,0.0,9.0,6.0,9.0,8.5,1.0,55.0,10.0
1491.6809915406457,50.0,0.0,9.0,6.0,9.0,8.5,1.0,55.0,10.0
1492.0809915406458,50.0,0.0,9.0,6.0,9.0,8.5,1.0,55.0,10.0
1492.0818219904727,50.0,0.0,9.0,6.0,9.0,8.5,1.0,55.0,10.0
1492.4818219904728,50.0,0.0,9.0,6.0,9.0,8.5,1.0,55.0,10.0
1492.4826524402997,50.0,0.0,9.0,6.0,9.0,8.5,1.0,55.0,10.0
1492.8826524402998,50.0,0.0,9.0,6.0,9.0,8.5,1.0,55.0,10.0
1492.8834828901267,50.0,0.0,9.0,6.0,9.0,8.5,1.0,55.0,10.0
1493.2834828901268,50.0,0.0,9.0,6.0,9.0,8.5,1.0,55.0,10.0
1493.2843133399538,50.0,0.0,9.0,6.0,9.0,8.5,1.0,55.0,10.0
1493.6843133399539,50.0,0.0,9.0,6.0,9.0,8.5,1.0,55.0,10.0
1493.6851437897808,50.0,0.0,9.0,6.0,9.0,8.5,1.0,55.0,10.0
1494.085143789781,50.0,0.0,9.0,6.0,9.0,8.5,1.0,55.0,10.0
1494.0859742396078,50.0,0.0,9.0,6.0,9.0,8.5,1.0,55.0,10.0
1494.485974239608,50.0,0.0,9.0,6.0,9.0,8.5,1.0,55.0,10.0
1494.4868046894348,50.0,0.0,9.0,6.0,9.0,8.5,1.0,55.0,10.0
1494.886804689435,50.0,0.0,9.0,6.0,9.0,8.5,1.0,55.0,10.0
1494.8876351392619,50.0,0.0,9.0,6.0,9.0,8.5,1.0,55.0,10.0
1495.287635139262,50.0,0.0,9.0,6.0,9.0,8.5,1.0,55.0,10.0
1495.288465589089,50.0,0.0,9.0,6.0,9.0,8.5,1.0,55.0,10.0
1495.688465589089,50.0,0.0,9.0,6.0,9.0,8.5,1.0,55.0,10.0
1495.689296038916,50.0,0.0,9.0,6.0,9.0,8.5,1.0,55.0,10.0
1496.089296038916,50.0,0.0,9.0,6.0,9.0,8.5,1.0,55.0,10.0
1496.090126488743,50.0,0.0,9.0,6.0,9.0,8.5,1.0,55.0,10.0
1496.490126488743,50.0,0.0,9.0,6.0,9.0,8.5,1.0,55.0,10.0
1496.49095693857,50.0,0.0,9.0,6.0,9.0,8.5,1.0,55.0,10.0
1496.89095693857,50.0,0.0,9.0,6.0,9.0,8.5,1.0,55.0,10.0
1496.891787388397,50.0,0.0,9.0,6.0,9.0,8.5,1.0,55.0,10.0
1497.291787388397,50.0,0.0,9.0,6.0,9.0,8.5,1.0,55.0,10.0
1497.292617838224,50.0,0.0,9.0,6.0,9.0,8.5,1.0,55.0,10.0
1497.6926178382241,50.0,0.0,9.0,6.0,9.0,8.5,1.0,55.0,10.0
1497.693448288051,50.0,0.0,9.0,6.0,9.0,8.5,1.0,55.0,10.0
1498.0934482880511,50.0,0.0,9.0,6.0,9.0,8.5,1.0,55.0,10.0
1498.094278737878,60.0,0.0,9.0,6.0,9.0,8.5,1.0,55.0,10.0
1498.4942787378782,60.0,0.0,9.0,6.0,9.0,8.5,1.0,55.0,10.0
1498.495109187705,60.0,0.0,9.0,6.0,9.0,8.5,1.0,55.0,10.0
1498.8951091877052,60.0,0.0,9.0,6.0,9.0,8.5,1.0,55.0,10.0
1498.8959396375321,60.0,0.0,9.0,6.0,9.0,6.5,1.0,56.0,10.0
1499.2959396375322,60.0,0.0,9.0,6.0,9.0,6.5,1.0,56.0,10.0
1499.2969396375322,60.0,0.0,9.0,6.0,9.0,6.5,1.0,56.0,10.0
1499.6969396375323,60.0,0.0,9.0,6.0,9.0,6.5,1.0,56.0,10.0
1499.6979396375323,60.0,0.0,9.0,6.0,9.0,6.5,1.0,56.0,10.0
1500.0979396375324,60.0,0.0,9.0,6.0,9.0,6.5,1.0,56.0,10.0
1500.0989396375323,60.0,0.0,9.0,6.0,9.0,6.5,1.0,56.0,10.0
1500.4989396375324,60.0,0.0,9.0,6.0,9.0,6.5,1.0,56.0,10.0
1500.4999396375324,60.0,0.0,9.0,6.0,9.0,6.5,1.0,56.0,10.0
1500.8999396375325,60.0,0.0,9.0,6.0,9.0,6.5,1.0,56.0,10.0
1500.9009396375325,60.0,0.0,9.0,6.0,9.0,6.5,1.0,56.0,10.0
1501.3009396375326,60.0,0.0,9.0,6.0,9.0,6.5,1.0,56.0,10.0
1501.3019396375325,60.0,0.0,9.0,6.0,9.0,4.5,1.0,57.0,10.0
1501.7019396375326,60.0,0.0,9.0,6.0,9.0,4.5,1.0,57.0,10.0
1501.7029396375326,60.0,0.0,9.0,6.0,9.0,4.5,1.0,57.0,10.0
1502.1029396375327,60.0,0.0,9.0,6.0,9.0,4.5,1.0,57.0,10.0
1502.1039396375327,60.0,0.0,9.0,6.0,9.0,4.5,1.0,57.0,10.0
1502.5039396375328,60.0,0.0,9.0,6.0,9.0,4.5,1.0,57.0,10.0
1502.5049396375327,70.0,0.0,9.0,6.0,9.0,4.5,1.0,57.0,10.0
1502.9049396375328,70.0,0.0,9.0,6.0,9.0,4.5,1.0,57.0,10.0
1502.90579678039,70.0,0.0,9.0,6.0,9.0,4.5,1.0,57.0,10.0
1503.30579678039,70.0,0.0,9.0,6.0,9.0,4.5,1.0,57.0,10.0
1503.306653923247,70.0,0.0,9.0,6.0,9.0,4.5,1.0,57.0,10.0
1503.7066539232471,70.0,0.0,9.0,6.0,9.0,4.5,1.0,57.0,10.0
1503.7075110661042,70.0,0.0,9.0,6.0,9.0,4.5,1.0,57.0,10.0
1504.1075110661043,70.0,0.0,9.0,6.0,9.0,4.5,1.0,57.0,10.0
1504.1083682089613,70.0,0.0,9.0,6.0,9.0,4.5,1.0,57.0,10.0
1504.5083682089614,70.0,0.0,9.0,6.0,9.0,4.5,1.0,57.0,10.0
1504.5092253518185,70.0,0.0,9.0,6.0,9.0,4.5,1.0,57.0,10.0
1504.9092253518186,70.0,0.0,9.0,6.0,9.0,4.5,1.0,57.0,10.0
1504.9100824946756,70.0,0.0,9.0,6.0,9.0,4.5,1.0,57.0,10.0
1505.3100824946757,70.0,0.0,9.0,6.0,9.0,4.5,1.0,57.0,10.0
1505.3109396375328,70.0,0.0,9.0,6.0,9.0,4.5,1.0,57.0,10.0
1505.7109396375329,70.0,0.0,9.0,6.0,9.0,4.5,1.0,57.0,10.0
1505.71179678039,70.0,0.0,9.0,6.0,9.0,4.5,1.0,57.0,10.0
1506.11179678039,70.0,0.0,9.0,6.0,9.0,4.5,1.0,57.0,10.0
1506.112653923247,70.0,0.0,9.0,6.0,9.0,4.5,1.0,57.0,10.0
1506.5126539232472,70.0,0.0,9.0,6.0,9.0,4.5,1.0,57.0,10.0
1506.5135110661042,70.0,0.0,9.0,6.0,9.0,4.5,1.0,57.0,10.0
1506.9135110661043,70.0,0.0,9.0,6.0,9.0,4.5,1.0,57.0,10.0
1506.9143682089614,70.0,0.0,9.0,6.0,9.0,4.5,1.0,57.0,10.0
1507.3143682089615,70.0,0.0,9.0,6.0,9.0,4.5,1.0,57.0,10.0
1507.3152253518185,70.0,0.0,9.0,6.0,9.0,4.5,1.0,57.0,10.0
1507.7152253518186,70.0,0.0,9.0,6.0,9.0,4.5,1.0,57.0,10.0
1507.7160824946757,70.0,0.0,9.0,6.0,9.0,4.5,1.0,57.0,10.0
1508.1160824946758,70.0,0.0,9.0,6.0,9.0,4.5,1.0,57.0,10.0
1508.1169396375328,80.0,0.0,9.0,6.0,9.0,4.5,1.0,57.0,10.0
1508.516939637533,80.0,0.0,9.0,6.0,9.0,4.5,1.0,57.0,10.0
1508.5176896375328,80.0,0.0,9.0,6.0,9.0,4.5,1.0,57.0,10.0
1508.917689637533,80.0,0.0,9.0,6.0,9.0,4.5,1.0,57.0,10.0
1508.9184396375329,70.0,0.0,9.0,6.0,9.0,4.5,1.0,57.0,10.0
1509.318439637533,70.0,0.0,9.0,6.0,9.0,4.5,1.0,57.0,10.0
1509.31929678039,70.0,0.0,9.0,6.0,9.0,4.5,1.0,57.0,10.0
1509.71929678039,70.0,0.0,9.0,6.0,9.0,4.5,1.0,57.0,10.0
1509.7201539232472,70.0,0.0,9.0,6.0,9.0,4.5,1.0,57.0,10.0
1510.1201539232472,70.0,0.0,9.0,6.0,9.0,4.5,1.0,57.0,10.0
1510.1210110661043,70.0,0.0,9.0,6.0,9.0,4.5,1.0,57.0,10.0
1510.5210110661044,70.0,0.0,9.0,6.0,9.0,4.5,1.0,57.0,10.0
1510.5218682089615,70.0,0.0,9.0,6.0,9.0,4.5,1.0,57.0,10.0
1510.9218682089615,70.0,0.0,9.0,6.0,9.0,4.5,1.0,57.0,10.0
1510.9227253518186,70.0,0.0,9.0,6.0,9.0,4.5,1.0,57.0,10.0
1511.3227253518187,70.0,0.0,9.0,6.0,9.0,4.5,1.0,57.0,10.0
1511.3235824946757,70.0,0.0,9.0,6.0,9.0,4.5,1.0,57.0,10.0
1511.7235824946758,70.0,0.0,9.0,6.0,9.0,4.5,1.0,57.0,10.0
1511.724439637533,70.0,0.0,9.0,6.0,9.0,4.5,1.0,57.0,10.0
1512.124439637533,70.0,0.0,9.0,6.0,9.0,4.5,1.0,57.0,10.0
1512.12529678039,70.0,0.0,9.0,6.0,9.0,4.5,1.0,57.0,10.0
1512.5252967803901,70.0,0.0,9.0,6.0,9.0,4.5,1.0,57.0,10.0
1512.5261539232472,70.0,0.0,9.0,6.0,9.0,4.5,1.0,57.0,10.0
1512.9261539232473,70.0,0.0,9.0,6.0,9.0,4.5,1.0,57.0,10.0
1512.9270110661043,70.0,0.0,9.0,6.0,9.0,4.5,1.0,57.0,10.0
1513.3270110661044,70.0,0.0,9.0,6.0,9.0,4.5,1.0,57.0,10.0
1513.3278682089615,70.0,0.0,9.0,6.0,10.0,4.5,1.0,57.0,10.0
1513.7278682089616,70.0,0.0,9.0,6.0,10.0,4.5,1.0,57.0,10.0
1513.7287253518186,70.0,0.0,9.0,6.0,10.0,4.5,1.0,57.0,10.0
1514.1287253518187,70.0,0.0,9.0,6.0,10.0,4.5,1.0,57.0,10.0
1514.1295824946758,70.0,0.0,8.0,6.0,10.0,4.5,1.0,57.0,10.0
1514.5295824946759,70.0,0.0,8.0,6.0,10.0,4.5,1.0,57.0,10.0
1514.530439637533,70.0,0.0,8.0,6.0,10.0,4.5,1.0,57.0,10.0
1514.930439637533,70.0,0.0,8.0,6.0,10.0,4.5,1.0,57.0,10.0
1514.93129678039,70.0,0.0,8.0,6.0,10.0,4.5,1.0,57.0,10.0
1515.3312967803902,70.0,0.0,8.0,6.0,10.0,4.5,1.0,57.0,10.0
1515.3321539232472,80.0,0.0,8.0,6.0,10.0,4.5,1.0,57.0,10.0
1515.7321539232473,80.0,0.0,8.0,6.0,10.0,4.5,1.0,57.0,10.0
1515.7329039232472,80.0,0.0,8.0,6.0,10.0,4.5,1.0,57.0,10.0
1516.1329039232473,80.0,0.0,8.0,6.0,10.0,4.5,1.0,57.0,10.0
1516.1336539232473,80.0,0.0,8.0,6.0,10.0,4.5,1.0,57.0,10.0
1516.5336539232474,80.0,0.0,8.0,6.0,10.0,4.5,1.0,57.0,10.0
1516.5344039232473,80.0,0.0,8.0,6.0,10.0,4.5,1.0,57.0,10.0
1516.9344039232474,80.0,0.0,8.0,6.0,10.0,4.5,1.0,57.0,10.0
1516.9351539232473,80.0,0.0,8.0,6.0,10.0,4.5,1.0,57.0,10.0
1517.3351539232474,80.0,0.0,8.0,6.0,10.0,4.5,1.0,57.0,10.0
1517.3359039232473,80.0,0.0,8.0,6.0,10.0,4.5,1.0,57.0,10.0
1517.7359039232474,80.0,0.0,8.0,6.0,10.0,4.5,1.0,57.0,10.0
1517.7366539232473,80.0,0.0,8.0,6.0,10.0,4.5,1.0,57.0,10.0
1518.1366539232474,80.0,0.0,8.0,6.0,10.0,4.5,1.0,57.0,10.0
1518.1374039232473,80.0,0.0,8.0,6.0,10.0,4.5,1.0,57.0,10.0
1518.5374039232474,80.0,0.0,8.0,6.0,10.0,4.5,1.0,57.0,10.0
1518.5381539232474,80.0,0.0,8.0,6.0,10.0,4.5,1.0,57.0,10.0
1518.9381539232475,80.0,0.0,8.0,6.0,10.0,4.5,1.0,57.0,10.0
1518.9389039232474,80.0,0.0,8.0,6.0,10.0,4.5,1.0,57.0,10.0
1519.3389039232475,80.0,0.0,8.0,6.0,10.0,4.5,1.0,57.0,10.0
1519.3396539232474,80.0,0.0,8.0,6.0,10.0,4.5,1.0,57.0,10.0
1519.7396539232475,80.0,0.0,8.0,6.0,10.0,4.5,1.0,57.0,10.0
1519.7404039232474,80.0,0.0,8.0,6.0,10.0,4.5,1.0,57.0,10.0
1520.1404039232475,80.0,0.0,8.0,6.0,10.0,4.5,1.0,57.0,10.0
1520.1411539232474,80.0,0.0,8.0,6.0,10.0,4.5,1.0,57.0,10.0
1520.5411539232475,80.0,0.0,8.0,6.0,10.0,4.5,1.0,57.0,10.0
1520.5419039232474,80.0,0.0,8.0,6.0,10.0,4.5,1.0,57.0,10.0
1520.9419039232475,80.0,0.0,8.0,6.0,10.0,4.5,1.0,57.0,10.0
1520.9426539232475,80.0,0.0,8.0,6.0,10.0,4.5,1.0,57.0,10.0
1521.3426539232476,80.0,0.0,8.0,6.0,10.0,4.5,1.0,57.0,10.0
1521.3434039232475,80.0,0.0,8.0,6.0,10.0,4.5,1.0,57.0,10.0
1521.7434039232476,80.0,0.0,8.0,6.0,10.0,4.5,1.0,57.0,10.0
1521.7441539232475,80.0,0.0,8.0,6.0,10.0,4.5,1.0,57.0,10.0
1522.1441539232476,80.0,0.0,8.0,6.0,10.0,4.5,1.0,57.0,10.0
1522.1449039232475,80.0,0.0,8.0,6.0,10.0,4.5,1.0,57.0,10.0
1522.5449039232476,80.0,0.0,8.0,6.0,10.0,4.5,1.0,57.0,10.0
1522.5456539232475,80.0,0.0,8.0,6.0,10.0,4.5,1.0,57.0,10.0
1522.9456539232476,80.0,0.0,8.0,6.0,10.0,4.5,1.0,57.0,10.0
1522.9464039232475,80.0,0.0,8.0,6.0,10.0,4.5,1.0,57.0,10.0
1523.3464039232476,80.0,0.0,8.0,6.0,10.0,4.5,1.0,57.0,10.0
1523.3471539232476,80.0,0.0,8.0,6.0,10.0,4.5,1.0,57.0,10.0
1523.7471539232477,80.0,0.0,8.0,6.0,10.0,4.5,1.0,57.0,10.0
1523.7479039232476,80.0,0.0,8.0,6.0,10.0,4.5,1.0,57.0,10.0
1524.1479039232477,80.0,0.0,8.0,6.0,10.0,4.5,1.0,57.0,10.0
1524.1486539232476,80.0,0.0,8.0,6.0,10.0,4.5,1.0,57.0,10.0
1524.5486539232477,80.0,0.0,8.0,6.0,10.0,4.5,1.0,57.0,10.0
1524.5494039232476,80.0,0.0,8.0,6.0,10.0,4.5,1.0,57.0,10.0
1524.9494039232477,80.0,0.0,8.0,6.0,10.0,4.5,1.0,57.0,10.0
1524.9501539232476,80.0,0.0,8.0,6.0,10.0,4.5,1.0,57.0,10.0
1525.3501539232477,80.0,0.0,8.0,6.0,10.0,4.5,1.0,57.0,10.0
1525.3509039232476,80.0,0.0,8.0,6.0,10.0,4.5,1.0,57.0,10.0
1525.7509039232477,80.0,0.0,8.0,6.0,10.0,4.5,1.0,57.0,10.0
1525.7516539232477,80.0,0.0,8.0,6.0,10.0,4.5,1.0,57.0,10.0
1526.1516539232477,80.0,0.0,8.0,6.0,10.0,4.5,1.0,57.0,10.0
1526.1524039232477,80.0,0.0,8.0,6.0,10.0,4.5,1.0,57.0,10.0
1526.5524039232478,80.0,0.0,8.0,6.0,10.0,4.5,1.0,57.0,10.0
1526.5531539232477,80.0,0.0,8.0,6.0,10.0,4.5,1.0,57.0,10.0
1526.9531539232478,80.0,0.0,8.0,6.0,10.0,4.5,1.0,57.0,10.0
1526.9539039232477,80.0,0.0,8.0,6.0,10.0,4.5,1.0,57.0,10.0
1527.3539039232478,80.0,0.0,8.0,6.0,10.0,4.5,1.0,57.0,10.0
1527.3546539232477,80.0,0.0,8.0,6.0,10.0,4.5,1.0,57.0,10.0
1527.7546539232478,80.0,0.0,8.0,6.0,10.0,4.5,1.0,57.0,10.0
1527.7554039232477,80.0,0.0,8.0,6.0,10.0,4.5,1.0,57.0,10.0
1528.1554039232478,80.0,0.0,8.0,6.0,10.0,4.5,1.0,57.0,10.0
1528.1561539232478,80.0,0.0,8.0,6.0,10.0,4.5,1.0,57.0,10.0
1528.5561539232478,80.0,0.0,8.0,6.0,10.0,4.5,1.0,57.0,10.0
1528.5569039232478,80.0,0.0,8.0,6.0,10.0,4.5,1.0,57.0,10.0
1528.9569039232479,80.0,0.0,8.0,6.0,10.0,4.5,1.0,57.0,10.0
1528.9576539232478,80.0,0.0,8.0,6.0,10.0,4.5,1.0,57.0,10.0
1529.3576539232479,80.0,0.0,8.0,6.0,10.0,4.5,1.0,57.0,10.0
1529.3584039232478,80.0,0.0,8.0,6.0,10.0,4.5,1.0,57.0,10.0
1529.758403923248,80.0,0.0,8.0,6.0,10.0,4.5,1.0,57.0,10.0
1529.7591539232478,80.0,0.0,8.0,6.0,10.0,4.5,1.0,57.0,10.0
1530.159153923248,80.0,0.0,8.0,6.0,10.0,4.5,1.0,57.0,10.0
1530.1599039232478,80.0,0.0,8.0,6.0,10.0,4.5,1.0,57.0,10.0
1530.559903923248,80.0,0.0,8.0,6.0,10.0,4.5,1.0,57.0,10.0
1530.5606539232479,80.0,0.0,8.0,6.0,10.0,4.5,1.0,57.0,10.0
1530.960653923248,80.0,0.0,8.0,6.0,10.0,4.5,1.0,57.0,10.0
1530.9614039232479,80.0,0.0,8.0,6.0,10.0,4.5,1.0,57.0,10.0
1531.361403923248,80.0,0.0,8.0,6.0,10.0,4.5,1.0,57.0,10.0
1531.362153923248,80.0,0.0,8.0,6.0,10.0,4.5,1.0,57.0,10.0
1531.762153923248,80.0,0.0,8.0,6.0,10.0,4.5,1.0,57.0,10.0
1531.762903923248,80.0,0.0,8.0,6.0,10.0,4.5,1.0,57.0,10.0
1532.162903923248,80.0,0.0,8.0,6.0,10.0,4.5,1.0,57.0,10.0
1532.163653923248,80.0,0.0,8.0,6.0,10.0,4.5,1.0,57.0,10.0
1532.563653923248,80.0,0.0,8.0,6.0,10.0,4.5,1.0,57.0,10.0
1532.564403923248,80.0,0.0,8.0,6.0,10.0,4.5,1.0,57.0,10.0
1532.964403923248,80.0,0.0,8.0,6.0,10.0,4.5,1.0,57.0,10.0
1532.965153923248,80.0,0.0,8.0,6.0,10.0,4.5,1.0,57.0,10.0
1533.365153923248,80.0,0.0,8.0,6.0,10.0,4.5,1.0,57.0,10.0
1533.365903923248,80.0,0.0,8.0,6.0,10.0,4.5,1.0,57.0,10.0
1533.765903923248,80.0,0.0,8.0,6.0,10.0,4.5,1.0,57.0,10.0
1533.766653923248,80.0,0.0,8.0,6.0,10.0,4.5,1.0,57.0,10.0
1534.166653923248,80.0,0.0,8.0,6.0,10.0,4.5,1.0,57.0,10.0
1534.167403923248,90.0,0.0,8.0,6.0,10.0,4.5,1.0,57.0,10.0
1534.567403923248,90.0,0.0,8.0,6.0,10.0,4.5,1.0,57.0,10.0
1534.5680705899147,90.0,0.0,8.0,6.0,10.0,4.5,1.0,57.0,10.0
1534.9680705899148,90.0,0.0,8.0,6.0,10.0,4.5,1.0,57.0,10.0
1534.9687372565813,90.0,0.0,8.0,6.0,10.0,4.5,1.0,57.0,10.0
1535.3687372565814,90.0,0.0,8.0,6.0,10.0,4.5,1.0,57.0,10.0
1535.369403923248,90.0,0.0,8.0,6.0,10.0,4.5,1.0,57.0,10.0
1535.769403923248,90.0,0.0,8.0,6.0,10.0,4.5,1.0,57.0,10.0
1535.7700705899147,90.0,0.0,8.0,6.0,10.0,4.5,1.0,57.0,10.0
1536.1700705899148,90.0,0.0,8.0,6.0,10.0,4.5,1.0,57.0,10.0
1536.1707372565813,90.0,0.0,8.0,6.0,10.0,4.5,1.0,57.0,10.0
1536.5707372565814,90.0,0.0,8.0,6.0,10.0,4.5,1.0,57.0,10.0
1536.571403923248,90.0,0.0,8.0,6.0,10.0,4.5,1.0,57.0,10.0
1536.971403923248,90.0,0.0,8.0,6.0,10.0,4.5,1.0,57.0,10.0
1536.9720705899147,90.0,0.0,8.0,6.0,10.0,4.5,1.0,57.0,10.0
1537.3720705899148,90.0,0.0,8.0,6.0,10.0,4.5,1.0,57.0,10.0
1537.3727372565813,90.0,0.0,8.0,6.0,10.0,4.5,1.0,57.0,10.0
1537.7727372565814,90.0,0.0,8.0,6.0,10.0,4.5,1.0,57.0,10.0
1537.773403923248,90.0,0.0,8.0,6.0,10.0,4.5,1.0,57.0,10.0
1538.173403923248,90.0,0.0,8.0,6.0,10.0,4.5,1.0,57.0,10.0
1538.1740705899147,90.0,0.0,8.0,6.0,10.0,4.5,1.0,57.0,10.0
1538.5740705899148,90.0,0.0,8.0,6.0,10.0,4.5,1.0,57.0,10.0
1538.5747372565813,90.0,0.0,8.0,6.0,10.0,4.5,1.0,57.0,10.0
1538.9747372565814,90.0,0.0,8.0,6.0,10.0,4.5,1.0,57.0,10.0
1538.975403923248,90.0,0.0,8.0,6.0,10.0,4.5,1.0,57.0,10.0
1539.375403923248,90.0,0.0,8.0,6.0,10.0,4.5,1.0,57.0,10.0
1539.3760705899147,90.0,0.0,8.0,6.0,10.0,4.5,1.0,57.0,10.0
1539.7760705899148,90.0,0.0,8.0,6.0,10.0,4.5,1.0,57.0,10.0
1539.7767372565813,90.0,0.0,8.0,6.0,10.0,4.5,1.0,57.0,10.0
1540.1767372565814,90.0,0.0,8.0,6.0,10.0,4.5,1.0,57.0,10.0
1540.177403923248,90.0,0.0,8.0,6.0,10.0,4.5,1.0,57.0,10.0
1540.577403923248,90.0,0.0,8.0,6.0,10.0,4.5,1.0,57.0,10.0
1540.5780705899147,90.0,0.0,8.0,6.0,10.0,4.5,1.0,57.0,10.0
1540.9780705899148,90.0,0.0,8.0,6.0,10.0,4.5,1.0,57.0,10.0
1540.9787372565813,90.0,0.0,8.0,6.0,10.0,4.5,1.0,57.0,10.0
1541.3787372565814,90.0,0.0,8.0,6.0,10.0,4.5,1.0,57.0,10.0
1541.379403923248,90.0,0.0,8.0,6.0,10.0,4.5,1.0,57.0,10.0
1541.779403923248,90.0,0.0,8.0,6.0,10.0,4.5,1.0,57.0,10.0
1541.7800705899147,90.0,0.0,8.0,6.0,10.0,4.5,1.0,57.0,10.0
1542.1800705899147,90.0,0.0,8.0,6.0,10.0,4.5,1.0,57.0,10.0
1542.1807372565813,90.0,0.0,8.0,6.0,10.0,4.5,1.0,57.0,10.0
1542.5807372565814,90.0,0.0,8.0,6.0,10.0,4.5,1.0,57.0,10.0
1542.581403923248,90.0,0.0,8.0,6.0,10.0,4.5,1.0,57.0,10.0
1542.981403923248,90.0,0.0,8.0,6.0,10.0,4.5,1.0,57.0,10.0
1542.9820705899147,90.0,0.0,8.0,6.0,10.0,4.5,1.0,57.0,10.0
1543.3820705899147,90.0,0.0,8.0,6.0,10.0,4.5,1.0,57.0,10.0
1543.3827372565813,90.0,0.0,8.0,6.0,10.0,4.5,1.0,57.0,10.0
1543.7827372565814,90.0,0.0,8.0,6.0,10.0,4.5,1.0,57.0,10.0
1543.783403923248,90.0,0.0,8.0,6.0,10.0,4.5,1.0,57.0,10.0
1544.183403923248,90.0,0.0,8.0,6.0,10.0,4.5,1.0,57.0,10.0
1544.1840705899147,90.0,0.0,8.0,6.0,10.0,4.5,1.0,57.0,10.0
1544.5840705899147,90.0,0.0,8.0,6.0,10.0,4.5,1.0,57.0,10.0
1544.5847372565813,90.0,0.0,8.0,6.0,10.0,4.5,1.0,57.0,10.0
1544.9847372565814,90.0,0.0,8.0,6.0,10.0,4.5,1.0,57.0,10.0
1544.985403923248,90.0,0.0,8.0,6.0,10.0,4.5,1.0,57.0,10.0
1545.385403923248,90.0,0.0,8.0,6.0,10.0,4.5,1.0,57.0,10.0
1545.3860705899147,90.0,0.0,8.0,6.0,10.0,4.5,1.0,57.0,10.0
1545.7860705899147,90.0,0.0,8.0,6.0,10.0,4.5,1.0,57.0,10.0
1545.7867372565813,90.0,0.0,8.0,6.0,10.0,4.5,1.0,57.0,10.0
1546.1867372565814,90.0,0.0,8.0,6.0,10.0,4.5,1.0,57.0,10.0
1546.187403923248,90.0,0.0,8.0,6.0,10.0,4.5,1.0,57.0,10.0
1546.587403923248,90.0,0.0,8.0,6.0,10.0,4.5,1.0,57.0,10.0
1546.5880705899147,90.0,0.0,8.0,6.0,10.0,4.5,1.0,57.0,10.0
1546.9880705899147,90.0,0.0,8.0,6.0,10.0,4.5,1.0,57.0,10.0
1546.9887372565813,90.0,0.0,8.0,6.0,10.0,4.5,1.0,57.0,10.0
1547.3887372565814,90.0,0.0,8.0,6.0,10.0,4.5,1.0,57.0,10.0
1547.389403923248,90.0,0.0,8.0,6.0,10.0,4.5,1.0,57.0,10.0
1547.789403923248,90.0,0.0,8.0,6.0,10.0,4.5,1.0,57.0,10.0
1547.7900705899146,90.0,0.0,8.0,6.0,10.0,4.5,1.0,57.0,10.0
1548.1900705899147,90.0,0.0,8.0,6.0,10.0,4.5,1.0,57.0,10.0
1548.1907372565813,90.0,0.0,8.0,6.0,10.0,4.5,1.0,57.0,10.0
1548.5907372565814,90.0,0.0,8.0,6.0,10.0,4.5,1.0,57.0,10.0
1548.591403923248,90.0,0.0,8.0,6.0,10.0,4.5,1.0,57.0,10.0
1548.991403923248,90.0,0.0,8.0,6.0,10.0,4.5,1.0,57.0,10.0
1548.9920705899146,90.0,0.0,8.0,6.0,10.0,4.5,1.0,57.0,10.0
1549.3920705899147,90.0,0.0,8.0,6.0,10.0,4.5,1.0,57.0,10.0
1549.3927372565813,90.0,0.0,8.0,6.0,10.0,4.5,1.0,57.0,10.0
1549.7927372565814,90.0,0.0,8.0,6.0,10.0,4.5,1.0,57.0,10.0
1549.793403923248,80.0,0.0,8.0,6.0,10.0,4.5,1.0,57.0,10.0
1550.193403923248,80.0,0.0,8.0,6.0,10.0,4.5,1.0,57.0,10.0
1550.194153923248,80.0,0.0,8.0,6.0,10.0,4.5,1.0,57.0,10.0
1550.594153923248,80.0,0.0,8.0,6.0,10.0,4.5,1.0,57.0,10.0
1550.594903923248,80.0,0.0,8.0,6.0,10.0,4.5,1.0,57.0,10.0
1550.994903923248,80.0,0.0,8.0,6.0,10.0,4.5,1.0,57.0,10.0
1550.995653923248,80.0,0.0,8.0,6.0,10.0,4.5,1.0,57.0,10.0
1551.3956539232481,80.0,0.0,8.0,6.0,10.0,4.5,1.0,57.0,10.0
1551.396403923248,80.0,0.0,8.0,6.0,10.0,4.5,1.0,57.0,10.0
1551.7964039232481,80.0,0.0,8.0,6.0,10.0,4.5,1.0,57.0,10.0
1551.797153923248,80.0,0.0,8.0,6.0,10.0,4.5,1.0,57.0,10.0
1552.1971539232482,80.0,0.0,8.0,6.0,10.0,4.5,1.0,57.0,10.0
1552.197903923248,80.0,0.0,8.0,6.0,10.0,4.5,1.0,57.0,10.0
1552.5979039232482,80.0,0.0,8.0,6.0,10.0,4.5,1.0,57.0,10.0
1552.598653923248,80.0,0.0,8.0,6.0,10.0,4.5,1.0,57.0,10.0
1552.9986539232482,80.0,0.0,8.0,6.0,10.0,4.5,1.0,57.0,10.0
1552.999403923248,80.0,0.0,8.0,6.0,10.0,4.5,1.0,57.0,10.0
1553.3994039232482,80.0,0.0,8.0,6.0,10.0,4.5,1.0,57.0,10.0
1553.4001539232481,80.0,0.0,8.0,6.0,10.0,4.5,1.0,57.0,10.0
1553.8001539232482,80.0,0.0,8.0,6.0,10.0,4.5,1.0,57.0,10.0
1553.8009039232481,80.0,0.0,8.0,6.0,10.0,4.5,1.0,57.0,10.0
1554.2009039232482,80.0,0.0,8.0,6.0,10.0,4.5,1.0,57.0,10.0
1554.2016539232482,80.0,0.0,8.0,6.0,10.0,4.5,1.0,57.0,10.0
1554.6016539232483,80.0,0.0,8.0,6.0,10.0,4.5,1.0,57.0,10.0
1554.6024039232482,80.0,0.0,8.0,6.0,10.0,4.5,1.0,57.0,10.0
1555.0024039232483,80.0,0.0,8.0,6.0,10.0,4.5,1.0,57.0,10.0
1555.0031539232482,80.0,0.0,8.0,6.0,10.0,4.5,1.0,57.0,10.0
1555.4031539232483,80.0,0.0,8.0,6.0,10.0,4.5,1.0,57.0,10.0
1555.4039039232482,80.0,0.0,8.0,6.0,10.0,2.5,1.0,58.0,10.0
1555.8039039232483,80.0,0.0,8.0,6.0,10.0,2.5,1.0,58.0,10.0
1555.8046539232482,90.0,0.0,8.0,6.0,10.0,2.5,1.0,58.0,10.0
1556.2046539232483,90.0,0.0,8.0,6.0,10.0,2.5,1.0,58.0,10.0
1556.205320589915,90.0,0.0,8.0,6.0,10.0,2.5,1.0,58.0,10.0
1556.605320589915,90.0,0.0,8.0,6.0,10.0,2.5,1.0,58.0,10.0
1556.6059872565816,90.0,0.0,8.0,6.0,10.0,2.5,1.0,58.0,10.0
1557.0059872565816,90.0,0.0,8.0,6.0,10.0,2.5,1.0,58.0,10.0
1557.0066539232482,90.0,0.0,8.0,6.0,10.0,2.5,1.0,58.0,10.0
1557.4066539232483,90.0,0.0,8.0,6.0,10.0,2.5,1.0,58.0,10.0
1557.407320589915,90.0,0.0,8.0,6.0,10.0,2.5,1.0,58.0,10.0
1557.807320589915,90.0,0.0,8.0,6.0,10.0,2.5,1.0,58.0,10.0
1557.8079872565816,90.0,0.0,8.0,6.0,10.0,2.5,1.0,58.0,10.0
1558.2079872565816,90.0,0.0,8.0,6.0,10.0,2.5,1.0,58.0,10.0
1558.2086539232482,90.0,0.0,8.0,6.0,10.0,2.5,1.0,58.0,10.0
1558.6086539232483,90.0,0.0,8.0,6.0,10.0,2.5,1.0,58.0,10.0
1558.609320589915,90.0,0.0,8.0,6.0,10.0,2.5,1.0,58.0,10.0
1559.009320589915,90.0,0.0,8.0,6.0,10.0,2.5,1.0,58.0,10.0
1559.0099872565816,90.0,0.0,8.0,6.0,10.0,2.5,1.0,58.0,10.0
1559.4099872565816,90.0,0.0,8.0,6.0,10.0,2.5,1.0,58.0,10.0
1559.4106539232482,90.0,0.0,8.0,6.0,10.0,2.5,1.0,58.0,10.0
1559.8106539232483,90.0,0.0,8.0,6.0,10.0,2.5,1.0,58.0,10.0
1559.8113205899149,90.0,0.0,8.0,6.0,10.0,2.5,1.0,58.0,10.0
1560.211320589915,90.0,0.0,8.0,6.0,10.0,2.5,1.0,58.0,10.0
1560.2119872565816,90.0,0.0,8.0,6.0,10.0,2.5,1.0,58.0,10.0
1560.6119872565816,90.0,0.0,8.0,6.0,10.0,2.5,1.0,58.0,10.0
1560.6126539232482,90.0,0.0,8.0,6.0,10.0,2.5,1.0,58.0,10.0
1561.0126539232483,90.0,0.0,8.0,6.0,10.0,2.5,1.0,58.0,10.0
1561.0133205899149,90.0,0.0,8.0,6.0,10.0,2.5,1.0,58.0,10.0
1561.413320589915,90.0,0.0,8.0,6.0,10.0,2.5,1.0,58.0,10.0
1561.4139872565815,90.0,0.0,8.0,6.0,10.0,2.5,1.0,58.0,10.0
1561.8139872565816,90.0,0.0,8.0,6.0,10.0,2.5,1.0,58.0,10.0
1561.8146539232482,90.0,0.0,8.0,6.0,10.0,2.5,1.0,58.0,10.0
1562.2146539232483,90.0,0.0,8.0,6.0,10.0,2.5,1.0,58.0,10.0
1562.2153205899149,90.0,0.0,8.0,6.0,10.0,2.5,1.0,58.0,10.0
1562.615320589915,90.0,0.0,8.0,6.0,10.0,2.5,1.0,58.0,10.0
1562.6159872565815,90.0,0.0,8.0,6.0,10.0,2.5,1.0,58.0,10.0
1563.0159872565816,90.0,0.0,8.0,6.0,10.0,2.5,1.0,58.0,10.0
1563.0166539232482,90.0,0.0,8.0,6.0,10.0,2.5,1.0,58.0,10.0
1563.4166539232483,90.0,0.0,8.0,6.0,10.0,2.5,1.0,58.0,10.0
1563.4173205899149,90.0,0.0,8.0,6.0,10.0,2.5,1.0,58.0,10.0
1563.817320589915,90.0,0.0,8.0,6.0,10.0,2.5,1.0,58.0,10.0
1563.8179872565815,90.0,0.0,8.0,6.0,10.0,2.5,1.0,58.0,10.0
1564.2179872565816,90.0,0.0,8.0,6.0,10.0,2.5,1.0,58.0,10.0
1564.2186539232482,100.0,0.0,8.0,6.0,10.0,2.5,1.0,58.0,10.0
1564.6186539232483,100.0,0.0,8.0,6.0,10.0,2.5,1.0,58.0,10.0
1564.6192539232484,100.0,0.0,8.0,6.0,10.0,2.5,1.0,58.0,10.0
1565.0192539232485,100.0,0.0,8.0,6.0,10.0,2.5,1.0,58.0,10.0
1565.0198539232485,100.0,0.0,8.0,6.0,10.0,2.5,1.0,58.0,10.0
1565.4198539232486,100.0,0.0,8.0,6.0,10.0,2.5,1.0,58.0,10.0
1565.4204539232487,100.0,0.0,8.0,6.0,10.0,2.5,1.0,58.0,10.0
1565.8204539232488,100.0,0.0,8.0,6.0,10.0,2.5,1.0,58.0,10.0
1565.8210539232489,100.0,0.0,8.0,6.0,10.0,2.5,1.0,58.0,10.0
1566.221053923249,100.0,0.0,8.0,6.0,10.0,2.5,1.0,58.0,10.0
1566.221653923249,100.0,0.0,8.0,6.0,10.0,2.5,1.0,58.0,10.0
1566.6216539232491,100.0,0.0,8.0,6.0,10.0,2.5,1.0,58.0,10.0
1566.6222539232492,100.0,0.0,8.0,6.0,10.0,2.5,1.0,58.0,10.0
1567.0222539232493,100.0,0.0,8.0,6.0,10.0,2.5,1.0,58.0,10.0
1567.0228539232494,100.0,0.0,8.0,6.0,10.0,2.5,1.0,58.0,10.0
1567.4228539232495,100.0,0.0,8.0,6.0,10.0,2.5,1.0,58.0,10.0
1567.4234539232496,100.0,0.0,8.0,6.0,10.0,2.5,1.0,58.0,10.0
1567.8234539232496,100.0,0.0,8.0,6.0,10.0,2.5,1.0,58.0,10.0
1567.8240539232497,100.0,0.0,8.0,6.0,10.0,2.5,1.0,58.0,10.0
1568.2240539232498,100.0,0.0,8.0,6.0,10.0,2.5,1.0,58.0,10.0
1568.22465392325,100.0,0.0,8.0,6.0,10.0,2.5,1.0,58.0,10.0
1568.62465392325,100.0,0.0,8.0,6.0,10.0,2.5,1.0,58.0,10.0
1568.62525392325,100.0,0.0,8.0,6.0,10.0,2.5,1.0,58.0,10.0
1569.0252539232501,100.0,0.0,8.0,6.0,10.0,2.5,1.0,58.0,10.0
1569.0258539232502,100.0,0.0,8.0,6.0,10.0,2.5,1.0,58.0,10.0
1569.4258539232503,100.0,0.0,8.0,6.0,10.0,2.5,1.0,58.0,10.0
1569.4264539232504,100.0,0.0,8.0,6.0,10.0,2.5,1.0,58.0,10.0
1569.8264539232505,100.0,0.0,8.0,6.0,10.0,2.5,1.0,58.0,10.0
1569.8270539232506,100.0,0.0,8.0,6.0,10.0,2.5,1.0,58.0,10.0
1570.2270539232507,100.0,0.0,8.0,6.0,10.0,2.5,1.0,58.0,10.0
1570.2276539232507,100.0,0.0,8.0,6.0,10.0,2.5,1.0,58.0,10.0
1570.6276539232508,100.0,0.0,8.0,6.0,10.0,2.5,1.0,58.0,10.0
1570.628253923251,100.0,0.0,8.0,6.0,10.0,2.5,1.0,58.0,10.0
1571.028253923251,100.0,0.0,8.0,6.0,10.0,2.5,1.0,58.0,10.0
1571.028853923251,100.0,0.0,8.0,6.0,10.0,2.5,1.0,58.0,10.0
1571.4288539232512,100.0,0.0,8.0,6.0,10.0,2.5,1.0,58.0,10.0
1571.4294539232512,100.0,0.0,8.0,6.0,10.0,2.5,1.0,58.0,10.0
1571.8294539232513,100.0,0.0,8.0,6.0,10.0,2.5,1.0,58.0,10.0
1571.8300539232514,100.0,0.0,8.0,6.0,10.0,2.5,1.0,58.0,10.0
1572.2300539232515,100.0,0.0,8.0,6.0,10.0,2.5,1.0,58.0,10.0
1572.2306539232516,100.0,0.0,8.0,6.0,10.0,2.5,1.0,58.0,10.0
1572.6306539232517,100.0,0.0,8.0,6.0,10.0,2.5,1.0,58.0,10.0
1572.6312539232517,100.0,0.0,8.0,6.0,10.0,2.5,1.0,58.0,10.0
1573.0312539232518,100.0,0.0,8.0,6.0,10.0,2.5,1.0,58.0,10.0
1573.031853923252,100.0,0.0,8.0,6.0,10.0,2.5,1.0,58.0,10.0
1573.431853923252,100.0,0.0,8.0,6.0,10.0,2.5,1.0,58.0,10.0
1573.432453923252,100.0,0.0,8.0,6.0,10.0,2.5,1.0,58.0,10.0
1573.8324539232522,100.0,0.0,8.0,6.0,10.0,2.5,1.0,58.0,10.0
1573.8330539232522,100.0,0.0,8.0,6.0,10.0,2.5,1.0,58.0,10.0
1574.2330539232523,100.0,0.0,8.0,6.0,10.0,2.5,1.0,58.0,10.0
1574.2336539232524,100.0,0.0,8.0,6.0,10.0,2.5,1.0,58.0,10.0
1574.6336539232525,100.0,0.0,8.0,6.0,10.0,2.5,1.0,58.0,10.0
1574.6342539232526,100.0,0.0,8.0,6.0,10.0,2.5,1.0,58.0,10.0
1575.0342539232527,100.0,0.0,8.0,6.0,10.0,2.5,1.0,58.0,10.0
1575.0348539232527,100.0,0.0,8.0,6.0,10.0,2.5,1.0,58.0,10.0
1575.4348539232528,100.0,0.0,8.0,6.0,10.0,2.5,1.0,58.0,10.0
1575.435453923253,100.0,0.0,8.0,6.0,10.0,2.5,1.0,58.0,10.0
1575.835453923253,100.0,0.0,8.0,6.0,10.0,2.5,1.0,58.0,10.0
1575.836053923253,100.0,0.0,8.0,6.0,10.0,2.5,1.0,58.0,10.0
1576.2360539232532,100.0,0.0,8.0,6.0,10.0,2.5,1.0,58.0,10.0
1576.2366539232532,100.0,0.0,8.0,6.0,10.0,2.5,1.0,58.0,10.0
1576.6366539232533,100.0,0.0,8.0,6.0,10.0,2.5,1.0,58.0,10.0
1576.6372539232534,100.0,0.0,8.0,6.0,10.0,2.5,1.0,58.0,10.0
1577.0372539232535,100.0,0.0,8.0,6.0,10.0,2.5,1.0,58.0,10.0
1577.0378539232536,100.0,0.0,8.0,6.0,10.0,2.5,1.0,58.0,10.0
1577.4378539232537,100.0,0.0,8.0,6.0,10.0,2.5,1.0,58.0,10.0
1577.4384539232537,100.0,0.0,8.0,6.0,10.0,2.5,1.0,58.0,10.0
1577.8384539232538,100.0,0.0,8.0,6.0,10.0,2.5,1.0,58.0,10.0
1577.839053923254,100.0,0.0,8.0,6.0,10.0,2.5,1.0,58.0,10.0
1578.239053923254,100.0,0.0,8.0,6.0,10.0,2.5,1.0,58.0,10.0
1578.239653923254,100.0,0.0,8.0,6.0,10.0,2.5,1.0,58.0,10.0
1578.6396539232542,100.0,0.0,8.0,6.0,10.0,2.5,1.0,58.0,10.0
1578.6402539232542,100.0,0.0,8.0,6.0,10.0,2.5,1.0,58.0,10.0
1579.0402539232543,100.0,0.0,8.0,6.0,10.0,2.5,1.0,58.0,10.0
1579.0408539232544,100.0,0.0,8.0,6.0,10.0,2.5,1.0,58.0,10.0
1579.4408539232545,100.0,0.0,8.0,6.0,10.0,2.5,1.0,58.0,10.0
1579.4414539232546,100.0,0.0,8.0,6.0,10.0,2.5,1.0,58.0,10.0
1579.8414539232547,100.0,0.0,8.0,6.0,10.0,2.5,1.0,58.0,10.0
1579.8420539232548,100.0,0.0,8.0,6.0,10.0,2.5,1.0,58.0,10.0
1580.2420539232548,100.0,0.0,8.0,6.0,10.0,2.5,1.0,58.0,10.0
1580.242653923255,110.0,0.0,8.0,6.0,10.0,2.5,1.0,58.0,10.0
1580.642653923255,110.0,0.0,8.0,6.0,10.0,2.5,1.0,58.0,10.0
1580.6431993778006,110.0,0.0,8.0,6.0,10.0,2.5,1.0,58.0,10.0
1581.0431993778006,110.0,0.0,8.0,6.0,10.0,2.5,1.0,58.0,10.0
1581.0437448323462,110.0,0.0,8.0,6.0,10.0,2.5,1.0,58.0,10.0
1581.4437448323463,110.0,0.0,8.0,6.0,10.0,2.5,1.0,58.0,10.0
1581.4442902868918,110.0,0.0,8.0,6.0,10.0,2.5,1.0,58.0,10.0
1581.844290286892,110.0,0.0,8.0,6.0,10.0,2.5,1.0,58.0,10.0
1581.8448357414375,110.0,0.0,8.0,6.0,10.0,2.5,1.0,58.0,10.0
1582.2448357414376,110.0,0.0,8.0,6.0,10.0,2.5,1.0,58.0,10.0
1582.245381195983,110.0,0.0,8.0,6.0,10.0,2.5,1.0,58.0,10.0
1582.6453811959832,110.0,0.0,8.0,6.0,10.0,2.5,1.0,58.0,10.0
1582.6459266505287,110.0,0.0,8.0,6.0,10.0,2.5,1.0,58.0,10.0
1583.0459266505288,110.0,0.0,8.0,6.0,10.0,2.5,1.0,58.0,10.0
1583.0464721050744,110.0,0.0,8.0,6.0,10.0,2.5,1.0,58.0,10.0
1583.4464721050745,110.0,0.0,8.0,6.0,10.0,2.5,1.0,58.0,10.0
1583.44701755962,110.0,0.0,8.0,6.0,10.0,2.5,1.0,58.0,10.0
1583.84701755962,110.0,0.0,8.0,6.0,10.0,2.5,1.0,58.0,10.0
1583.8475630141656,110.0,0.0,8.0,6.0,10.0,2.5,1.0,58.0,10.0
1584.2475630141657,110.0,0.0,8.0,6.0,10.0,2.5,1.0,58.0,10.0
1584.2481084687113,110.0,0.0,8.0,6.0,10.0,2.5,1.0,58.0,10.0
1584.6481084687114,110.0,0.0,8.0,6.0,10.0,2.5,1.0,58.0,10.0
1584.648653923257,110.0,0.0,8.0,6.0,10.0,2.5,1.0,58.0,10.0
1585.048653923257,110.0,0.0,8.0,6.0,10.0,2.5,1.0,58.0,10.0
1585.0491993778026,110.0,0.0,8.0,6.0,10.0,2.5,1.0,58.0,10.0
1585.4491993778026,110.0,0.0,8.0,6.0,10.0,2.5,1.0,58.0,10.0
1585.4497448323482,110.0,0.0,8.0,6.0,10.0,2.5,1.0,58.0,10.0
1585.8497448323483,110.0,0.0,8.0,6.0,10.0,2.5,1.0,58.0,10.0
1585.8502902868938,110.0,0.0,8.0,6.0,10.0,2.5,1.0,58.0,10.0
1586.250290286894,110.0,0.0,8.0,6.0,10.0,2.5,1.0,58.0,10.0
1586.2508357414395,110.0,0.0,8.0,6.0,10.0,2.5,1.0,58.0,10.0
1586.6508357414396,110.0,0.0,8.0,6.0,10.0,2.5,1.0,58.0,10.0
1586.651381195985,110.0,0.0,8.0,6.0,10.0,2.5,1.0,58.0,10.0
1587.0513811959852,110.0,0.0,8.0,6.0,10.0,2.5,1.0,58.0,10.0
1587.0519266505307,110.0,0.0,8.0,6.0,10.0,2.5,1.0,58.0,10.0
1587.4519266505308,110.0,0.0,8.0,6.0,10.0,2.5,1.0,58.0,10.0
1587.4524721050764,110.0,0.0,8.0,6.0,10.0,2.5,1.0,58.0,10.0
1587.8524721050765,110.0,0.0,8.0,6.0,10.0,2.5,1.0,58.0,10.0
1587.853017559622,110.0,0.0,8.0,6.0,10.0,2.5,1.0,58.0,10.0
1588.253017559622,110.0,0.0,8.0,6.0,10.0,2.5,1.0,58.0,10.0
1588.2535630141676,110.0,0.0,8.0,6.0,10.0,2.5,1.0,58.0,10.0
1588.6535630141677,110.0,0.0,8.0,6.0,10.0,2.5,1.0,58.0,10.0
1588.6541084687133,110.0,0.0,8.0,6.0,10.0,2.5,1.0,58.0,10.0
1589.0541084687134,110.0,0.0,8.0,6.0,10.0,2.5,1.0,58.0,10.0
1589.054653923259,110.0,0.0,8.0,6.0,10.0,2.5,1.0,58.0,10.0
1589.454653923259,110.0,0.0,8.0,6.0,10.0,2.5,1.0,58.0,10.0
1589.4551993778045,110.0,0.0,8.0,6.0,10.0,2.5,1.0,58.0,10.0
1589.8551993778046,110.0,0.0,8.0,6.0,10.0,2.5,1.0,58.0,10.0
1589.8557448323502,110.0,0.0,8.0,6.0,10.0,2.5,1.0,58.0,10.0
1590.2557448323503,110.0,0.0,8.0,6.0,10.0,2.5,1.0,58.0,10.0
1590.2562902868958,110.0,0.0,8.0,6.0,10.0,2.5,1.0,58.0,10.0
1590.656290286896,110.0,0.0,8.0,6.0,10.0,2.5,1.0,58.0,10.0
1590.6568357414415,110.0,0.0,8.0,6.0,10.0,2.5,1.0,58.0,10.0
1591.0568357414415,110.0,0.0,8.0,6.0,10.0,2.5,1.0,58.0,10.0
1591.057381195987,110.0,0.0,8.0,6.0,10.0,2.5,1.0,58.0,10.0
1591.4573811959872,110.0,0.0,8.0,6.0,10.0,2.5,1.0,58.0,10.0
1591.4579266505327,110.0,0.0,8.0,6.0,10.0,2.5,1.0,58.0,10.0
1591.8579266505328,110.0,0.0,8.0,6.0,10.0,2.5,1.0,58.0,10.0
1591.8584721050784,110.0,0.0,8.0,6.0,10.0,2.5,1.0,58.0,10.0
1592.2584721050785,110.0,0.0,8.0,6.0,10.0,2.5,1.0,58.0,10.0
1592.259017559624,110.0,0.0,8.0,6.0,10.0,2.5,1.0,58.0,10.0
1592.659017559624,110.0,0.0,8.0,6.0,10.0,2.5,1.0,58.0,10.0
1592.6595630141696,110.0,0.0,8.0,6.0,10.0,2.5,1.0,58.0,10.0
1593.0595630141697,110.0,0.0,8.0,6.0,10.0,2.5,1.0,58.0,10.0
1593.0601084687153,110.0,0.0,8.0,6.0,10.0,2.5,1.0,58.0,10.0
1593.4601084687154,110.0,0.0,8.0,6.0,10.0,2.5,1.0,58.0,10.0
1593.460653923261,110.0,0.0,8.0,6.0,10.0,2.5,1.0,58.0,10.0
1593.860653923261,110.0,0.0,8.0,6.0,10.0,2.5,1.0,58.0,10.0
1593.8611993778065,110.0,0.0,8.0,6.0,10.0,2.5,1.0,58.0,10.0
1594.2611993778066,110.0,0.0,8.0,6.0,10.0,2.5,1.0,58.0,10.0
1594.2617448323522,110.0,0.0,8.0,6.0,10.0,2.5,1.0,58.0,10.0
1594.6617448323523,110.0,0.0,8.0,6.0,10.0,2.5,1.0,58.0,10.0
1594.6622902868978,110.0,0.0,8.0,6.0,10.0,2.5,1.0,58.0,10.0
1595.062290286898,110.0,0.0,8.0,6.0,10.0,2.5,1.0,58.0,10.0
1595.0628357414435,110.0,0.0,8.0,6.0,10.0,2.5,1.0,58.0,10.0
1595.4628357414435,110.0,0.0,8.0,6.0,10.0,2.5,1.0,58.0,10.0
1595.463381195989,110.0,0.0,8.0,6.0,10.0,2.5,1.0,58.0,10.0
1595.8633811959892,110.0,0.0,8.0,6.0,10.0,2.5,1.0,58.0,10.0
1595.8639266505347,110.0,0.0,8.0,6.0,10.0,2.5,1.0,58.0,10.0
1596.2639266505348,110.0,0.0,8.0,6.0,10.0,2.5,1.0,58.0,10.0
1596.2644721050804,110.0,0.0,8.0,6.0,10.0,2.5,1.0,58.0,10.0
1596.6644721050804,110.0,0.0,8.0,6.0,10.0,2.5,1.0,58.0,10.0
1596.665017559626,110.0,0.0,8.0,6.0,10.0,2.5,1.0,58.0,10.0
1597.065017559626,110.0,0.0,8.0,6.0,10.0,2.5,1.0,58.0,10.0
1597.0655630141716,110.0,0.0,8.0,6.0,10.0,2.5,1.0,58.0,10.0
1597.4655630141717,110.0,0.0,8.0,6.0,10.0,2.5,1.0,58.0,10.0
1597.4661084687173,110.0,0.0,8.0,6.0,10.0,2.5,1.0,58.0,10.0
1597.8661084687174,110.0,0.0,8.0,6.0,10.0,2.5,1.0,58.0,10.0
1597.866653923263,110.0,0.0,8.0,6.0,10.0,2.5,1.0,58.0,10.0
1598.266653923263,110.0,0.0,8.0,6.0,10.0,2.5,1.0,58.0,10.0
1598.2671993778085,110.0,0.0,8.0,6.0,10.0,2.5,1.0,58.0,10.0
1598.6671993778086,110.0,0.0,8.0,6.0,10.0,2.5,1.0,58.0,10.0
1598.6677448323542,110.0,0.0,8.0,6.0,10.0,2.5,1.0,58.0,10.0
1599.0677448323543,110.0,0.0,8.0,6.0,10.0,2.5,1.0,58.0,10.0
1599.0682902868998,110.0,0.0,8.0,6.0,10.0,2.5,1.0,58.0,10.0
1599.4682902869,110.0,0.0,8.0,6.0,10.0,2.5,1.0,58.0,10.0
1599.4688357414454,110.0,0.0,8.0,6.0,10.0,2.5,1.0,58.0,10.0
1599.8688357414455,110.0,0.0,8.0,6.0,10.0,2.5,1.0,58.0,10.0
1599.869381195991,110.0,0.0,8.0,6.0,10.0,2.5,1.0,58.0,10.0
1600.2693811959912,110.0,0.0,8.0,6.0,10.0,2.5,1.0,58.0,10.0
1600.2699266505367,110.0,0.0,8.0,6.0,10.0,2.5,1.0,58.0,10.0
1600.6699266505368,110.0,0.0,8.0,6.0,10.0,2.5,1.0,58.0,10.0
1600.6704721050824,110.0,0.0,8.0,6.0,10.0,2.5,1.0,58.0,10.0
1601.0704721050824,110.0,0.0,8.0,6.0,10.0,2.5,1.0,58.0,10.0
1601.071017559628,110.0,0.0,8.0,6.0,10.0,2.5,1.0,58.0,10.0
1601.471017559628,110.0,0.0,8.0,6.0,10.0,2.5,1.0,58.0,10.0
1601.4715630141736,120.0,0.0,8.0,6.0,10.0,2.5,1.0,58.0,10.0
1601.8715630141737,120.0,0.0,8.0,6.0,10.0,2.5,1.0,58.0,10.0
1601.8720630141738,120.0,0.0,8.0,6.0,10.0,2.5,1.0,58.0,10.0
1602.272063014174,120.0,0.0,8.0,6.0,10.0,2.5,1.0,58.0,10.0
1602.272563014174,120.0,0.0,8.0,6.0,10.0,2.5,1.0,58.0,10.0
1602.672563014174,120.0,0.0,8.0,6.0,10.0,2.5,1.0,58.0,10.0
1602.6730630141742,120.0,0.0,8.0,6.0,10.0,2.5,1.0,58.0,10.0
1603.0730630141743,120.0,0.0,8.0,6.0,10.0,2.5,1.0,58.0,10.0
1603.0735630141744,130.0,0.0,8.0,6.0,10.0,2.5,1.0,58.0,10.0
1603.4735630141745,130.0,0.0,8.0,6.0,10.0,2.5,1.0,58.0,10.0
1603.4740245526361,130.0,0.0,8.0,6.0,10.0,2.5,1.0,58.0,10.0
1603.8740245526362,130.0,0.0,8.0,6.0,10.0,2.5,1.0,58.0,10.0
1603.8744860910979,140.0,0.0,8.0,6.0,10.0,2.5,1.0,58.0,10.0
1604.274486091098,140.0,0.0,8.0,6.0,10.0,2.5,1.0,58.0,10.0
1604.2749146625265,140.0,0.0,8.0,6.0,10.0,2.5,1.0,58.0,10.0
1604.6749146625266,140.0,0.0,8.0,6.0,10.0,2.5,1.0,58.0,10.0
1604.6753432339551,140.0,0.0,8.0,6.0,10.0,2.5,1.0,58.0,10.0
1605.0753432339552,140.0,0.0,8.0,6.0,10.0,2.5,1.0,58.0,10.0
1605.0757718053837,140.0,0.0,8.0,6.0,10.0,2.5,1.0,58.0,10.0
1605.4757718053838,140.0,0.0,8.0,6.0,10.0,2.5,1.0,58.0,10.0
1605.4762003768124,140.0,0.0,8.0,6.0,10.0,2.5,1.0,58.0,10.0
1605.8762003768124,140.0,0.0,8.0,6.0,10.0,2.5,1.0,58.0,10.0
1605.876628948241,140.0,0.0,8.0,6.0,10.0,2.5,1.0,58.0,10.0
1606.276628948241,140.0,0.0,8.0,6.0,10.0,2.5,1.0,58.0,10.0
1606.2770575196696,140.0,0.0,8.0,6.0,10.0,2.5,1.0,58.0,10.0
1606.6770575196697,140.0,0.0,8.0,6.0,10.0,2.5,1.0,58.0,10.0
1606.6774860910982,140.0,0.0,8.0,6.0,10.0,2.5,1.0,58.0,10.0
1607.0774860910983,140.0,0.0,8.0,6.0,10.0,2.5,1.0,58.0,10.0
1607.0779146625268,140.0,0.0,8.0,6.0,10.0,2.5,1.0,58.0,10.0
1607.477914662527,140.0,0.0,8.0,6.0,10.0,2.5,1.0,58.0,10.0
1607.4783432339555,140.0,0.0,8.0,6.0,10.0,2.5,1.0,58.0,10.0
1607.8783432339555,140.0,0.0,8.0,6.0,10.0,2.5,1.0,58.0,10.0
1607.878771805384,140.0,0.0,8.0,6.0,10.0,2.5,1.0,58.0,10.0
1608.2787718053842,140.0,0.0,8.0,6.0,10.0,2.5,1.0,58.0,10.0
1608.2792003768127,140.0,0.0,8.0,6.0,10.0,2.5,1.0,58.0,10.0
1608.6792003768128,140.0,0.0,8.0,6.0,10.0,2.5,1.0,58.0,10.0
1608.6796289482413,140.0,0.0,8.0,6.0,10.0,2.5,1.0,58.0,10.0
1609.0796289482414,140.0,0.0,8.0,6.0,10.0,2.5,1.0,58.0,10.0
1609.08005751967,140.0,0.0,8.0,6.0,10.0,2.5,1.0,58.0,10.0
1609.48005751967,140.0,0.0,8.0,6.0,10.0,2.5,1.0,58.0,10.0
1609.4804860910986,140.0,0.0,8.0,6.0,10.0,2.5,1.0,58.0,10.0
1609.8804860910986,140.0,0.0,8.0,6.0,10.0,2.5,1.0,58.0,10.0
1609.8809146625272,140.0,0.0,8.0,6.0,10.0,2.5,1.0,58.0,10.0
1610.2809146625273,140.0,0.0,8.0,6.0,10.0,2.5,1.0,58.0,10.0
1610.2813432339558,140.0,0.0,8.0,6.0,10.0,2.5,1.0,58.0,10.0
1610.6813432339559,140.0,0.0,8.0,6.0,10.0,2.5,1.0,58.0,10.0
1610.6817718053844,140.0,0.0,8.0,6.0,10.0,2.5,1.0,58.0,10.0
1611.0817718053845,140.0,0.0,8.0,6.0,10.0,2.5,1.0,58.0,10.0
1611.082200376813,140.0,0.0,8.0,6.0,10.0,2.5,1.0,58.0,10.0
1611.4822003768131,140.0,0.0,8.0,6.0,10.0,2.5,1.0,58.0,10.0
1611.4826289482417,130.0,0.0,8.0,6.0,10.0,2.5,1.0,58.0,10.0
1611.8826289482417,130.0,0.0,8.0,6.0,10.0,2.5,1.0,58.0,10.0
1611.8830904867034,130.0,0.0,8.0,6.0,10.0,2.5,1.0,58.0,10.0
1612.2830904867035,130.0,0.0,8.0,6.0,10.0,2.5,1.0,58.0,10.0
1612.2835520251651,130.0,0.0,8.0,6.0,10.0,2.5,1.0,58.0,10.0
1612.6835520251652,130.0,0.0,8.0,6.0,10.0,2.5,1.0,58.0,10.0
1612.6840135636269,130.0,0.0,8.0,6.0,10.0,2.5,1.0,58.0,10.0
1613.084013563627,130.0,0.0,8.0,6.0,10.0,2.5,1.0,58.0,10.0
1613.0844751020886,130.0,0.0,8.0,6.0,10.0,2.5,1.0,58.0,10.0
1613.4844751020887,130.0,0.0,8.0,6.0,10.0,2.5,1.0,58.0,10.0
1613.4849366405504,130.0,0.0,8.0,6.0,10.0,2.5,1.0,58.0,10.0
1613.8849366405504,130.0,0.0,8.0,6.0,10.0,2.5,1.0,58.0,10.0
1613.885398179012,130.0,0.0,8.0,6.0,10.0,2.5,1.0,58.0,10.0
1614.2853981790122,130.0,0.0,8.0,6.0,10.0,2.5,1.0,58.0,10.0
1614.2858597174738,130.0,0.0,8.0,6.0,10.0,2.5,1.0,58.0,10.0
1614.685859717474,130.0,0.0,8.0,6.0,10.0,2.5,1.0,58.0,10.0
1614.6863212559356,130.0,0.0,8.0,6.0,10.0,2.5,1.0,58.0,10.0
1615.0863212559357,130.0,0.0,8.0,6.0,10.0,2.5,1.0,58.0,10.0
1615.0867827943973,130.0,0.0,8.0,6.0,10.0,2.5,1.0,58.0,10.0
1615.4867827943974,130.0,0.0,8.0,6.0,10.0,2.5,1.0,58.0,10.0
1615.487244332859,130.0,0.0,8.0,6.0,10.0,2.5,1.0,58.0,10.0
1615.8872443328592,130.0,0.0,8.0,6.0,10.0,2.5,1.0,58.0,10.0
1615.8877058713208,130.0,0.0,8.0,6.0,10.0,2.5,1.0,58.0,10.0
1616.287705871321,130.0,0.0,8.0,6.0,10.0,2.5,1.0,58.0,10.0
1616.2881674097825,130.0,0.0,8.0,6.0,10.0,2.5,1.0,58.0,10.0
1616.6881674097826,130.0,0.0,8.0,6.0,10.0,2.5,1.0,58.0,10.0
1616.6886289482443,130.0,0.0,8.0,6.0,10.0,2.5,1.0,58.0,10.0
1617.0886289482444,130.0,0.0,8.0,6.0,10.0,2.5,1.0,58.0,10.0
1617.089090486706,130.0,0.0,8.0,6.0,10.0,2.5,1.0,58.0,10.0
1617.4890904867061,130.0,0.0,8.0,6.0,10.0,2.5,1.0,58.0,10.0
1617.4895520251678,130.0,0.0,8.0,6.0,10.0,2.5,1.0,58.0,10.0
1617.8895520251679,130.0,0.0,8.0,6.0,10.0,2.5,1.0,58.0,10.0
1617.8900135636295,130.0,0.0,8.0,6.0,10.0,2.5,1.0,58.0,10.0
1618.2900135636296,130.0,0.0,8.0,6.0,10.0,2.5,1.0,58.0,10.0
1618.2904751020912,130.0,0.0,8.0,6.0,10.0,2.5,1.0,58.0,10.0
1618.6904751020913,130.0,0.0,8.0,6.0,10.0,2.5,1.0,58.0,10.0
1618.690936640553,130.0,0.0,8.0,6.0,10.0,2.5,1.0,58.0,10.0
1619.090936640553,130.0,0.0,8.0,6.0,10.0,2.5,1.0,58.0,10.0
1619.0913981790147,130.0,0.0,8.0,6.0,10.0,2.5,1.0,58.0,10.0
1619.4913981790148,130.0,0.0,8.0,6.0,10.0,2.5,1.0,58.0,10.0
1619.4918597174765,130.0,0.0,8.0,6.0,10.0,2.5,1.0,58.0,10.0
1619.8918597174766,130.0,0.0,8.0,6.0,10.0,2.5,1.0,58.0,10.0
1619.8923212559382,130.0,0.0,8.0,6.0,10.0,2.5,1.0,58.0,10.0
1620.2923212559383,130.0,0.0,8.0,6.0,10.0,2.5,1.0,58.0,10.0
1620.2927827944,130.0,0.0,8.0,6.0,10.0,2.5,1.0,58.0,10.0
1620.6927827944,130.0,0.0,8.0,6.0,10.0,2.5,1.0,58.0,10.0
1620.6932443328617,130.0,0.0,8.0,6.0,10.0,2.5,1.0,58.0,10.0
1621.0932443328618,130.0,0.0,8.0,6.0,10.0,2.5,1.0,58.0,10.0
1621.0937058713234,130.0,0.0,8.0,6.0,10.0,2.5,1.0,58.0,10.0
1621.4937058713235,130.0,0.0,8.0,6.0,10.0,2.5,1.0,58.0,10.0
1621.4941674097852,130.0,0.0,8.0,6.0,10.0,2.5,1.0,58.0,10.0
1621.8941674097853,130.0,0.0,8.0,6.0,10.0,2.5,1.0,58.0,10.0
1621.894628948247,130.0,0.0,8.0,6.0,10.0,2.5,1.0,58.0,10.0
1622.294628948247,130.0,0.0,8.0,6.0,10.0,2.5,1.0,58.0,10.0
1622.2950904867087,130.0,0.0,8.0,6.0,10.0,2.5,1.0,58.0,10.0
1622.6950904867088,130.0,0.0,8.0,6.0,10.0,2.5,1.0,58.0,10.0
1622.6955520251704,130.0,0.0,8.0,6.0,10.0,2.5,1.0,58.0,10.0
1623.0955520251705,130.0,0.0,8.0,6.0,10.0,2.5,1.0,58.0,10.0
1623.0960135636321,130.0,0.0,8.0,6.0,10.0,2.5,1.0,58.0,10.0
1623.4960135636322,130.0,0.0,8.0,6.0,10.0,2.5,1.0,58.0,10.0
1623.4964751020939,130.0,0.0,8.0,6.0,10.0,2.5,1.0,58.0,10.0
1623.896475102094,130.0,0.0,8.0,6.0,10.0,2.5,1.0,58.0,10.0
1623.8969366405556,130.0,0.0,8.0,6.0,10.0,2.5,1.0,58.0,10.0
1624.2969366405557,130.0,0.0,8.0,6.0,10.0,2.5,1.0,58.0,10.0
1624.2973981790174,130.0,0.0,8.0,6.0,10.0,2.5,1.0,58.0,10.0
1624.6973981790175,130.0,0.0,8.0,6.0,10.0,2.5,1.0,58.0,10.0
1624.697859717479,130.0,0.0,8.0,6.0,10.0,2.5,1.0,58.0,10.0
1625.0978597174792,130.0,0.0,8.0,6.0,10.0,2.5,1.0,58.0,10.0
1625.0983212559408,130.0,0.0,8.0,6.0,10.0,2.5,1.0,58.0,10.0
1625.498321255941,130.0,0.0,8.0,6.0,10.0,2.5,1.0,58.0,10.0
1625.4987827944026,130.0,0.0,8.0,6.0,10.0,2.5,1.0,58.0,10.0
1625.8987827944027,130.0,0.0,8.0,6.0,10.0,2.5,1.0,58.0,10.0
1625.8992443328643,130.0,0.0,8.0,6.0,10.0,2.5,1.0,58.0,10.0
1626.2992443328644,130.0,0.0,8.0,6.0,10.0,2.5,1.0,58.0,10.0
1626.299705871326,130.0,0.0,8.0,6.0,10.0,2.5,1.0,58.0,10.0
1626.6997058713262,130.0,0.0,8.0,6.0,10.0,2.5,1.0,58.0,10.0
1626.7001674097878,130.0,0.0,8.0,6.0,10.0,2.5,1.0,58.0,10.0
1627.100167409788,130.0,0.0,8.0,6.0,10.0,2.5,1.0,58.0,10.0
1627.1006289482496,130.0,0.0,8.0,6.0,10.0,2.5,1.0,58.0,10.0
1627.5006289482496,130.0,0.0,8.0,6.0,10.0,2.5,1.0,58.0,10.0
1627.5010904867113,130.0,0.0,8.0,6.0,10.0,2.5,1.0,58.0,10.0
1627.9010904867114,130.0,0.0,8.0,6.0,10.0,2.5,1.0,58.0,10.0
1627.901552025173,130.0,0.0,8.0,6.0,10.0,2.5,1.0,58.0,10.0
1628.3015520251731,130.0,0.0,8.0,6.0,10.0,2.5,1.0,58.0,10.0
1628.3020135636348,130.0,0.0,8.0,6.0,10.0,2.5,1.0,58.0,10.0
1628.7020135636349,130.0,0.0,8.0,6.0,10.0,2.5,1.0,58.0,10.0
1628.7024751020965,130.0,0.0,8.0,6.0,10.0,2.5,1.0,58.0,10.0
1629.1024751020966,130.0,0.0,8.0,6.0,10.0,2.5,1.0,58.0,10.0
1629.1029366405583,130.0,0.0,8.0,6.0,10.0,2.5,1.0,58.0,10.0
1629.5029366405583,130.0,0.0,8.0,6.0,10.0,2.5,1.0,58.0,10.0
1629.50339817902,130.0,0.0,8.0,6.0,10.0,2.5,1.0,58.0,10.0
1629.90339817902,130.0,0.0,8.0,6.0,10.0,2.5,1.0,58.0,10.0
1629.9038597174817,130.0,0.0,8.0,6.0,10.0,2.5,1.0,58.0,10.0
1630.3038597174818,130.0,0.0,8.0,6.0,10.0,2.5,1.0,58.0,10.0
1630.3043212559435,130.0,0.0,8.0,6.0,10.0,2.5,1.0,58.0,10.0
1630.7043212559436,130.0,0.0,8.0,6.0,10.0,2.5,1.0,58.0,10.0
1630.7047827944052,130.0,0.0,8.0,6.0,10.0,2.5,1.0,58.0,10.0
1631.1047827944053,130.0,0.0,8.0,6.0,10.0,2.5,1.0,58.0,10.0
1631.105244332867,130.0,0.0,8.0,6.0,10.0,2.5,1.0,58.0,10.0
1631.505244332867,130.0,0.0,8.0,6.0,10.0,2.5,1.0,58.0,10.0
1631.5057058713287,130.0,0.0,8.0,6.0,10.0,2.5,1.0,58.0,10.0
1631.9057058713288,130.0,0.0,8.0,6.0,10.0,2.5,1.0,58.0,10.0
1631.9061674097904,130.0,0.0,8.0,6.0,10.0,2.5,1.0,58.0,10.0
1632.3061674097905,130.0,0.0,8.0,6.0,10.0,2.5,1.0,58.0,10.0
1632.3066289482522,130.0,0.0,8.0,6.0,10.0,2.5,1.0,58.0,10.0
1632.7066289482523,130.0,0.0,8.0,6.0,10.0,2.5,1.0,58.0,10.0
1632.707090486714,130.0,0.0,8.0,6.0,10.0,2.5,1.0,58.0,10.0
1633.107090486714,130.0,0.0,8.0,6.0,10.0,2.5,1.0,58.0,10.0
1633.1075520251757,130.0,0.0,8.0,6.0,10.0,2.5,1.0,58.0,10.0
1633.5075520251758,130.0,0.0,8.0,6.0,10.0,2.5,1.0,58.0,10.0
1633.5080135636374,130.0,0.0,8.0,6.0,10.0,2.5,1.0,58.0,10.0
1633.9080135636375,130.0,0.0,8.0,6.0,10.0,2.5,1.0,58.0,10.0
1633.9084751020991,130.0,0.0,8.0,6.0,10.0,2.5,1.0,58.0,10.0
1634.3084751020992,130.0,0.0,8.0,6.0,10.0,2.5,1.0,58.0,10.0
1634.308936640561,130.0,0.0,8.0,6.0,10.0,2.5,1.0,58.0,10.0
1634.708936640561,130.0,0.0,8.0,6.0,10.0,2.5,1.0,58.0,10.0
1634.7093981790226,130.0,0.0,8.0,6.0,10.0,2.5,1.0,58.0,10.0
1635.1093981790227,130.0,0.0,8.0,6.0,10.0,2.5,1.0,58.0,10.0
1635.1098597174844,130.0,0.0,8.0,6.0,10.0,2.5,1.0,58.0,10.0
1635.5098597174845,130.0,0.0,8.0,6.0,10.0,2.5,1.0,58.0,10.0
1635.510321255946,130.0,0.0,8.0,6.0,10.0,2.5,1.0,58.0,10.0
1635.9103212559462,130.0,0.0,8.0,6.0,10.0,2.5,1.0,58.0,10.0
1635.9107827944079,130.0,0.0,8.0,6.0,10.0,2.5,1.0,58.0,10.0
1636.310782794408,130.0,0.0,8.0,6.0,10.0,2.5,1.0,58.0,10.0
1636.3112443328696,130.0,0.0,8.0,6.0,10.0,2.5,1.0,58.0,10.0
1636.7112443328697,130.0,0.0,8.0,6.0,10.0,2.5,1.0,58.0,10.0
1636.7117058713313,130.0,0.0,8.0,6.0,10.0,2.5,1.0,58.0,10.0
1637.1117058713314,130.0,0.0,8.0,6.0,10.0,2.5,1.0,58.0,10.0
1637.112167409793,130.0,0.0,8.0,6.0,10.0,2.5,1.0,58.0,10.0
1637.5121674097932,130.0,0.0,8.0,6.0,10.0,2.5,1.0,58.0,10.0
1637.5126289482548,130.0,0.0,8.0,6.0,10.0,2.5,1.0,58.0,10.0
1637.912628948255,130.0,0.0,8.0,6.0,10.0,2.5,1.0,58.0,10.0
1637.9130904867166,120.0,0.0,8.0,6.0,10.0,2.5,1.0,58.0,10.0
1638.3130904867166,120.0,0.0,8.0,6.0,10.0,2.5,1.0,58.0,10.0
1638.3135904867167,120.0,0.0,8.0,6.0,10.0,2.5,1.0,58.0,10.0
1638.7135904867168,120.0,0.0,8.0,6.0,10.0,2.5,1.0,58.0,10.0
1638.714090486717,120.0,0.0,8.0,6.0,10.0,7.5,1.0,58.0,10.0
1639.114090486717,120.0,0.0,8.0,6.0,10.0,7.5,1.0,58.0,10.0
1639.1145904867171,120.0,0.0,8.0,6.0,10.0,7.5,1.0,58.0,10.0
1639.5145904867172,120.0,0.0,8.0,6.0,10.0,7.5,1.0,58.0,10.0
1639.5150904867173,120.0,0.0,8.0,6.0,10.0,7.5,1.0,58.0,10.0
1639.9150904867174,120.0,0.0,8.0,6.0,10.0,7.5,1.0,58.0,10.0
1639.9155904867175,120.0,0.0,8.0,6.0,10.0,7.5,1.0,58.0,10.0
1640.3155904867176,120.0,0.0,8.0,6.0,10.0,7.5,1.0,58.0,10.0
1640.3160904867177,120.0,0.0,8.0,6.0,10.0,5.5,1.0,59.0,10.0
1640.7160904867178,120.0,0.0,8.0,6.0,10.0,5.5,1.0,59.0,10.0
1640.716590486718,120.0,0.0,8.0,6.0,10.0,5.5,1.0,59.0,10.0
1641.116590486718,120.0,0.0,8.0,6.0,10.0,5.5,1.0,59.0,10.0
1641.117090486718,120.0,0.0,8.0,6.0,10.0,5.5,1.0,59.0,10.0
1641.5170904867182,120.0,0.0,8.0,6.0,10.0,5.5,1.0,59.0,10.0
1641.5175904867183,120.0,0.0,8.0,6.0,10.0,5.5,1.0,59.0,10.0
1641.9175904867184,120.0,0.0,8.0,6.0,10.0,5.5,1.0,59.0,10.0
1641.9180904867185,120.0,0.0,8.0,6.0,10.0,5.5,1.0,59.0,10.0
1642.3180904867186,120.0,0.0,8.0,6.0,10.0,5.5,1.0,59.0,10.0
1642.3185904867187,120.0,0.0,8.0,6.0,10.0,5.5,1.0,59.0,10.0
1642.7185904867188,120.0,0.0,8.0,6.0,10.0,5.5,1.0,59.0,10.0
1642.7190904867189,120.0,0.0,8.0,6.0,10.0,5.5,1.0,59.0,10.0
1643.119090486719,120.0,0.0,8.0,6.0,10.0,5.5,1.0,59.0,10.0
1643.119590486719,120.0,0.0,8.0,6.0,10.0,5.5,1.0,59.0,10.0
1643.5195904867192,120.0,0.0,8.0,6.0,10.0,5.5,1.0,59.0,10.0
1643.5200904867193,120.0,0.0,8.0,6.0,10.0,5.5,1.0,59.0,10.0
1643.9200904867193,120.0,0.0,8.0,6.0,10.0,5.5,1.0,59.0,10.0
1643.9205904867194,120.0,0.0,8.0,6.0,10.0,5.5,1.0,59.0,10.0
1644.3205904867195,120.0,0.0,8.0,6.0,10.0,5.5,1.0,59.0,10.0
1644.3210904867196,120.0,0.0,8.0,6.0,10.0,5.5,1.0,59.0,10.0
1644.7210904867197,120.0,0.0,8.0,6.0,10.0,5.5,1.0,59.0,10.0
1644.7215904867198,120.0,0.0,8.0,6.0,10.0,5.5,1.0,59.0,10.0
1645.12159048672,120.0,0.0,8.0,6.0,10.0,5.5,1.0,59.0,10.0
1645.12209048672,120.0,0.0,8.0,6.0,10.0,5.5,1.0,59.0,10.0
1645.5220904867201,120.0,0.0,8.0,6.0,10.0,5.5,1.0,59.0,10.0
1645.5225904867202,120.0,0.0,8.0,6.0,10.0,5.5,1.0,59.0,10.0
1645.9225904867203,120.0,0.0,8.0,6.0,10.0,5.5,1.0,59.0,10.0
1645.9230904867204,120.0,0.0,8.0,6.0,10.0,5.5,1.0,59.0,10.0
1646.3230904867205,120.0,0.0,8.0,6.0,10.0,5.5,1.0,59.0,10.0
1646.3235904867206,120.0,0.0,8.0,6.0,10.0,5.5,1.0,59.0,10.0
1646.7235904867207,120.0,0.0,8.0,6.0,10.0,5.5,1.0,59.0,10.0
1646.7240904867208,120.0,0.0,8.0,6.0,10.0,5.5,1.0,59.0,10.0
1647.124090486721,120.0,0.0,8.0,6.0,10.0,5.5,1.0,59.0,10.0
1647.124590486721,120.0,0.0,8.0,6.0,10.0,5.5,1.0,59.0,10.0
1647.524590486721,120.0,0.0,8.0,6.0,10.0,5.5,1.0,59.0,10.0
1647.5250904867212,120.0,0.0,8.0,6.0,10.0,5.5,1.0,59.0,10.0
1647.9250904867213,120.0,0.0,8.0,6.0,10.0,5.5,1.0,59.0,10.0
1647.9255904867214,120.0,0.0,8.0,6.0,10.0,5.5,1.0,59.0,10.0
1648.3255904867215,120.0,0.0,8.0,6.0,10.0,5.5,1.0,59.0,10.0
1648.3260904867216,120.0,0.0,8.0,6.0,10.0,5.5,1.0,59.0,10.0
1648.7260904867217,120.0,0.0,8.0,6.0,10.0,5.5,1.0,59.0,10.0
1648.7265904867218,120.0,0.0,8.0,6.0,10.0,5.5,1.0,59.0,10.0
1649.1265904867219,120.0,0.0,8.0,6.0,10.0,5.5,1.0,59.0,10.0
1649.127090486722,120.0,0.0,8.0,6.0,10.0,5.5,1.0,59.0,10.0
1649.527090486722,120.0,0.0,8.0,6.0,10.0,5.5,1.0,59.0,10.0
1649.5275904867221,120.0,0.0,8.0,6.0,10.0,5.5,1.0,59.0,10.0
1649.9275904867222,120.0,0.0,8.0,6.0,10.0,5.5,1.0,59.0,10.0
1649.9280904867223,120.0,0.0,8.0,6.0,10.0,5.5,1.0,59.0,10.0
1650.3280904867224,120.0,0.0,8.0,6.0,10.0,5.5,1.0,59.0,10.0
1650.3285904867225,120.0,0.0,8.0,6.0,10.0,5.5,1.0,59.0,10.0
1650.7285904867226,120.0,0.0,8.0,6.0,10.0,5.5,1.0,59.0,10.0
1650.7290904867227,120.0,0.0,8.0,6.0,10.0,5.5,1.0,59.0,10.0
1651.1290904867228,120.0,0.0,8.0,6.0,10.0,5.5,1.0,59.0,10.0
1651.129590486723,120.0,0.0,8.0,6.0,10.0,5.5,1.0,59.0,10.0
1651.529590486723,120.0,0.0,8.0,6.0,10.0,5.5,1.0,59.0,10.0
1651.530090486723,120.0,0.0,8.0,6.0,10.0,5.5,1.0,59.0,10.0
1651.9300904867232,120.0,0.0,8.0,6.0,10.0,5.5,1.0,59.0,10.0
1651.9305904867233,120.0,0.0,8.0,6.0,10.0,5.5,1.0,59.0,10.0
1652.3305904867234,120.0,0.0,8.0,6.0,10.0,5.5,1.0,59.0,10.0
1652.3310904867235,120.0,0.0,8.0,6.0,10.0,5.5,1.0,59.0,10.0
1652.7310904867236,120.0,0.0,8.0,6.0,10.0,5.5,1.0,59.0,10.0
1652.7315904867237,120.0,0.0,8.0,6.0,10.0,5.5,1.0,59.0,10.0
1653.1315904867238,120.0,0.0,8.0,6.0,10.0,5.5,1.0,59.0,10.0
1653.1320904867239,120.0,0.0,8.0,6.0,10.0,5.5,1.0,59.0,10.0
1653.532090486724,120.0,0.0,8.0,6.0,10.0,5.5,1.0,59.0,10.0
1653.532590486724,120.0,0.0,8.0,6.0,10.0,5.5,1.0,59.0,10.0
1653.9325904867242,120.0,0.0,8.0,6.0,10.0,5.5,1.0,59.0,10.0
1653.9330904867243,120.0,0.0,8.0,6.0,10.0,5.5,1.0,59.0,10.0
1654.3330904867244,120.0,0.0,8.0,6.0,10.0,5.5,1.0,59.0,10.0
1654.3335904867245,120.0,0.0,8.0,6.0,10.0,5.5,1.0,59.0,10.0
1654.7335904867246,120.0,0.0,8.0,6.0,10.0,5.5,1.0,59.0,10.0
1654.7340904867247,120.0,0.0,8.0,6.0,10.0,5.5,1.0,59.0,10.0
1655.1340904867247,120.0,0.0,8.0,6.0,10.0,5.5,1.0,59.0,10.0
1655.1345904867248,120.0,0.0,8.0,6.0,10.0,5.5,1.0,59.0,10.0
1655.534590486725,120.0,0.0,8.0,6.0,10.0,5.5,1.0,59.0,10.0
1655.535090486725,120.0,0.0,8.0,6.0,10.0,5.5,1.0,59.0,10.0
1655.9350904867251,120.0,0.0,8.0,6.0,10.0,5.5,1.0,59.0,10.0
1655.9355904867252,120.0,0.0,8.0,6.0,10.0,5.5,1.0,59.0,10.0
1656.3355904867253,120.0,0.0,8.0,6.0,10.0,5.5,1.0,59.0,10.0
1656.3360904867254,120.0,0.0,8.0,6.0,10.0,5.5,1.0,59.0,10.0
1656.7360904867255,120.0,0.0,8.0,6.0,10.0,5.5,1.0,59.0,10.0
1656.7365904867256,120.0,0.0,8.0,6.0,10.0,5.5,1.0,59.0,10.0
1657.1365904867257,120.0,0.0,8.0,6.0,10.0,5.5,1.0,59.0,10.0
1657.1370904867258,120.0,0.0,8.0,6.0,10.0,5.5,1.0,59.0,10.0
1657.537090486726,120.0,0.0,8.0,6.0,10.0,5.5,1.0,59.0,10.0
1657.537590486726,120.0,0.0,8.0,6.0,10.0,5.5,1.0,59.0,10.0
1657.937590486726,120.0,0.0,8.0,6.0,10.0,5.5,1.0,59.0,10.0
1657.9380904867262,120.0,0.0,8.0,6.0,10.0,5.5,1.0,59.0,10.0
1658.3380904867263,120.0,0.0,8.0,6.0,10.0,5.5,1.0,59.0,10.0
1658.3385904867264,120.0,0.0,8.0,6.0,10.0,5.5,1.0,59.0,10.0
1658.7385904867265,120.0,0.0,8.0,6.0,10.0,5.5,1.0,59.0,10.0
1658.7390904867266,120.0,0.0,8.0,6.0,10.0,5.5,1.0,59.0,10.0
1659.1390904867267,120.0,0.0,8.0,6.0,10.0,5.5,1.0,59.0,10.0
1659.1395904867268,120.0,0.0,8.0,6.0,10.0,5.5,1.0,59.0,10.0
1659.5395904867269,120.0,0.0,8.0,6.0,10.0,5.5,1.0,59.0,10.0
1659.540090486727,120.0,0.0,8.0,6.0,10.0,5.5,1.0,59.0,10.0
1659.940090486727,120.0,0.0,8.0,6.0,10.0,5.5,1.0,59.0,10.0
1659.9405904867272,120.0,0.0,8.0,6.0,10.0,5.5,1.0,59.0,10.0
1660.3405904867273,120.0,0.0,8.0,6.0,10.0,5.5,1.0,59.0,10.0
1660.3410904867274,120.0,0.0,8.0,6.0,10.0,5.5,1.0,59.0,10.0
1660.7410904867274,120.0,0.0,8.0,6.0,10.0,5.5,1.0,59.0,10.0
1660.7415904867275,120.0,0.0,8.0,6.0,10.0,5.5,1.0,59.0,10.0
1661.1415904867276,120.0,0.0,8.0,6.0,10.0,5.5,1.0,59.0,10.0
1661.1420904867277,120.0,0.0,8.0,6.0,10.0,5.5,1.0,59.0,10.0
1661.5420904867278,120.0,0.0,8.0,6.0,10.0,5.5,1.0,59.0,10.0
1661.542590486728,120.0,0.0,8.0,6.0,10.0,5.5,1.0,59.0,10.0
1661.942590486728,120.0,0.0,8.0,6.0,10.0,5.5,1.0,59.0,10.0
1661.9430904867281,120.0,0.0,8.0,6.0,10.0,5.5,1.0,59.0,10.0
1662.3430904867282,120.0,0.0,8.0,6.0,10.0,5.5,1.0,59.0,10.0
1662.3435904867283,120.0,0.0,8.0,6.0,10.0,5.5,1.0,59.0,10.0
1662.7435904867284,120.0,0.0,8.0,6.0,10.0,5.5,1.0,59.0,10.0
1662.7440904867285,120.0,0.0,8.0,6.0,10.0,5.5,1.0,59.0,10.0
1663.1440904867286,120.0,0.0,8.0,6.0,10.0,5.5,1.0,59.0,10.0
1663.1445904867287,120.0,0.0,8.0,6.0,10.0,5.5,1.0,59.0,10.0
1663.5445904867288,120.0,0.0,8.0,6.0,10.0,5.5,1.0,59.0,10.0
1663.545090486729,120.0,0.0,8.0,6.0,10.0,5.5,1.0,59.0,10.0
1663.945090486729,120.0,0.0,8.0,6.0,10.0,5.5,1.0,59.0,10.0
1663.945590486729,110.0,0.0,8.0,6.0,10.0,5.5,1.0,59.0,10.0
1664.3455904867292,110.0,0.0,8.0,6.0,10.0,5.5,1.0,59.0,10.0
1664.3461359412747,110.0,0.0,8.0,6.0,10.0,5.5,1.0,59.0,10.0
1664.7461359412748,110.0,0.0,8.0,6.0,10.0,5.5,1.0,59.0,10.0
1664.7466813958204,110.0,0.0,8.0,6.0,10.0,5.5,1.0,59.0,10.0
1665.1466813958205,110.0,0.0,8.0,6.0,10.0,5.5,1.0,59.0,10.0
1665.147226850366,110.0,0.0,8.0,6.0,10.0,5.5,1.0,59.0,10.0
1665.547226850366,110.0,0.0,8.0,6.0,10.0,5.5,1.0,59.0,10.0
1665.5477723049116,110.0,0.0,8.0,6.0,10.0,5.5,1.0,59.0,10.0
1665.9477723049117,110.0,0.0,8.0,6.0,10.0,5.5,1.0,59.0,10.0
1665.9483177594573,110.0,0.0,8.0,6.0,10.0,5.5,1.0,59.0,10.0
1666.3483177594574,110.0,0.0,8.0,6.0,10.0,5.5,1.0,59.0,10.0
1666.348863214003,110.0,0.0,8.0,6.0,10.0,5.5,1.0,59.0,10.0
1666.748863214003,110.0,0.0,8.0,6.0,10.0,5.5,1.0,59.0,10.0
1666.7494086685485,100.0,0.0,8.0,6.0,10.0,5.5,1.0,59.0,10.0
1667.1494086685486,100.0,0.0,8.0,6.0,10.0,5.5,1.0,59.0,10.0
1667.1500086685487,100.0,0.0,8.0,6.0,10.0,5.5,1.0,59.0,10.0
1667.5500086685488,100.0,0.0,8.0,6.0,10.0,5.5,1.0,59.0,10.0
1667.5506086685489,100.0,0.0,8.0,6.0,10.0,5.5,1.0,59.0,10.0
1667.950608668549,100.0,0.0,8.0,6.0,10.0,5.5,1.0,59.0,10.0
1667.951208668549,100.0,0.0,8.0,6.0,10.0,5.5,1.0,59.0,10.0
1668.3512086685491,100.0,0.0,8.0,6.0,10.0,5.5,1.0,59.0,10.0
1668.3518086685492,100.0,0.0,8.0,6.0,10.0,5.5,1.0,59.0,10.0
1668.7518086685493,100.0,0.0,8.0,6.0,10.0,5.5,1.0,59.0,10.0
1668.7524086685494,100.0,0.0,8.0,6.0,10.0,5.5,1.0,59.0,10.0
1669.1524086685495,100.0,0.0,8.0,6.0,10.0,5.5,1.0,59.0,10.0
1669.1530086685495,100.0,0.0,8.0,6.0,10.0,5.5,1.0,59.0,10.0
1669.5530086685496,100.0,0.0,8.0,6.0,10.0,5.5,1.0,59.0,10.0
1669.5536086685497,100.0,0.0,8.0,6.0,10.0,5.5,1.0,59.0,10.0
1669.9536086685498,100.0,0.0,8.0,6.0,10.0,5.5,1.0,59.0,10.0
1669.9542086685499,100.0,0.0,8.0,6.0,10.0,5.5,1.0,59.0,10.0
1670.35420866855,100.0,0.0,8.0,6.0,10.0,5.5,1.0,59.0,10.0
1670.35480866855,100.0,0.0,8.0,6.0,10.0,5.5,1.0,59.0,10.0
1670.7548086685501,100.0,0.0,8.0,6.0,10.0,5.5,1.0,59.0,10.0
1670.7554086685502,100.0,0.0,8.0,6.0,10.0,5.5,1.0,59.0,10.0
1671.1554086685503,100.0,0.0,8.0,6.0,10.0,5.5,1.0,59.0,10.0
1671.1560086685504,100.0,0.0,8.0,6.0,10.0,5.5,1.0,59.0,10.0
1671.5560086685505,100.0,0.0,8.0,6.0,10.0,5.5,1.0,59.0,10.0
1671.5566086685506,100.0,0.0,8.0,6.0,10.0,5.5,1.0,59.0,10.0
1671.9566086685506,100.0,0.0,8.0,6.0,10.0,5.5,1.0,59.0,10.0
1671.9572086685507,100.0,0.0,8.0,6.0,10.0,5.5,1.0,59.0,10.0
1672.3572086685508,100.0,0.0,8.0,6.0,10.0,5.5,1.0,59.0,10.0
1672.357808668551,100.0,0.0,8.0,6.0,10.0,5.5,1.0,59.0,10.0
1672.757808668551,100.0,0.0,8.0,6.0,10.0,5.5,1.0,59.0,10.0
1672.758408668551,100.0,0.0,8.0,6.0,10.0,5.5,1.0,59.0,10.0
1673.1584086685511,100.0,0.0,8.0,6.0,10.0,5.5,1.0,59.0,10.0
1673.1590086685512,100.0,0.0,8.0,6.0,10.0,5.5,1.0,59.0,10.0
1673.5590086685513,100.0,0.0,8.0,6.0,10.0,5.5,1.0,59.0,10.0
1673.5596086685514,100.0,0.0,8.0,6.0,10.0,5.5,1.0,59.0,10.0
1673.9596086685515,100.0,0.0,8.0,6.0,10.0,5.5,1.0,59.0,10.0
1673.9602086685516,100.0,0.0,8.0,6.0,10.0,5.5,1.0,59.0,10.0
1674.3602086685516,100.0,0.0,8.0,6.0,10.0,5.5,1.0,59.0,10.0
1674.3608086685517,100.0,0.0,8.0,6.0,10.0,5.5,1.0,59.0,10.0
1674.7608086685518,100.0,0.0,8.0,6.0,10.0,5.5,1.0,59.0,10.0
1674.761408668552,100.0,0.0,8.0,6.0,10.0,5.5,1.0,59.0,10.0
1675.161408668552,100.0,0.0,8.0,6.0,10.0,5.5,1.0,59.0,10.0
1675.162008668552,100.0,0.0,8.0,6.0,10.0,5.5,1.0,59.0,10.0
1675.5620086685522,100.0,0.0,8.0,6.0,10.0,5.5,1.0,59.0,10.0
1675.5626086685522,100.0,0.0,8.0,6.0,10.0,5.5,1.0,59.0,10.0
1675.9626086685523,100.0,0.0,8.0,6.0,10.0,5.5,1.0,59.0,10.0
1675.9632086685524,100.0,0.0,8.0,6.0,10.0,5.5,1.0,59.0,10.0
1676.3632086685525,100.0,0.0,8.0,6.0,10.0,5.5,1.0,59.0,10.0
1676.3638086685526,90.0,0.0,8.0,6.0,10.0,5.5,1.0,59.0,10.0
1676.7638086685527,90.0,0.0,8.0,6.0,10.0,5.5,1.0,59.0,10.0
1676.7644753352192,90.0,0.0,8.0,6.0,10.0,5.5,1.0,59.0,10.0
1677.1644753352193,90.0,0.0,8.0,6.0,10.0,5.5,1.0,59.0,10.0
1677.165142001886,90.0,0.0,8.0,6.0,10.0,5.5,1.0,59.0,10.0
1677.565142001886,90.0,0.0,8.0,6.0,10.0,5.5,1.0,59.0,10.0
1677.5658086685526,90.0,0.0,8.0,6.0,10.0,5.5,1.0,59.0,10.0
1677.9658086685527,90.0,0.0,8.0,6.0,10.0,5.5,1.0,59.0,10.0
1677.9664753352192,90.0,0.0,8.0,6.0,10.0,5.5,1.0,59.0,10.0
1678.3664753352193,90.0,0.0,8.0,6.0,10.0,5.5,1.0,59.0,10.0
1678.367142001886,90.0,0.0,8.0,6.0,10.0,5.5,1.0,59.0,10.0
1678.767142001886,90.0,0.0,8.0,6.0,10.0,5.5,1.0,59.0,10.0
1678.7678086685526,90.0,0.0,8.0,6.0,10.0,5.5,1.0,59.0,10.0
1679.1678086685527,90.0,0.0,8.0,6.0,10.0,5.5,1.0,59.0,10.0
1679.1684753352192,90.0,0.0,8.0,6.0,10.0,5.5,1.0,59.0,10.0
1679.5684753352193,90.0,0.0,8.0,6.0,10.0,5.5,1.0,59.0,10.0
1679.569142001886,90.0,0.0,8.0,6.0,10.0,5.5,1.0,59.0,10.0
1679.969142001886,90.0,0.0,8.0,6.0,10.0,5.5,1.0,59.0,10.0
1679.9698086685526,90.0,0.0,8.0,6.0,10.0,5.5,1.0,59.0,10.0
1680.3698086685527,90.0,0.0,8.0,6.0,10.0,5.5,1.0,59.0,10.0
1680.3704753352192,90.0,0.0,8.0,6.0,10.0,5.5,1.0,59.0,10.0
1680.7704753352193,90.0,0.0,8.0,6.0,10.0,5.5,1.0,59.0,10.0
1680.771142001886,90.0,0.0,8.0,6.0,10.0,5.5,1.0,59.0,10.0
1681.171142001886,90.0,0.0,8.0,6.0,10.0,5.5,1.0,59.0,10.0
1681.1718086685526,90.0,0.0,8.0,6.0,10.0,5.5,1.0,59.0,10.0
1681.5718086685526,90.0,0.0,8.0,6.0,10.0,5.5,1.0,59.0,10.0
1681.5724753352192,90.0,0.0,8.0,6.0,10.0,5.5,1.0,59.0,10.0
1681.9724753352193,90.0,0.0,8.0,6.0,10.0,5.5,1.0,59.0,10.0
1681.973142001886,90.0,0.0,8.0,6.0,10.0,5.5,1.0,59.0,10.0
1682.373142001886,90.0,0.0,8.0,6.0,10.0,5.5,1.0,59.0,10.0
1682.3738086685526,90.0,0.0,8.0,6.0,10.0,5.5,1.0,59.0,10.0
1682.7738086685526,90.0,0.0,8.0,6.0,10.0,5.5,1.0,59.0,10.0
1682.7744753352192,100.0,0.0,8.0,6.0,10.0,5.5,1.0,59.0,10.0
1683.1744753352193,100.0,0.0,8.0,6.0,10.0,5.5,1.0,59.0,10.0
1683.1750753352194,100.0,0.0,8.0,6.0,10.0,5.5,1.0,59.0,10.0
1683.5750753352195,100.0,0.0,8.0,6.0,10.0,5.5,1.0,59.0,10.0
1683.5756753352196,100.0,0.0,8.0,6.0,10.0,5.5,1.0,59.0,10.0
1683.9756753352196,100.0,0.0,8.0,6.0,10.0,5.5,1.0,59.0,10.0
1683.9762753352197,100.0,0.0,8.0,6.0,10.0,5.5,1.0,59.0,10.0
1684.3762753352198,100.0,0.0,8.0,6.0,10.0,5.5,1.0,59.0,10.0
1684.37687533522,100.0,0.0,8.0,6.0,10.0,5.5,1.0,59.0,10.0
1684.77687533522,100.0,0.0,8.0,6.0,10.0,5.5,1.0,59.0,10.0
1684.77747533522,100.0,0.0,8.0,6.0,10.0,5.5,1.0,59.0,10.0
1685.1774753352202,100.0,0.0,8.0,6.0,10.0,5.5,1.0,59.0,10.0
1685.1780753352202,100.0,0.0,8.0,6.0,10.0,5.5,1.0,59.0,10.0
1685.5780753352203,100.0,0.0,8.0,6.0,10.0,5.5,1.0,59.0,10.0
1685.5786753352204,100.0,0.0,8.0,6.0,10.0,5.5,1.0,59.0,10.0
1685.9786753352205,100.0,0.0,8.0,6.0,10.0,5.5,1.0,59.0,10.0
1685.9792753352206,100.0,0.0,8.0,6.0,10.0,5.5,1.0,59.0,10.0
1686.3792753352207,100.0,0.0,8.0,6.0,10.0,5.5,1.0,59.0,10.0
1686.3798753352207,100.0,0.0,8.0,6.0,10.0,5.5,1.0,59.0,10.0
1686.7798753352208,100.0,0.0,8.0,6.0,10.0,5.5,1.0,59.0,10.0
1686.780475335221,100.0,0.0,8.0,6.0,10.0,5.5,1.0,59.0,10.0
1687.180475335221,100.0,0.0,8.0,6.0,10.0,5.5,1.0,59.0,10.0
1687.181075335221,100.0,0.0,8.0,6.0,10.0,5.5,1.0,59.0,10.0
1687.5810753352212,100.0,0.0,8.0,6.0,10.0,5.5,1.0,59.0,10.0
1687.5816753352212,100.0,0.0,8.0,6.0,10.0,5.5,1.0,59.0,10.0
1687.9816753352213,100.0,0.0,8.0,6.0,10.0,5.5,1.0,59.0,10.0
1687.9822753352214,100.0,0.0,8.0,6.0,10.0,5.5,1.0,59.0,10.0
1688.3822753352215,100.0,0.0,8.0,6.0,10.0,5.5,1.0,59.0,10.0
1688.3828753352216,100.0,0.0,8.0,6.0,10.0,5.5,1.0,59.0,10.0
1688.7828753352217,100.0,0.0,8.0,6.0,10.0,5.5,1.0,59.0,10.0
1688.7834753352217,100.0,0.0,8.0,6.0,10.0,5.5,1.0,59.0,10.0
1689.1834753352218,100.0,0.0,8.0,6.0,10.0,5.5,1.0,59.0,10.0
1689.184075335222,100.0,0.0,8.0,6.0,10.0,5.5,1.0,59.0,10.0
1689.584075335222,100.0,0.0,8.0,6.0,10.0,5.5,1.0,59.0,10.0
1689.584675335222,100.0,0.0,8.0,6.0,10.0,5.5,1.0,59.0,10.0
1689.9846753352222,100.0,0.0,8.0,6.0,10.0,5.5,1.0,59.0,10.0
1689.9852753352222,100.0,0.0,8.0,6.0,10.0,5.5,1.0,59.0,10.0
1690.3852753352223,100.0,0.0,8.0,6.0,10.0,5.5,1.0,59.0,10.0
1690.3858753352224,100.0,0.0,8.0,6.0,10.0,5.5,1.0,59.0,10.0
1690.7858753352225,100.0,0.0,8.0,6.0,10.0,5.5,1.0,59.0,10.0
1690.7864753352226,100.0,0.0,8.0,6.0,10.0,5.5,1.0,59.0,10.0
1691.1864753352227,100.0,0.0,8.0,6.0,10.0,5.5,1.0,59.0,10.0
1691.1870753352227,100.0,0.0,8.0,6.0,10.0,5.5,1.0,59.0,10.0
1691.5870753352228,100.0,0.0,8.0,6.0,10.0,5.5,1.0,59.0,10.0
1691.587675335223,100.0,0.0,8.0,6.0,10.0,5.5,1.0,59.0,10.0
1691.987675335223,100.0,0.0,8.0,6.0,10.0,5.5,1.0,59.0,10.0
1691.988275335223,100.0,0.0,8.0,6.0,10.0,5.5,1.0,59.0,10.0
1692.3882753352232,100.0,0.0,8.0,6.0,10.0,5.5,1.0,59.0,10.0
1692.3888753352232,100.0,0.0,8.0,6.0,10.0,5.5,1.0,59.0,10.0
1692.7888753352233,100.0,0.0,8.0,6.0,10.0,5.5,1.0,59.0,10.0
1692.7894753352234,100.0,0.0,8.0,6.0,10.0,5.5,1.0,59.0,10.0
1693.1894753352235,100.0,0.0,8.0,6.0,10.0,5.5,1.0,59.0,10.0
1693.1900753352236,100.0,0.0,8.0,6.0,10.0,5.5,1.0,59.0,10.0
1693.5900753352237,100.0,0.0,8.0,6.0,10.0,5.5,1.0,59.0,10.0
1693.5906753352238,100.0,0.0,8.0,6.0,10.0,5.5,1.0,59.0,10.0
1693.9906753352238,100.0,0.0,8.0,6.0,10.0,5.5,1.0,59.0,10.0
1693.991275335224,100.0,0.0,8.0,6.0,10.0,5.5,1.0,59.0,10.0
1694.391275335224,100.0,0.0,8.0,6.0,10.0,5.5,1.0,59.0,10.0
1694.391875335224,100.0,0.0,8.0,6.0,10.0,5.5,1.0,59.0,10.0
1694.7918753352242,100.0,0.0,8.0,6.0,10.0,5.5,1.0,59.0,10.0
1694.7924753352243,100.0,0.0,8.0,6.0,10.0,5.5,1.0,59.0,10.0
1695.1924753352243,100.0,0.0,8.0,6.0,10.0,5.5,1.0,59.0,10.0
1695.1930753352244,100.0,0.0,8.0,6.0,10.0,5.5,1.0,59.0,10.0
1695.5930753352245,100.0,0.0,8.0,6.0,10.0,5.5,1.0,59.0,10.0
1695.5936753352246,100.0,0.0,8.0,6.0,10.0,5.5,1.0,59.0,10.0
1695.9936753352247,100.0,0.0,8.0,6.0,10.0,5.5,1.0,59.0,10.0
1695.9942753352248,100.0,0.0,8.0,6.0,10.0,5.5,1.0,59.0,10.0
1696.3942753352248,100.0,0.0,8.0,6.0,10.0,5.5,1.0,59.0,10.0
1696.394875335225,100.0,0.0,8.0,6.0,10.0,5.5,1.0,59.0,10.0
1696.794875335225,100.0,0.0,8.0,6.0,10.0,5.5,1.0,59.0,10.0
1696.795475335225,100.0,0.0,8.0,6.0,10.0,5.5,1.0,59.0,10.0
1697.1954753352252,100.0,0.0,8.0,6.0,10.0,5.5,1.0,59.0,10.0
1697.1960753352253,100.0,0.0,8.0,6.0,10.0,5.5,1.0,59.0,10.0
1697.5960753352254,100.0,0.0,8.0,6.0,10.0,5.5,1.0,59.0,10.0
1697.5966753352254,90.0,0.0,8.0,6.0,10.0,5.5,1.0,59.0,10.0
1697.9966753352255,90.0,0.0,8.0,6.0,10.0,5.5,1.0,59.0,10.0
1697.997342001892,90.0,0.0,8.0,6.0,10.0,5.5,1.0,59.0,10.0
1698.3973420018922,90.0,0.0,8.0,6.0,10.0,5.5,1.0,59.0,10.0
1698.3980086685588,90.0,0.0,8.0,6.0,10.0,5.5,1.0,59.0,10.0
1698.7980086685589,90.0,0.0,8.0,6.0,10.0,5.5,1.0,59.0,10.0
1698.7986753352254,90.0,0.0,8.0,6.0,10.0,5.5,1.0,59.0,10.0
1699.1986753352255,90.0,0.0,8.0,6.0,10.0,5.5,1.0,59.0,10.0
1699.199342001892,90.0,0.0,8.0,6.0,10.0,5.5,1.0,59.0,10.0
1699.5993420018922,90.0,0.0,8.0,6.0,10.0,5.5,1.0,59.0,10.0
1699.6000086685588,90.0,0.0,8.0,6.0,10.0,5.5,1.0,59.0,10.0
1700.0000086685588,90.0,0.0,8.0,6.0,10.0,5.5,1.0,59.0,10.0
1700.0006753352254,90.0,0.0,8.0,6.0,10.0,5.5,1.0,59.0,10.0
1700.4006753352255,90.0,0.0,8.0,6.0,10.0,5.5,1.0,59.0,10.0
1700.401342001892,90.0,0.0,8.0,6.0,10.0,5.5,1.0,59.0,10.0
1700.8013420018922,90.0,0.0,8.0,6.0,10.0,5.5,1.0,59.0,10.0
1700.8020086685588,90.0,0.0,8.0,6.0,10.0,5.5,1.0,59.0,10.0
1701.2020086685588,90.0,0.0,8.0,6.0,10.0,5.5,1.0,59.0,10.0
1701.2026753352254,90.0,0.0,8.0,6.0,10.0,5.5,1.0,59.0,10.0
1701.6026753352255,90.0,0.0,8.0,6.0,10.0,5.5,1.0,59.0,10.0
1701.603342001892,90.0,0.0,8.0,6.0,10.0,5.5,1.0,59.0,10.0
1702.0033420018922,90.0,0.0,8.0,6.0,10.0,5.5,1.0,59.0,10.0
1702.0040086685588,90.0,0.0,8.0,6.0,10.0,5.5,1.0,59.0,10.0
1702.4040086685588,90.0,0.0,8.0,6.0,10.0,5.5,1.0,59.0,10.0
1702.4046753352254,90.0,0.0,8.0,6.0,10.0,5.5,1.0,59.0,10.0
1702.8046753352255,90.0,0.0,8.0,6.0,10.0,5.5,1.0,59.0,10.0
1702.805342001892,90.0,0.0,8.0,6.0,10.0,5.5,1.0,59.0,10.0
1703.2053420018922,90.0,0.0,8.0,6.0,10.0,5.5,1.0,59.0,10.0
1703.2060086685588,90.0,0.0,8.0,6.0,10.0,5.5,1.0,59.0,10.0
1703.6060086685588,90.0,0.0,8.0,6.0,10.0,5.5,1.0,59.0,10.0
1703.6066753352254,90.0,0.0,8.0,6.0,10.0,5.5,1.0,59.0,10.0
1704.0066753352255,90.0,0.0,8.0,6.0,10.0,5.5,1.0,59.0,10.0
1704.007342001892,90.0,0.0,8.0,6.0,10.0,5.5,1.0,59.0,10.0
1704.4073420018922,90.0,0.0,8.0,6.0,10.0,5.5,1.0,59.0,10.0
1704.4080086685588,100.0,0.0,8.0,6.0,10.0,5.5,1.0,59.0,10.0
1704.8080086685588,100.0,0.0,8.0,6.0,10.0,5.5,1.0,59.0,10.0
1704.808608668559,100.0,0.0,8.0,6.0,10.0,5.5,1.0,59.0,10.0
1705.208608668559,100.0,0.0,8.0,6.0,10.0,5.5,1.0,59.0,10.0
1705.209208668559,100.0,0.0,8.0,6.0,10.0,5.5,1.0,59.0,10.0
1705.6092086685592,100.0,0.0,8.0,6.0,10.0,5.5,1.0,59.0,10.0
1705.6098086685593,100.0,0.0,8.0,6.0,10.0,5.5,1.0,59.0,10.0
1706.0098086685593,100.0,0.0,8.0,6.0,10.0,5.5,1.0,59.0,10.0
1706.0104086685594,100.0,0.0,8.0,6.0,10.0,5.5,1.0,59.0,10.0
1706.4104086685595,100.0,0.0,8.0,6.0,10.0,5.5,1.0,59.0,10.0
1706.4110086685596,100.0,0.0,8.0,6.0,10.0,5.5,1.0,59.0,10.0
1706.8110086685597,100.0,0.0,8.0,6.0,10.0,5.5,1.0,59.0,10.0
1706.8116086685598,110.0,0.0,8.0,6.0,10.0,5.5,1.0,59.0,10.0
1707.2116086685598,110.0,0.0,8.0,6.0,10.0,5.5,1.0,59.0,10.0
1707.2121541231054,110.0,0.0,8.0,6.0,10.0,5.5,1.0,59.0,10.0
1707.6121541231055,110.0,0.0,8.0,6.0,10.0,5.5,1.0,59.0,10.0
1707.612699577651,110.0,0.0,8.0,6.0,10.0,5.5,1.0,59.0,10.0
1708.0126995776511,110.0,0.0,8.0,6.0,10.0,5.5,1.0,59.0,10.0
1708.0132450321967,110.0,0.0,8.0,6.0,10.0,5.5,1.0,59.0,10.0
1708.4132450321968,110.0,0.0,8.0,6.0,10.0,5.5,1.0,59.0,10.0
1708.4137904867423,110.0,0.0,8.0,6.0,10.0,5.5,1.0,59.0,10.0
1708.8137904867424,110.0,0.0,8.0,6.0,10.0,5.5,1.0,59.0,10.0
1708.814335941288,120.0,0.0,8.0,6.0,10.0,5.5,1.0,59.0,10.0
1709.214335941288,120.0,0.0,8.0,6.0,10.0,5.5,1.0,59.0,10.0
1709.2148359412881,120.0,0.0,8.0,6.0,10.0,5.5,1.0,59.0,10.0
1709.6148359412882,120.0,0.0,8.0,6.0,10.0,5.5,1.0,59.0,10.0
1709.6153359412883,120.0,0.0,8.0,6.0,10.0,5.5,1.0,59.0,10.0
1710.0153359412884,120.0,0.0,8.0,6.0,10.0,5.5,1.0,59.0,10.0
1710.0158359412885,120.0,0.0,8.0,6.0,10.0,5.5,1.0,59.0,10.0
1710.4158359412886,120.0,0.0,8.0,6.0,10.0,5.5,1.0,59.0,10.0
1710.4163359412887,120.0,0.0,8.0,6.0,10.0,5.5,1.0,59.0,10.0
1710.8163359412888,120.0,0.0,8.0,6.0,10.0,5.5,1.0,59.0,10.0
1710.816835941289,120.0,0.0,8.0,6.0,10.0,5.5,1.0,59.0,10.0
1711.216835941289,120.0,0.0,8.0,6.0,10.0,5.5,1.0,59.0,10.0
1711.217335941289,120.0,0.0,8.0,6.0,10.0,5.5,1.0,59.0,10.0
1711.6173359412892,120.0,0.0,8.0,6.0,10.0,5.5,1.0,59.0,10.0
1711.6178359412893,120.0,0.0,8.0,6.0,10.0,5.5,1.0,59.0,10.0
1712.0178359412894,120.0,0.0,8.0,6.0,10.0,5.5,1.0,59.0,10.0
1712.0183359412895,120.0,0.0,8.0,6.0,10.0,5.5,1.0,59.0,10.0
1712.4183359412896,120.0,0.0,8.0,6.0,10.0,5.5,1.0,59.0,10.0
1712.4188359412897,120.0,0.0,8.0,6.0,10.0,5.5,1.0,59.0,10.0
1712.8188359412898,120.0,0.0,8.0,6.0,10.0,5.5,1.0,59.0,10.0
1712.8193359412899,120.0,0.0,8.0,6.0,10.0,5.5,1.0,59.0,10.0
1713.21933594129,120.0,0.0,8.0,6.0,10.0,5.5,1.0,59.0,10.0
1713.21983594129,120.0,0.0,8.0,6.0,10.0,5.5,1.0,59.0,10.0
1713.6198359412901,120.0,0.0,8.0,6.0,10.0,5.5,1.0,59.0,10.0
1713.6203359412903,120.0,0.0,8.0,6.0,10.0,5.5,1.0,59.0,10.0
1714.0203359412903,120.0,0.0,8.0,6.0,10.0,5.5,1.0,59.0,10.0
1714.0208359412904,120.0,0.0,8.0,6.0,10.0,5.5,1.0,59.0,10.0
1714.4208359412905,120.0,0.0,8.0,6.0,10.0,5.5,1.0,59.0,10.0
1714.4213359412906,120.0,0.0,8.0,6.0,10.0,5.5,1.0,59.0,10.0
1714.8213359412907,120.0,0.0,8.0,6.0,10.0,5.5,1.0,59.0,10.0
1714.8218359412908,120.0,0.0,8.0,6.0,10.0,5.5,1.0,59.0,10.0
1715.221835941291,120.0,0.0,8.0,6.0,10.0,5.5,1.0,59.0,10.0
1715.222335941291,120.0,0.0,8.0,6.0,10.0,5.5,1.0,59.0,10.0
1715.622335941291,120.0,0.0,8.0,6.0,10.0,5.5,1.0,59.0,10.0
1715.6228359412912,120.0,0.0,8.0,6.0,10.0,5.5,1.0,59.0,10.0
1716.0228359412913,120.0,0.0,8.0,6.0,10.0,5.5,1.0,59.0,10.0
1716.0233359412914,120.0,0.0,8.0,6.0,10.0,5.5,1.0,59.0,10.0
1716.4233359412915,120.0,0.0,8.0,6.0,10.0,5.5,1.0,59.0,10.0
1716.4238359412916,120.0,0.0,8.0,6.0,10.0,5.5,1.0,59.0,10.0
1716.8238359412917,120.0,0.0,8.0,6.0,10.0,5.5,1.0,59.0,10.0
1716.8243359412918,120.0,0.0,8.0,6.0,10.0,5.5,1.0,59.0,10.0
1717.2243359412919,120.0,0.0,8.0,6.0,10.0,5.5,1.0,59.0,10.0
1717.224835941292,120.0,0.0,8.0,6.0,10.0,5.5,1.0,59.0,10.0
1717.624835941292,120.0,0.0,8.0,6.0,10.0,5.5,1.0,59.0,10.0
1717.6253359412922,120.0,0.0,8.0,6.0,10.0,5.5,1.0,59.0,10.0
1718.0253359412923,120.0,0.0,8.0,6.0,10.0,5.5,1.0,59.0,10.0
1718.0258359412924,120.0,0.0,8.0,6.0,10.0,5.5,1.0,59.0,10.0
1718.4258359412925,120.0,0.0,8.0,6.0,10.0,5.5,1.0,59.0,10.0
1718.4263359412926,120.0,0.0,8.0,6.0,10.0,5.5,1.0,59.0,10.0
1718.8263359412927,120.0,0.0,8.0,6.0,10.0,5.5,1.0,59.0,10.0
1718.8268359412928,120.0,0.0,8.0,6.0,10.0,5.5,1.0,59.0,10.0
1719.2268359412928,120.0,0.0,8.0,6.0,10.0,5.5,1.0,59.0,10.0
1719.227335941293,120.0,0.0,8.0,6.0,10.0,5.5,1.0,59.0,10.0
1719.627335941293,120.0,0.0,8.0,6.0,10.0,5.5,1.0,59.0,10.0
1719.6278359412931,120.0,0.0,8.0,6.0,10.0,5.5,1.0,59.0,10.0
1720.0278359412932,120.0,0.0,8.0,6.0,10.0,5.5,1.0,59.0,10.0
1720.0283359412933,120.0,0.0,8.0,6.0,10.0,5.5,1.0,59.0,10.0
1720.4283359412934,120.0,0.0,8.0,6.0,10.0,5.5,1.0,59.0,10.0
1720.4288359412935,120.0,0.0,8.0,6.0,10.0,5.5,1.0,59.0,10.0
1720.8288359412936,120.0,0.0,8.0,6.0,10.0,5.5,1.0,59.0,10.0
1720.8293359412937,120.0,0.0,8.0,6.0,10.0,5.5,1.0,59.0,10.0
1721.2293359412938,120.0,0.0,8.0,6.0,10.0,5.5,1.0,59.0,10.0
1721.229835941294,120.0,0.0,8.0,6.0,10.0,5.5,1.0,59.0,10.0
1721.629835941294,120.0,0.0,8.0,6.0,10.0,5.5,1.0,59.0,10.0
1721.630335941294,120.0,0.0,8.0,6.0,10.0,5.5,1.0,59.0,10.0
1722.0303359412942,120.0,0.0,8.0,6.0,10.0,5.5,1.0,59.0,10.0
1722.0308359412943,120.0,0.0,8.0,6.0,10.0,5.5,1.0,59.0,10.0
1722.4308359412944,120.0,0.0,8.0,6.0,10.0,5.5,1.0,59.0,10.0
1722.4313359412945,120.0,0.0,8.0,6.0,10.0,5.5,1.0,59.0,10.0
1722.8313359412946,120.0,0.0,8.0,6.0,10.0,5.5,1.0,59.0,10.0
1722.8318359412947,120.0,0.0,8.0,6.0,10.0,5.5,1.0,59.0,10.0
1723.2318359412948,120.0,0.0,8.0,6.0,10.0,5.5,1.0,59.0,10.0
1723.2323359412949,120.0,0.0,8.0,6.0,10.0,5.5,1.0,59.0,10.0
1723.632335941295,120.0,0.0,8.0,6.0,10.0,5.5,1.0,59.0,10.0
1723.632835941295,120.0,0.0,8.0,6.0,10.0,5.5,1.0,59.0,10.0
1724.0328359412952,120.0,0.0,8.0,6.0,10.0,5.5,1.0,59.0,10.0
1724.0333359412953,120.0,0.0,8.0,6.0,10.0,5.5,1.0,59.0,10.0
1724.4333359412954,120.0,0.0,8.0,6.0,10.0,5.5,1.0,59.0,10.0
1724.4338359412955,120.0,0.0,8.0,6.0,10.0,5.5,1.0,59.0,10.0
1724.8338359412955,120.0,0.0,8.0,6.0,10.0,5.5,1.0,59.0,10.0
1724.8343359412956,120.0,0.0,8.0,6.0,10.0,5.5,1.0,59.0,10.0
1725.2343359412957,120.0,0.0,8.0,6.0,10.0,5.5,1.0,59.0,10.0
1725.2348359412958,120.0,0.0,8.0,6.0,10.0,5.5,1.0,59.0,10.0
1725.634835941296,120.0,0.0,8.0,6.0,10.0,5.5,1.0,59.0,10.0
1725.635335941296,120.0,0.0,8.0,6.0,10.0,5.5,1.0,59.0,10.0
1726.0353359412961,120.0,0.0,8.0,6.0,10.0,5.5,1.0,59.0,10.0
1726.0358359412962,120.0,0.0,8.0,6.0,10.0,5.5,1.0,59.0,10.0
1726.4358359412963,120.0,0.0,8.0,6.0,10.0,5.5,1.0,59.0,10.0
1726.4363359412964,120.0,0.0,8.0,6.0,10.0,5.5,1.0,59.0,10.0
1726.8363359412965,120.0,0.0,8.0,6.0,10.0,5.5,1.0,59.0,10.0
1726.8368359412966,120.0,0.0,8.0,6.0,10.0,5.5,1.0,59.0,10.0
1727.2368359412967,120.0,0.0,8.0,6.0,10.0,5.5,1.0,59.0,10.0
1727.2373359412968,120.0,0.0,8.0,6.0,10.0,3.5,1.0,60.0,10.0
1727.637335941297,120.0,0.0,8.0,6.0,10.0,3.5,1.0,60.0,10.0
1727.637835941297,120.0,0.0,8.0,6.0,10.0,3.5,1.0,60.0,10.0
1728.037835941297,120.0,0.0,8.0,6.0,10.0,3.5,1.0,60.0,10.0
1728.0383359412972,120.0,0.0,8.0,6.0,10.0,3.5,1.0,60.0,10.0
1728.4383359412973,120.0,0.0,8.0,6.0,10.0,3.5,1.0,60.0,10.0
1728.4388359412974,120.0,0.0,8.0,6.0,10.0,3.5,1.0,60.0,10.0
1728.8388359412975,120.0,0.0,8.0,6.0,10.0,3.5,1.0,60.0,10.0
1728.8393359412976,120.0,0.0,8.0,6.0,10.0,3.5,1.0,60.0,10.0
1729.2393359412977,120.0,0.0,8.0,6.0,10.0,3.5,1.0,60.0,10.0
1729.2398359412978,120.0,0.0,8.0,6.0,10.0,3.5,1.0,60.0,10.0
1729.6398359412979,120.0,0.0,8.0,6.0,10.0,3.5,1.0,60.0,10.0
1729.640335941298,120.0,0.0,8.0,6.0,10.0,3.5,1.0,60.0,10.0
1730.040335941298,120.0,0.0,8.0,6.0,10.0,3.5,1.0,60.0,10.0
1730.0408359412982,120.0,0.0,8.0,6.0,10.0,3.5,1.0,60.0,10.0
1730.4408359412982,120.0,0.0,8.0,6.0,10.0,3.5,1.0,60.0,10.0
1730.4413359412983,120.0,0.0,8.0,6.0,10.0,3.5,1.0,60.0,10.0
1730.8413359412984,120.0,0.0,8.0,6.0,10.0,3.5,1.0,60.0,10.0
1730.8418359412985,130.0,0.0,8.0,6.0,10.0,3.5,1.0,60.0,10.0
1731.2418359412986,130.0,0.0,8.0,6.0,10.0,3.5,1.0,60.0,10.0
1731.2422974797603,130.0,0.0,8.0,6.0,10.0,3.5,1.0,60.0,10.0
1731.6422974797604,130.0,0.0,8.0,6.0,10.0,3.5,1.0,60.0,10.0
1731.642759018222,130.0,0.0,8.0,6.0,10.0,3.5,1.0,60.0,10.0
1732.0427590182221,130.0,0.0,8.0,6.0,10.0,3.5,1.0,60.0,10.0
1732.0432205566838,130.0,0.0,8.0,6.0,10.0,3.5,1.0,60.0,10.0
1732.4432205566839,130.0,0.0,8.0,6.0,10.0,3.5,1.0,60.0,10.0
1732.4436820951455,130.0,0.0,8.0,6.0,10.0,3.5,1.0,60.0,10.0
1732.8436820951456,130.0,0.0,8.0,6.0,10.0,3.5,1.0,60.0,10.0
1732.8441436336072,130.0,0.0,8.0,6.0,10.0,3.5,1.0,60.0,10.0
1733.2441436336073,130.0,0.0,8.0,6.0,10.0,3.5,1.0,60.0,10.0
1733.244605172069,130.0,0.0,8.0,6.0,10.0,3.5,1.0,60.0,10.0
1733.644605172069,130.0,0.0,8.0,6.0,10.0,3.5,1.0,60.0,10.0
1733.6450667105307,130.0,0.0,8.0,6.0,10.0,3.5,1.0,60.0,10.0
1734.0450667105308,130.0,0.0,8.0,6.0,10.0,3.5,1.0,60.0,10.0
1734.0455282489925,130.0,0.0,8.0,6.0,10.0,3.5,1.0,60.0,10.0
1734.4455282489926,130.0,0.0,8.0,6.0,10.0,3.5,1.0,60.0,10.0
1734.4459897874542,130.0,0.0,8.0,6.0,10.0,3.5,1.0,60.0,10.0
1734.8459897874543,130.0,0.0,8.0,6.0,10.0,3.5,1.0,60.0,10.0
1734.846451325916,130.0,0.0,8.0,6.0,10.0,3.5,1.0,60.0,10.0
1735.246451325916,130.0,0.0,8.0,6.0,10.0,3.5,1.0,60.0,10.0
1735.2469128643777,130.0,0.0,8.0,6.0,10.0,3.5,1.0,60.0,10.0
1735.6469128643778,130.0,0.0,8.0,6.0,10.0,3.5,1.0,60.0,10.0
1735.6473744028394,130.0,0.0,8.0,6.0,10.0,3.5,1.0,60.0,10.0
1736.0473744028395,130.0,0.0,8.0,6.0,10.0,3.5,1.0,60.0,10.0
1736.0478359413012,130.0,0.0,8.0,6.0,10.0,3.5,1.0,60.0,10.0
1736.4478359413013,130.0,0.0,8.0,6.0,10.0,3.5,1.0,60.0,10.0
1736.448297479763,130.0,0.0,8.0,6.0,10.0,3.5,1.0,60.0,10.0
1736.848297479763,130.0,0.0,8.0,6.0,10.0,3.5,1.0,60.0,10.0
1736.8487590182247,130.0,0.0,8.0,6.0,10.0,3.5,1.0,60.0,10.0
1737.2487590182247,130.0,0.0,8.0,6.0,10.0,3.5,1.0,60.0,10.0
1737.2492205566864,130.0,0.0,8.0,6.0,10.0,3.5,1.0,60.0,10.0
1737.6492205566865,130.0,0.0,8.0,6.0,10.0,3.5,1.0,60.0,10.0
1737.6496820951481,130.0,0.0,8.0,6.0,10.0,3.5,1.0,60.0,10.0
1738.0496820951482,130.0,0.0,8.0,6.0,10.0,3.5,1.0,60.0,10.0
1738.0501436336099,130.0,0.0,8.0,6.0,10.0,3.5,1.0,60.0,10.0
1738.45014363361,130.0,0.0,8.0,6.0,10.0,3.5,1.0,60.0,10.0
1738.4506051720716,130.0,0.0,8.0,6.0,10.0,3.5,1.0,60.0,10.0
1738.8506051720717,130.0,0.0,8.0,6.0,10.0,3.5,1.0,60.0,10.0
1738.8510667105334,130.0,0.0,8.0,6.0,11.0,3.5,1.0,60.0,10.0
1739.2510667105335,130.0,0.0,8.0,6.0,11.0,3.5,1.0,60.0,10.0
1739.251528248995,130.0,0.0,8.0,6.0,11.0,3.5,1.0,60.0,10.0
1739.6515282489952,130.0,0.0,8.0,6.0,11.0,3.5,1.0,60.0,10.0
1739.6519897874568,130.0,0.0,8.0,6.0,11.0,3.5,1.0,60.0,10.0
1740.051989787457,130.0,0.0,8.0,6.0,11.0,3.5,1.0,60.0,10.0
1740.0524513259186,130.0,0.0,8.0,6.0,11.0,3.5,1.0,60.0,10.0
1740.4524513259187,130.0,0.0,8.0,6.0,11.0,3.5,1.0,60.0,10.0
1740.4529128643803,130.0,0.0,8.0,6.0,11.0,3.5,1.0,60.0,10.0
1740.8529128643804,130.0,0.0,8.0,6.0,11.0,3.5,1.0,60.0,10.0
1740.853374402842,130.0,0.0,8.0,6.0,11.0,3.5,1.0,60.0,10.0
1741.2533744028422,130.0,0.0,8.0,6.0,11.0,3.5,1.0,60.0,10.0
1741.2538359413038,130.0,0.0,8.0,6.0,11.0,3.5,1.0,60.0,10.0
1741.653835941304,130.0,0.0,8.0,6.0,11.0,3.5,1.0,60.0,10.0
1741.6542974797655,130.0,0.0,8.0,6.0,11.0,3.5,1.0,60.0,10.0
1742.0542974797656,130.0,0.0,8.0,6.0,11.0,3.5,1.0,60.0,10.0
1742.0547590182273,130.0,0.0,8.0,6.0,11.0,3.5,1.0,60.0,10.0
1742.4547590182274,130.0,0.0,8.0,6.0,11.0,3.5,1.0,60.0,10.0
1742.455220556689,130.0,0.0,8.0,6.0,11.0,3.5,1.0,60.0,10.0
1742.8552205566891,130.0,0.0,8.0,6.0,11.0,3.5,1.0,60.0,10.0
1742.8556820951508,130.0,0.0,8.0,6.0,11.0,3.5,1.0,60.0,10.0
1743.2556820951509,130.0,0.0,8.0,6.0,11.0,3.5,1.0,60.0,10.0
1743.2561436336125,130.0,0.0,8.0,6.0,11.0,3.5,1.0,60.0,10.0
1743.6561436336126,130.0,0.0,8.0,6.0,11.0,3.5,1.0,60.0,10.0
1743.6566051720743,130.0,0.0,8.0,6.0,11.0,3.5,1.0,60.0,10.0
1744.0566051720743,130.0,0.0,8.0,6.0,11.0,3.5,1.0,60.0,10.0
1744.057066710536,130.0,0.0,8.0,6.0,11.0,3.5,1.0,60.0,10.0
1744.457066710536,130.0,0.0,8.0,6.0,11.0,3.5,1.0,60.0,10.0
1744.4575282489977,130.0,0.0,8.0,6.0,11.0,3.5,1.0,60.0,10.0
1744.8575282489978,130.0,0.0,8.0,6.0,11.0,3.5,1.0,60.0,10.0
1744.8579897874595,130.0,0.0,8.0,6.0,11.0,3.5,1.0,60.0,10.0
1745.2579897874596,130.0,0.0,8.0,6.0,11.0,3.5,1.0,60.0,10.0
1745.2584513259212,130.0,0.0,8.0,6.0,11.0,3.5,1.0,60.0,10.0
1745.6584513259213,130.0,0.0,8.0,6.0,11.0,3.5,1.0,60.0,10.0
1745.658912864383,130.0,0.0,8.0,6.0,11.0,3.5,1.0,60.0,10.0
1746.058912864383,130.0,0.0,8.0,6.0,11.0,3.5,1.0,60.0,10.0
1746.0593744028447,130.0,0.0,8.0,6.0,11.0,3.5,1.0,60.0,10.0
1746.4593744028448,130.0,0.0,8.0,6.0,11.0,3.5,1.0,60.0,10.0
1746.4598359413064,130.0,0.0,8.0,6.0,11.0,3.5,1.0,60.0,10.0
1746.8598359413065,130.0,0.0,8.0,6.0,11.0,3.5,1.0,60.0,10.0
1746.8602974797682,130.0,0.0,8.0,6.0,11.0,3.5,1.0,60.0,10.0
1747.2602974797683,130.0,0.0,8.0,6.0,11.0,3.5,1.0,60.0,10.0
1747.26075901823,130.0,0.0,8.0,6.0,11.0,3.5,1.0,60.0,10.0
1747.66075901823,130.0,0.0,8.0,6.0,11.0,3.5,1.0,60.0,10.0
1747.6612205566917,130.0,0.0,8.0,6.0,11.0,3.5,1.0,60.0,10.0
1748.0612205566918,130.0,0.0,8.0,6.0,11.0,3.5,1.0,60.0,10.0
1748.0616820951534,130.0,0.0,8.0,6.0,11.0,3.5,1.0,60.0,10.0
1748.4616820951535,130.0,0.0,8.0,6.0,11.0,3.5,1.0,60.0,10.0
1748.4621436336151,130.0,0.0,8.0,6.0,11.0,3.5,1.0,60.0,10.0
1748.8621436336152,130.0,0.0,8.0,6.0,11.0,3.5,1.0,60.0,10.0
1748.8626051720769,130.0,0.0,8.0,6.0,11.0,3.5,1.0,60.0,10.0
1749.262605172077,130.0,0.0,8.0,6.0,11.0,3.5,1.0,60.0,10.0
1749.2630667105386,130.0,0.0,8.0,6.0,11.0,3.5,1.0,60.0,10.0
1749.6630667105387,130.0,0.0,8.0,6.0,11.0,3.5,1.0,60.0,10.0
1749.6635282490004,130.0,0.0,8.0,6.0,11.0,3.5,1.0,60.0,10.0
1750.0635282490005,130.0,0.0,8.0,6.0,11.0,3.5,1.0,60.0,10.0
1750.063989787462,130.0,0.0,8.0,6.0,11.0,3.5,1.0,60.0,10.0
1750.4639897874622,130.0,0.0,8.0,6.0,11.0,3.5,1.0,60.0,10.0
1750.4644513259238,130.0,0.0,8.0,6.0,11.0,3.5,1.0,60.0,10.0
1750.864451325924,130.0,0.0,8.0,6.0,11.0,3.5,1.0,60.0,10.0
1750.8649128643856,130.0,0.0,8.0,6.0,11.0,3.5,1.0,60.0,10.0
1751.2649128643857,130.0,0.0,8.0,6.0,11.0,3.5,1.0,60.0,10.0
1751.2653744028473,130.0,0.0,8.0,6.0,11.0,3.5,1.0,60.0,10.0
1751.6653744028474,130.0,0.0,8.0,6.0,11.0,3.5,1.0,60.0,10.0
1751.665835941309,130.0,0.0,8.0,6.0,11.0,3.5,1.0,60.0,10.0
1752.0658359413092,130.0,0.0,8.0,6.0,11.0,3.5,1.0,60.0,10.0
1752.0662974797708,130.0,0.0,8.0,6.0,11.0,3.5,1.0,60.0,10.0
1752.466297479771,130.0,0.0,8.0,6.0,11.0,3.5,1.0,60.0,10.0
1752.4667590182326,130.0,0.0,8.0,6.0,11.0,3.5,1.0,60.0,10.0
1752.8667590182326,130.0,0.0,8.0,6.0,11.0,3.5,1.0,60.0,10.0
1752.8672205566943,130.0,0.0,8.0,6.0,11.0,3.5,1.0,60.0,10.0
1753.2672205566944,130.0,0.0,8.0,6.0,11.0,3.5,1.0,60.0,10.0
1753.267682095156,130.0,0.0,8.0,6.0,11.0,3.5,1.0,60.0,10.0
1753.6676820951561,130.0,0.0,8.0,6.0,11.0,3.5,1.0,60.0,10.0
1753.6681436336178,130.0,0.0,8.0,6.0,11.0,3.5,1.0,60.0,10.0
1754.0681436336179,130.0,0.0,8.0,6.0,11.0,3.5,1.0,60.0,10.0
1754.0686051720795,130.0,0.0,8.0,6.0,11.0,3.5,1.0,60.0,10.0
1754.4686051720796,130.0,0.0,8.0,6.0,11.0,3.5,1.0,60.0,10.0
1754.4690667105413,130.0,0.0,8.0,6.0,11.0,3.5,1.0,60.0,10.0
1754.8690667105413,130.0,0.0,8.0,6.0,11.0,3.5,1.0,60.0,10.0
1754.869528249003,130.0,0.0,8.0,6.0,11.0,3.5,1.0,60.0,10.0
1755.269528249003,130.0,0.0,8.0,6.0,11.0,3.5,1.0,60.0,10.0
1755.2699897874647,120.0,0.0,8.0,6.0,11.0,3.5,1.0,60.0,10.0
1755.6699897874648,120.0,0.0,8.0,6.0,11.0,3.5,1.0,60.0,10.0
1755.670489787465,120.0,0.0,8.0,6.0,11.0,3.5,1.0,60.0,10.0
1756.070489787465,120.0,0.0,8.0,6.0,11.0,3.5,1.0,60.0,10.0
1756.0709897874651,120.0,0.0,8.0,6.0,11.0,3.5,1.0,60.0,10.0
1756.4709897874652,120.0,0.0,8.0,6.0,11.0,3.5,1.0,60.0,10.0
1756.4714897874653,120.0,0.0,8.0,6.0,11.0,3.5,1.0,60.0,10.0
1756.8714897874654,120.0,0.0,8.0,6.0,11.0,3.5,1.0,60.0,10.0
1756.8719897874655,120.0,0.0,8.0,6.0,11.0,3.5,1.0,60.0,10.0
1757.2719897874656,120.0,0.0,8.0,6.0,11.0,3.5,1.0,60.0,10.0
1757.2724897874657,120.0,0.0,8.0,6.0,11.0,3.5,1.0,60.0,10.0
1757.6724897874658,120.0,0.0,8.0,6.0,11.0,3.5,1.0,60.0,10.0
1757.672989787466,120.0,0.0,8.0,6.0,11.0,3.5,1.0,60.0,10.0
1758.072989787466,120.0,0.0,8.0,6.0,11.0,3.5,1.0,60.0,10.0
1758.073489787466,120.0,0.0,8.0,6.0,11.0,3.5,1.0,60.0,10.0
1758.4734897874662,120.0,0.0,8.0,6.0,11.0,3.5,1.0,60.0,10.0
1758.4739897874663,120.0,0.0,8.0,6.0,11.0,3.5,1.0,60.0,10.0
1758.8739897874664,120.0,0.0,8.0,6.0,11.0,3.5,1.0,60.0,10.0
1758.8744897874665,120.0,0.0,8.0,6.0,11.0,3.5,1.0,60.0,10.0
1759.2744897874666,120.0,0.0,8.0,6.0,11.0,3.5,1.0,60.0,10.0
1759.2749897874667,130.0,0.0,8.0,6.0,11.0,3.5,1.0,60.0,10.0
1759.6749897874668,130.0,0.0,8.0,6.0,11.0,3.5,1.0,60.0,10.0
1759.6754513259284,130.0,0.0,8.0,6.0,11.0,3.5,1.0,60.0,10.0
1760.0754513259285,130.0,0.0,8.0,6.0,11.0,3.5,1.0,60.0,10.0
1760.0759128643901,130.0,0.0,8.0,6.0,11.0,3.5,1.0,60.0,10.0
1760.4759128643902,130.0,0.0,8.0,6.0,11.0,3.5,1.0,60.0,10.0
1760.476374402852,130.0,0.0,8.0,6.0,11.0,3.5,1.0,60.0,10.0
1760.876374402852,130.0,0.0,8.0,6.0,11.0,3.5,1.0,60.0,10.0
1760.8768359413136,130.0,0.0,8.0,6.0,11.0,3.5,1.0,60.0,10.0
1761.2768359413137,130.0,0.0,8.0,6.0,11.0,3.5,1.0,60.0,10.0
1761.2772974797754,130.0,0.0,8.0,6.0,11.0,3.5,1.0,60.0,10.0
1761.6772974797755,130.0,0.0,8.0,6.0,11.0,3.5,1.0,60.0,10.0
1761.677759018237,130.0,0.0,8.0,6.0,11.0,3.5,1.0,60.0,10.0
1762.0777590182372,130.0,0.0,8.0,6.0,11.0,3.5,1.0,60.0,10.0
1762.0782205566989,130.0,0.0,8.0,6.0,11.0,3.5,1.0,60.0,10.0
1762.478220556699,130.0,0.0,8.0,6.0,11.0,3.5,1.0,60.0,10.0
1762.4786820951606,130.0,0.0,8.0,6.0,11.0,3.5,1.0,60.0,10.0
1762.8786820951607,130.0,0.0,8.0,6.0,11.0,3.5,1.0,60.0,10.0
1762.8791436336223,130.0,0.0,8.0,6.0,11.0,3.5,1.0,60.0,10.0
1763.2791436336224,130.0,0.0,8.0,6.0,11.0,3.5,1.0,60.0,10.0
1763.279605172084,130.0,0.0,8.0,6.0,11.0,3.5,1.0,60.0,10.0
1763.6796051720842,130.0,0.0,8.0,6.0,11.0,3.5,1.0,60.0,10.0
1763.6800667105458,130.0,0.0,8.0,6.0,11.0,3.5,1.0,60.0,10.0
1764.080066710546,130.0,0.0,8.0,6.0,11.0,3.5,1.0,60.0,10.0
1764.0805282490076,130.0,0.0,8.0,6.0,11.0,3.5,1.0,60.0,10.0
1764.4805282490076,130.0,0.0,8.0,6.0,11.0,3.5,1.0,60.0,10.0
1764.4809897874693,130.0,0.0,8.0,6.0,11.0,3.5,1.0,60.0,10.0
1764.8809897874694,130.0,0.0,8.0,6.0,11.0,3.5,1.0,60.0,10.0
1764.881451325931,130.0,0.0,8.0,6.0,11.0,3.5,1.0,60.0,10.0
1765.2814513259311,130.0,0.0,8.0,6.0,11.0,3.5,1.0,60.0,10.0
1765.2819128643928,130.0,0.0,8.0,6.0,11.0,3.5,1.0,60.0,10.0
1765.6819128643929,130.0,0.0,8.0,6.0,11.0,3.5,1.0,60.0,10.0
1765.6823744028545,130.0,0.0,8.0,6.0,11.0,3.5,1.0,60.0,10.0
1766.0823744028546,130.0,0.0,8.0,6.0,11.0,3.5,1.0,60.0,10.0
1766.0828359413163,130.0,0.0,8.0,6.0,11.0,3.5,1.0,60.0,10.0
1766.4828359413164,130.0,0.0,8.0,6.0,11.0,3.5,1.0,60.0,10.0
1766.483297479778,130.0,0.0,8.0,6.0,11.0,3.5,1.0,60.0,10.0
1766.883297479778,130.0,0.0,8.0,6.0,11.0,3.5,1.0,60.0,10.0
1766.8837590182397,130.0,0.0,8.0,6.0,11.0,3.5,1.0,60.0,10.0
1767.2837590182398,130.0,0.0,8.0,6.0,11.0,3.5,1.0,60.0,10.0
1767.2842205567015,130.0,0.0,8.0,6.0,11.0,3.5,1.0,60.0,10.0
1767.6842205567016,130.0,0.0,8.0,6.0,11.0,3.5,1.0,60.0,10.0
1767.6846820951632,130.0,0.0,8.0,6.0,11.0,3.5,1.0,60.0,10.0
1768.0846820951633,130.0,0.0,8.0,6.0,11.0,3.5,1.0,60.0,10.0
1768.085143633625,130.0,0.0,8.0,6.0,11.0,3.5,1.0,60.0,10.0
1768.485143633625,130.0,0.0,8.0,6.0,11.0,3.5,1.0,60.0,10.0
1768.4856051720867,130.0,0.0,8.0,6.0,11.0,3.5,1.0,60.0,10.0
1768.8856051720868,130.0,0.0,8.0,6.0,11.0,3.5,1.0,60.0,10.0
1768.8860667105484,130.0,0.0,8.0,6.0,11.0,3.5,1.0,60.0,10.0
1769.2860667105485,130.0,0.0,8.0,6.0,11.0,3.5,1.0,60.0,10.0
1769.2865282490102,130.0,0.0,8.0,6.0,11.0,3.5,1.0,60.0,10.0
1769.6865282490103,130.0,0.0,8.0,6.0,11.0,3.5,1.0,60.0,10.0
1769.686989787472,130.0,0.0,8.0,6.0,11.0,3.5,1.0,60.0,10.0
1770.086989787472,130.0,0.0,8.0,6.0,11.0,3.5,1.0,60.0,10.0
1770.0874513259337,130.0,0.0,8.0,6.0,11.0,3.5,1.0,60.0,10.0
1770.4874513259338,130.0,0.0,8.0,6.0,11.0,3.5,1.0,60.0,10.0
1770.4879128643954,130.0,0.0,8.0,6.0,11.0,3.5,1.0,60.0,10.0
1770.8879128643955,130.0,0.0,8.0,6.0,11.0,3.5,1.0,60.0,10.0
1770.8883744028572,130.0,0.0,8.0,6.0,11.0,3.5,1.0,60.0,10.0
1771.2883744028572,130.0,0.0,8.0,6.0,11.0,3.5,1.0,60.0,10.0
1771.288835941319,130.0,0.0,8.0,6.0,11.0,3.5,1.0,60.0,10.0
1771.688835941319,130.0,0.0,8.0,6.0,11.0,3.5,1.0,60.0,10.0
1771.6892974797806,130.0,0.0,8.0,6.0,11.0,3.5,1.0,60.0,10.0
1772.0892974797807,130.0,0.0,8.0,6.0,11.0,3.5,1.0,60.0,10.0
1772.0897590182424,130.0,0.0,8.0,6.0,11.0,3.5,1.0,60.0,10.0
1772.4897590182425,130.0,0.0,8.0,6.0,11.0,3.5,1.0,60.0,10.0
1772.4902205567041,120.0,0.0,8.0,6.0,11.0,3.5,1.0,60.0,10.0
1772.8902205567042,120.0,0.0,8.0,6.0,11.0,3.5,1.0,60.0,10.0
1772.8907205567043,120.0,0.0,8.0,6.0,11.0,3.5,1.0,60.0,10.0
1773.2907205567044,120.0,0.0,8.0,6.0,11.0,3.5,1.0,60.0,10.0
1773.2912205567045,120.0,0.0,8.0,6.0,11.0,3.5,1.0,60.0,10.0
1773.6912205567046,120.0,0.0,8.0,6.0,11.0,3.5,1.0,60.0,10.0
1773.6917205567047,120.0,0.0,8.0,6.0,11.0,3.5,1.0,60.0,10.0
1774.0917205567048,120.0,0.0,8.0,6.0,11.0,3.5,1.0,60.0,10.0
1774.092220556705,120.0,0.0,8.0,6.0,11.0,3.5,1.0,60.0,10.0
1774.492220556705,120.0,0.0,8.0,6.0,11.0,3.5,1.0,60.0,10.0
1774.492720556705,120.0,0.0,8.0,6.0,11.0,3.5,1.0,60.0,10.0
1774.8927205567052,120.0,0.0,8.0,6.0,11.0,3.5,1.0,60.0,10.0
1774.8932205567053,120.0,0.0,8.0,6.0,11.0,3.5,1.0,60.0,10.0
1775.2932205567054,120.0,0.0,8.0,6.0,11.0,3.5,1.0,60.0,10.0
1775.2937205567055,120.0,0.0,8.0,6.0,11.0,3.5,1.0,60.0,10.0
1775.6937205567056,120.0,0.0,8.0,6.0,11.0,3.5,1.0,60.0,10.0
1775.6942205567057,120.0,0.0,8.0,6.0,11.0,3.5,1.0,60.0,10.0
1776.0942205567057,120.0,0.0,8.0,6.0,11.0,3.5,1.0,60.0,10.0
1776.0947205567059,120.0,0.0,8.0,6.0,11.0,3.5,1.0,60.0,10.0
1776.494720556706,120.0,0.0,8.0,6.0,11.0,3.5,1.0,60.0,10.0
1776.495220556706,120.0,0.0,8.0,6.0,11.0,3.5,1.0,60.0,10.0
1776.8952205567061,120.0,0.0,8.0,6.0,11.0,3.5,1.0,60.0,10.0
1776.8957205567062,120.0,0.0,8.0,6.0,11.0,3.5,1.0,60.0,10.0
1777.2957205567063,120.0,0.0,8.0,6.0,11.0,3.5,1.0,60.0,10.0
1777.2962205567064,120.0,0.0,8.0,6.0,11.0,3.5,1.0,60.0,10.0
1777.6962205567065,120.0,0.0,8.0,6.0,11.0,3.5,1.0,60.0,10.0
1777.6967205567066,120.0,0.0,8.0,6.0,11.0,3.5,1.0,60.0,10.0
1778.0967205567067,120.0,0.0,8.0,6.0,11.0,3.5,1.0,60.0,10.0
1778.0972205567068,120.0,0.0,8.0,6.0,11.0,3.5,1.0,60.0,10.0
1778.497220556707,120.0,0.0,8.0,6.0,11.0,3.5,1.0,60.0,10.0
1778.497720556707,120.0,0.0,8.0,6.0,11.0,3.5,1.0,60.0,10.0
1778.897720556707,120.0,0.0,8.0,6.0,11.0,3.5,1.0,60.0,10.0
1778.8982205567072,120.0,0.0,8.0,6.0,11.0,3.5,1.0,60.0,10.0
1779.2982205567073,120.0,0.0,8.0,6.0,11.0,3.5,1.0,60.0,10.0
1779.2987205567074,130.0,0.0,8.0,6.0,11.0,3.5,1.0,60.0,10.0
1779.6987205567075,130.0,0.0,8.0,6.0,11.0,3.5,1.0,60.0,10.0
1779.6991820951691,130.0,0.0,8.0,6.0,11.0,3.5,1.0,60.0,10.0
1780.0991820951692,130.0,0.0,8.0,6.0,11.0,3.5,1.0,60.0,10.0
1780.0996436336309,130.0,0.0,8.0,6.0,11.0,3.5,1.0,60.0,10.0
1780.499643633631,130.0,0.0,8.0,6.0,11.0,3.5,1.0,60.0,10.0
1780.5001051720926,130.0,0.0,8.0,6.0,11.0,3.5,1.0,60.0,10.0
1780.9001051720927,130.0,0.0,8.0,6.0,11.0,3.5,1.0,60.0,10.0
1780.9005667105544,130.0,0.0,8.0,6.0,11.0,3.5,1.0,60.0,10.0
1781.3005667105544,130.0,0.0,8.0,6.0,11.0,3.5,1.0,60.0,10.0
1781.301028249016,130.0,0.0,8.0,6.0,11.0,3.5,1.0,60.0,10.0
1781.7010282490162,130.0,0.0,8.0,6.0,11.0,3.5,1.0,60.0,10.0
1781.7014897874778,130.0,0.0,8.0,6.0,11.0,3.5,1.0,60.0,10.0
1782.101489787478,130.0,0.0,8.0,6.0,11.0,3.5,1.0,60.0,10.0
1782.1019513259396,130.0,0.0,8.0,6.0,11.0,3.5,1.0,60.0,10.0
1782.5019513259397,130.0,0.0,8.0,6.0,11.0,3.5,1.0,60.0,10.0
1782.5024128644013,130.0,0.0,8.0,6.0,11.0,3.5,1.0,60.0,10.0
1782.9024128644014,130.0,0.0,8.0,6.0,11.0,3.5,1.0,60.0,10.0
1782.902874402863,120.0,0.0,8.0,6.0,11.0,3.5,1.0,60.0,10.0
1783.3028744028632,120.0,0.0,8.0,6.0,11.0,3.5,1.0,60.0,10.0
1783.3033744028633,120.0,0.0,8.0,6.0,11.0,3.5,1.0,60.0,10.0
1783.7033744028633,120.0,0.0,8.0,6.0,11.0,3.5,1.0,60.0,10.0
1783.7038744028634,120.0,0.0,8.0,6.0,11.0,3.5,1.0,60.0,10.0
1784.1038744028635,120.0,0.0,8.0,6.0,11.0,3.5,1.0,60.0,10.0
1784.1043744028636,120.0,0.0,8.0,6.0,11.0,3.5,1.0,60.0,10.0
1784.5043744028637,120.0,0.0,8.0,6.0,11.0,3.5,1.0,60.0,10.0
1784.5048744028638,120.0,0.0,8.0,6.0,11.0,1.5,1.0,61.0,10.0
1784.904874402864,120.0,0.0,8.0,6.0,11.0,1.5,1.0,61.0,10.0
1784.905374402864,120.0,0.0,8.0,6.0,11.0,1.5,1.0,61.0,10.0
1785.3053744028641,120.0,0.0,8.0,6.0,11.0,1.5,1.0,61.0,10.0
1785.3058744028642,120.0,0.0,8.0,6.0,11.0,1.5,1.0,61.0,10.0
1785.7058744028643,120.0,0.0,8.0,6.0,11.0,1.5,1.0,61.0,10.0
1785.7063744028644,120.0,0.0,8.0,6.0,11.0,1.5,1.0,61.0,10.0
1786.1063744028645,120.0,0.0,8.0,6.0,11.0,1.5,1.0,61.0,10.0
1786.1068744028646,120.0,0.0,8.0,6.0,11.0,1.5,1.0,61.0,10.0
1786.5068744028647,120.0,0.0,8.0,6.0,11.0,1.5,1.0,61.0,10.0
1786.5073744028648,120.0,0.0,8.0,6.0,11.0,1.5,1.0,61.0,10.0
1786.907374402865,120.0,0.0,8.0,6.0,11.0,1.5,1.0,61.0,10.0
1786.907874402865,130.0,0.0,8.0,6.0,11.0,1.5,1.0,61.0,10.0
1787.307874402865,130.0,0.0,8.0,6.0,11.0,1.5,1.0,61.0,10.0
1787.3083359413267,130.0,0.0,8.0,6.0,11.0,1.5,1.0,61.0,10.0
1787.7083359413268,130.0,0.0,8.0,6.0,11.0,1.5,1.0,61.0,10.0
1787.7087974797885,130.0,0.0,8.0,6.0,11.0,1.5,1.0,61.0,10.0
1788.1087974797886,130.0,0.0,8.0,6.0,11.0,1.5,1.0,61.0,10.0
1788.1092590182502,120.0,0.0,8.0,6.0,11.0,1.5,1.0,61.0,10.0
1788.5092590182503,120.0,0.0,8.0,6.0,11.0,1.5,1.0,61.0,10.0
1788.5097590182504,120.0,0.0,8.0,6.0,11.0,1.5,1.0,61.0,10.0
1788.9097590182505,120.0,0.0,8.0,6.0,11.0,1.5,1.0,61.0,10.0
1788.9102590182506,120.0,0.0,8.0,6.0,11.0,1.5,1.0,61.0,10.0
1789.3102590182507,120.0,0.0,8.0,6.0,11.0,1.5,1.0,61.0,10.0
1789.3107590182508,120.0,0.0,8.0,6.0,11.0,1.5,1.0,61.0,10.0
1789.7107590182509,120.0,0.0,8.0,6.0,11.0,1.5,1.0,61.0,10.0
1789.711259018251,120.0,0.0,8.0,6.0,11.0,1.5,1.0,61.0,10.0
1790.111259018251,120.0,0.0,8.0,6.0,11.0,1.5,1.0,61.0,10.0
1790.1117590182512,120.0,0.0,8.0,6.0,11.0,1.5,1.0,61.0,10.0
1790.5117590182513,120.0,0.0,8.0,6.0,11.0,1.5,1.0,61.0,10.0
1790.5122590182514,120.0,0.0,8.0,6.0,11.0,1.5,1.0,61.0,10.0
1790.9122590182515,120.0,0.0,8.0,6.0,11.0,1.5,1.0,61.0,10.0
1790.9127590182516,120.0,0.0,8.0,6.0,11.0,1.5,1.0,61.0,10.0
1791.3127590182517,120.0,0.0,8.0,6.0,11.0,1.5,1.0,61.0,10.0
1791.3132590182518,120.0,0.0,8.0,6.0,11.0,1.5,1.0,61.0,10.0
1791.7132590182518,120.0,0.0,8.0,6.0,11.0,1.5,1.0,61.0,10.0
1791.713759018252,120.0,0.0,8.0,6.0,11.0,1.5,1.0,61.0,10.0
1792.113759018252,120.0,0.0,8.0,6.0,11.0,1.5,1.0,61.0,10.0
1792.1142590182521,120.0,0.0,8.0,6.0,11.0,1.5,1.0,61.0,10.0
1792.5142590182522,120.0,0.0,8.0,6.0,11.0,1.5,1.0,61.0,10.0
1792.5147590182523,120.0,0.0,8.0,6.0,11.0,1.5,1.0,61.0,10.0
1792.9147590182524,120.0,0.0,8.0,6.0,11.0,1.5,1.0,61.0,10.0
1792.9152590182525,120.0,0.0,8.0,6.0,11.0,1.5,1.0,61.0,10.0
1793.3152590182526,120.0,0.0,8.0,6.0,11.0,1.5,1.0,61.0,10.0
1793.3157590182527,120.0,0.0,8.0,6.0,11.0,1.5,1.0,61.0,10.0
1793.7157590182528,120.0,0.0,8.0,6.0,11.0,1.5,1.0,61.0,10.0
1793.716259018253,120.0,0.0,8.0,6.0,11.0,1.5,1.0,61.0,10.0
1794.116259018253,120.0,0.0,8.0,6.0,11.0,1.5,1.0,61.0,10.0
1794.116759018253,120.0,0.0,8.0,6.0,11.0,1.5,1.0,61.0,10.0
1794.5167590182532,120.0,0.0,8.0,6.0,11.0,1.5,1.0,61.0,10.0
1794.5172590182533,120.0,0.0,8.0,6.0,11.0,1.5,1.0,61.0,10.0
1794.9172590182534,120.0,0.0,8.0,6.0,11.0,1.5,1.0,61.0,10.0
1794.9177590182535,120.0,0.0,8.0,6.0,11.0,1.5,1.0,61.0,10.0
1795.3177590182536,120.0,0.0,8.0,6.0,11.0,1.5,1.0,61.0,10.0
1795.3182590182537,120.0,0.0,8.0,6.0,11.0,1.5,1.0,61.0,10.0
1795.7182590182538,120.0,0.0,8.0,6.0,11.0,1.5,1.0,61.0,10.0
1795.7187590182539,120.0,0.0,8.0,6.0,11.0,1.5,1.0,61.0,10.0
1796.118759018254,120.0,0.0,8.0,6.0,11.0,1.5,1.0,61.0,10.0
1796.119259018254,120.0,0.0,8.0,6.0,11.0,1.5,1.0,61.0,10.0
1796.5192590182542,120.0,0.0,8.0,6.0,11.0,1.5,1.0,61.0,10.0
1796.5197590182543,120.0,0.0,8.0,6.0,11.0,1.5,1.0,61.0,10.0
1796.9197590182544,120.0,0.0,8.0,6.0,11.0,1.5,1.0,61.0,10.0
1796.9202590182545,120.0,0.0,8.0,6.0,11.0,1.5,1.0,61.0,10.0
1797.3202590182545,120.0,0.0,8.0,6.0,11.0,1.5,1.0,61.0,10.0
1797.3207590182546,120.0,0.0,8.0,6.0,11.0,1.5,1.0,61.0,10.0
1797.7207590182547,120.0,0.0,8.0,6.0,11.0,1.5,1.0,61.0,10.0
1797.7212590182548,120.0,0.0,8.0,6.0,11.0,1.5,1.0,61.0,10.0
1798.121259018255,120.0,0.0,8.0,6.0,11.0,1.5,1.0,61.0,10.0
1798.121759018255,120.0,0.0,8.0,6.0,11.0,1.5,1.0,61.0,10.0
1798.5217590182551,120.0,0.0,8.0,6.0,11.0,1.5,1.0,61.0,10.0
1798.5222590182552,120.0,0.0,8.0,6.0,11.0,1.5,1.0,61.0,10.0
1798.9222590182553,120.0,0.0,8.0,6.0,11.0,1.5,1.0,61.0,10.0
1798.9227590182554,120.0,0.0,8.0,6.0,11.0,1.5,1.0,61.0,10.0
1799.3227590182555,120.0,0.0,8.0,6.0,11.0,1.5,1.0,61.0,10.0
1799.3232590182556,120.0,0.0,8.0,6.0,11.0,1.5,1.0,61.0,10.0
1799.7232590182557,120.0,0.0,8.0,6.0,11.0,1.5,1.0,61.0,10.0
1799.7237590182558,120.0,0.0,8.0,6.0,11.0,1.5,1.0,61.0,10.0
1800.123759018256,120.0,0.0,8.0,6.0,11.0,1.5,1.0,61.0,10.0
1800.124259018256,120.0,0.0,8.0,6.0,11.0,1.5,1.0,61.0,10.0
1800.524259018256,120.0,0.0,8.0,6.0,11.0,1.5,1.0,61.0,10.0
1800.5247590182562,120.0,0.0,8.0,6.0,11.0,1.5,1.0,61.0,10.0
1800.9247590182563,120.0,0.0,8.0,6.0,11.0,1.5,1.0,61.0,10.0
1800.9252590182564,120.0,0.0,8.0,6.0,11.0,1.5,1.0,61.0,10.0
1801.3252590182565,120.0,0.0,8.0,6.0,11.0,1.5,1.0,61.0,10.0
1801.3257590182566,120.0,0.0,8.0,6.0,11.0,1.5,1.0,61.0,10.0
1801.7257590182567,120.0,0.0,8.0,6.0,11.0,1.5,1.0,61.0,10.0
1801.7262590182568,120.0,0.0,8.0,6.0,11.0,1.5,1.0,61.0,10.0
1802.1262590182569,120.0,0.0,8.0,6.0,11.0,1.5,1.0,61.0,10.0
1802.126759018257,120.0,0.0,8.0,6.0,11.0,1.5,1.0,61.0,10.0
1802.526759018257,120.0,0.0,8.0,6.0,11.0,1.5,1.0,61.0,10.0
1802.5272590182572,120.0,0.0,8.0,6.0,11.0,1.5,1.0,61.0,10.0
1802.9272590182572,120.0,0.0,8.0,6.0,11.0,1.5,1.0,61.0,10.0
1802.9277590182573,120.0,0.0,8.0,6.0,11.0,1.5,1.0,61.0,10.0
1803.3277590182574,120.0,0.0,8.0,6.0,11.0,1.5,1.0,61.0,10.0
1803.3282590182575,120.0,0.0,8.0,6.0,11.0,1.5,1.0,61.0,10.0
1803.7282590182576,120.0,0.0,8.0,6.0,11.0,1.5,1.0,61.0,10.0
1803.7287590182577,120.0,0.0,8.0,6.0,11.0,1.5,1.0,61.0,10.0
1804.1287590182578,120.0,0.0,8.0,6.0,11.0,1.5,1.0,61.0,10.0
1804.129259018258,120.0,0.0,8.0,6.0,11.0,1.5,1.0,61.0,10.0
1804.529259018258,120.0,0.0,8.0,6.0,11.0,1.5,1.0,61.0,10.0
1804.5297590182581,120.0,0.0,8.0,6.0,11.0,1.5,1.0,61.0,10.0
1804.9297590182582,120.0,0.0,8.0,6.0,11.0,1.5,1.0,61.0,10.0
1804.9302590182583,120.0,0.0,8.0,6.0,11.0,1.5,1.0,61.0,10.0
1805.3302590182584,120.0,0.0,8.0,6.0,11.0,1.5,1.0,61.0,10.0
1805.3307590182585,120.0,0.0,8.0,6.0,11.0,1.5,1.0,61.0,10.0
1805.7307590182586,120.0,0.0,8.0,6.0,11.0,1.5,1.0,61.0,10.0
1805.7312590182587,120.0,0.0,8.0,6.0,11.0,1.5,1.0,61.0,10.0
1806.1312590182588,120.0,0.0,8.0,6.0,11.0,1.5,1.0,61.0,10.0
1806.131759018259,120.0,0.0,8.0,6.0,11.0,1.5,1.0,61.0,10.0
1806.531759018259,120.0,0.0,8.0,6.0,11.0,1.5,1.0,61.0,10.0
1806.532259018259,120.0,0.0,8.0,6.0,11.0,1.5,1.0,61.0,10.0
1806.9322590182592,120.0,0.0,8.0,6.0,11.0,1.5,1.0,61.0,10.0
1806.9327590182593,120.0,0.0,8.0,6.0,11.0,1.5,1.0,61.0,10.0
1807.3327590182594,120.0,0.0,8.0,6.0,11.0,1.5,1.0,61.0,10.0
1807.3332590182595,120.0,0.0,8.0,6.0,11.0,1.5,1.0,61.0,10.0
1807.7332590182596,120.0,0.0,8.0,6.0,11.0,1.5,1.0,61.0,10.0
1807.7337590182597,120.0,0.0,8.0,6.0,11.0,1.5,1.0,61.0,10.0
1808.1337590182598,120.0,0.0,8.0,6.0,11.0,1.5,1.0,61.0,10.0
1808.1342590182599,120.0,0.0,8.0,6.0,11.0,1.5,1.0,61.0,10.0
1808.53425901826,120.0,0.0,8.0,6.0,11.0,1.5,1.0,61.0,10.0
1808.53475901826,120.0,0.0,8.0,6.0,11.0,1.5,1.0,61.0,10.0
1808.9347590182601,120.0,0.0,8.0,6.0,11.0,1.5,1.0,61.0,10.0
1808.9352590182602,120.0,0.0,8.0,6.0,11.0,1.5,1.0,61.0,10.0
1809.3352590182603,120.0,0.0,8.0,6.0,11.0,1.5,1.0,61.0,10.0
1809.3357590182604,120.0,0.0,8.0,6.0,11.0,1.5,1.0,61.0,10.0
1809.7357590182605,120.0,0.0,8.0,6.0,11.0,1.5,1.0,61.0,10.0
1809.7362590182606,120.0,0.0,8.0,6.0,11.0,1.5,1.0,61.0,10.0
1810.1362590182607,120.0,0.0,8.0,6.0,11.0,1.5,1.0,61.0,10.0
1810.1367590182608,120.0,0.0,8.0,6.0,11.0,1.5,1.0,61.0,10.0
1810.536759018261,120.0,0.0,8.0,6.0,11.0,1.5,1.0,61.0,10.0
1810.537259018261,120.0,0.0,8.0,6.0,11.0,1.5,1.0,61.0,10.0
1810.937259018261,120.0,0.0,8.0,6.0,11.0,1.5,1.0,61.0,10.0
1810.9377590182612,120.0,0.0,8.0,6.0,11.0,1.5,1.0,61.0,10.0
1811.3377590182613,120.0,0.0,8.0,6.0,11.0,1.5,1.0,61.0,10.0
1811.3382590182614,120.0,0.0,8.0,6.0,11.0,1.5,1.0,61.0,10.0
1811.7382590182615,120.0,0.0,8.0,6.0,11.0,1.5,1.0,61.0,10.0
1811.7387590182616,120.0,0.0,8.0,6.0,11.0,1.5,1.0,61.0,10.0
1812.1387590182617,120.0,0.0,8.0,6.0,11.0,1.5,1.0,61.0,10.0
1812.1392590182618,120.0,0.0,8.0,6.0,11.0,1.5,1.0,61.0,10.0
1812.5392590182619,120.0,0.0,8.0,6.0,11.0,1.5,1.0,61.0,10.0
1812.539759018262,120.0,0.0,8.0,6.0,11.0,1.5,1.0,60.0,10.0
1812.939759018262,120.0,0.0,8.0,6.0,11.0,1.5,1.0,60.0,10.0
1812.9402590182622,120.0,0.0,8.0,6.0,11.0,1.5,1.0,60.0,10.0
1813.3402590182623,120.0,0.0,8.0,6.0,11.0,1.5,1.0,60.0,10.0
1813.3407590182624,120.0,0.0,8.0,6.0,11.0,1.5,1.0,60.0,10.0
1813.7407590182625,120.0,0.0,8.0,6.0,11.0,1.5,1.0,60.0,10.0
1813.7412590182626,120.0,0.0,8.0,6.0,11.0,1.5,1.0,60.0,10.0
1814.1412590182626,120.0,0.0,8.0,6.0,11.0,1.5,1.0,60.0,10.0
1814.1417590182627,120.0,0.0,8.0,6.0,11.0,1.5,1.0,60.0,10.0
1814.5417590182628,120.0,0.0,8.0,6.0,11.0,1.5,1.0,60.0,10.0
1814.542259018263,120.0,0.0,8.0,6.0,11.0,1.5,1.0,60.0,10.0
1814.942259018263,120.0,0.0,8.0,6.0,11.0,1.5,1.0,60.0,10.0
1814.9427590182631,120.0,0.0,8.0,6.0,11.0,1.5,1.0,60.0,10.0
1815.3427590182632,120.0,0.0,8.0,6.0,11.0,1.5,1.0,60.0,10.0
1815.3432590182633,120.0,0.0,8.0,6.0,11.0,1.5,1.0,60.0,10.0
1815.7432590182634,120.0,0.0,8.0,6.0,11.0,1.5,1.0,60.0,10.0
1815.7437590182635,120.0,0.0,8.0,6.0,11.0,1.5,1.0,60.0,10.0
1816.1437590182636,120.0,0.0,8.0,6.0,11.0,1.5,1.0,60.0,10.0
1816.1442590182637,120.0,0.0,8.0,6.0,11.0,1.5,1.0,60.0,10.0
1816.5442590182638,120.0,0.0,8.0,6.0,11.0,1.5,1.0,60.0,10.0
1816.544759018264,120.0,0.0,8.0,6.0,11.0,1.5,1.0,60.0,10.0
1816.944759018264,120.0,0.0,8.0,6.0,11.0,1.5,1.0,60.0,10.0
1816.945259018264,120.0,0.0,8.0,6.0,11.0,1.5,1.0,60.0,10.0
1817.3452590182642,120.0,0.0,8.0,6.0,11.0,1.5,1.0,60.0,10.0
1817.3457590182643,120.0,0.0,8.0,6.0,11.0,1.5,1.0,60.0,10.0
1817.7457590182644,120.0,0.0,8.0,6.0,11.0,1.5,1.0,60.0,10.0
1817.7462590182645,120.0,0.0,8.0,6.0,11.0,1.5,1.0,60.0,10.0
1818.1462590182646,120.0,0.0,8.0,6.0,11.0,1.5,1.0,60.0,10.0
1818.1467590182647,120.0,0.0,8.0,6.0,11.0,1.5,1.0,60.0,10.0
1818.5467590182648,120.0,0.0,8.0,6.0,11.0,1.5,1.0,60.0,10.0
1818.5472590182649,120.0,0.0,8.0,6.0,11.0,1.5,1.0,60.0,10.0
1818.947259018265,120.0,0.0,8.0,6.0,11.0,1.5,1.0,60.0,10.0
1818.947759018265,120.0,0.0,8.0,6.0,11.0,1.5,1.0,60.0,10.0
1819.3477590182652,120.0,0.0,8.0,6.0,11.0,1.5,1.0,60.0,10.0
1819.3482590182653,120.0,0.0,8.0,6.0,11.0,1.5,1.0,60.0,10.0
1819.7482590182653,120.0,0.0,8.0,6.0,11.0,1.5,1.0,60.0,10.0
1819.7487590182654,120.0,0.0,8.0,6.0,11.0,1.5,1.0,60.0,10.0
1820.1487590182655,120.0,0.0,8.0,6.0,11.0,1.5,1.0,60.0,10.0
1820.1492590182656,120.0,0.0,8.0,6.0,11.0,1.5,1.0,60.0,10.0
1820.5492590182657,120.0,0.0,8.0,6.0,11.0,1.5,1.0,60.0,10.0
1820.5497590182658,120.0,0.0,8.0,6.0,11.0,1.5,1.0,60.0,10.0
1820.949759018266,120.0,0.0,8.0,6.0,11.0,1.5,1.0,60.0,10.0
1820.950259018266,120.0,0.0,8.0,6.0,11.0,1.5,1.0,60.0,10.0
1821.3502590182661,120.0,0.0,8.0,6.0,11.0,1.5,1.0,60.0,10.0
1821.3507590182662,120.0,0.0,8.0,6.0,11.0,1.5,1.0,60.0,10.0
1821.7507590182663,120.0,0.0,8.0,6.0,11.0,1.5,1.0,60.0,10.0
1821.7512590182664,120.0,0.0,8.0,6.0,11.0,1.5,1.0,60.0,10.0
1822.1512590182665,120.0,0.0,8.0,6.0,11.0,1.5,1.0,60.0,10.0
1822.1517590182666,120.0,0.0,8.0,6.0,11.0,1.5,1.0,60.0,10.0
1822.5517590182667,120.0,0.0,8.0,6.0,11.0,1.5,1.0,60.0,10.0
1822.5522590182668,120.0,0.0,8.0,6.0,11.0,1.5,1.0,60.0,10.0
1822.952259018267,120.0,0.0,8.0,6.0,11.0,1.5,1.0,60.0,10.0
1822.952759018267,120.0,0.0,8.0,6.0,11.0,1.5,1.0,60.0,10.0
1823.352759018267,120.0,0.0,8.0,6.0,11.0,1.5,1.0,60.0,10.0
1823.3532590182672,120.0,0.0,8.0,6.0,11.0,1.5,1.0,60.0,10.0
1823.7532590182673,120.0,0.0,8.0,6.0,11.0,1.5,1.0,60.0,10.0
1823.7537590182674,120.0,0.0,8.0,6.0,11.0,1.5,1.0,60.0,10.0
1824.1537590182675,120.0,0.0,8.0,6.0,11.0,1.5,1.0,60.0,10.0
1824.1542590182676,120.0,0.0,8.0,6.0,11.0,1.5,1.0,60.0,10.0
1824.5542590182677,120.0,0.0,8.0,6.0,11.0,1.5,1.0,60.0,10.0
1824.5547590182678,120.0,0.0,8.0,6.0,11.0,1.5,1.0,60.0,10.0
1824.9547590182679,120.0,0.0,8.0,6.0,11.0,1.5,1.0,60.0,10.0
1824.955259018268,120.0,0.0,8.0,6.0,11.0,1.5,1.0,60.0,10.0
1825.355259018268,120.0,0.0,8.0,6.0,11.0,1.5,1.0,60.0,10.0
1825.3557590182681,120.0,0.0,8.0,6.0,11.0,1.5,1.0,60.0,10.0
1825.7557590182682,120.0,0.0,8.0,6.0,11.0,1.5,1.0,60.0,10.0
1825.7562590182683,120.0,0.0,8.0,6.0,11.0,1.5,1.0,60.0,10.0
1826.1562590182684,120.0,0.0,8.0,6.0,11.0,1.5,1.0,60.0,10.0
1826.1567590182685,120.0,0.0,8.0,6.0,11.0,1.5,1.0,60.0,10.0
1826.5567590182686,120.0,0.0,8.0,6.0,11.0,1.5,1.0,60.0,10.0
1826.5572590182687,120.0,0.0,8.0,6.0,11.0,1.5,1.0,60.0,10.0
1826.9572590182688,120.0,0.0,8.0,6.0,11.0,1.5,1.0,60.0,10.0
1826.957759018269,120.0,0.0,8.0,6.0,11.0,1.5,1.0,60.0,10.0
1827.357759018269,120.0,0.0,8.0,6.0,11.0,1.5,1.0,60.0,10.0
1827.358259018269,120.0,0.0,8.0,6.0,11.0,1.5,1.0,60.0,10.0
1827.7582590182692,120.0,0.0,8.0,6.0,11.0,1.5,1.0,60.0,10.0
1827.7587590182693,120.0,0.0,8.0,6.0,11.0,1.5,1.0,60.0,10.0
1828.1587590182694,120.0,0.0,8.0,6.0,11.0,1.5,1.0,60.0,10.0
1828.1592590182695,120.0,0.0,8.0,6.0,11.0,1.5,1.0,60.0,10.0
1828.5592590182696,120.0,0.0,8.0,6.0,11.0,1.5,1.0,60.0,10.0
1828.5597590182697,120.0,0.0,8.0,6.0,11.0,1.5,1.0,60.0,10.0
1828.9597590182698,120.0,0.0,8.0,6.0,11.0,1.5,1.0,60.0,10.0
1828.9602590182699,120.0,0.0,8.0,6.0,11.0,1.5,1.0,60.0,10.0
1829.36025901827,120.0,0.0,8.0,6.0,11.0,1.5,1.0,60.0,10.0
1829.36075901827,120.0,0.0,8.0,6.0,11.0,1.5,1.0,60.0,10.0
1829.7607590182702,120.0,0.0,8.0,6.0,11.0,1.5,1.0,60.0,10.0
1829.7612590182703,120.0,0.0,8.0,6.0,11.0,1.5,1.0,60.0,10.0
1830.1612590182704,120.0,0.0,8.0,6.0,11.0,1.5,1.0,60.0,10.0
1830.1617590182705,120.0,0.0,8.0,6.0,11.0,1.5,1.0,60.0,10.0
1830.5617590182705,120.0,0.0,8.0,6.0,11.0,1.5,1.0,60.0,10.0
1830.5622590182707,120.0,0.0,8.0,6.0,11.0,1.5,1.0,60.0,10.0
1830.9622590182707,120.0,0.0,8.0,6.0,11.0,1.5,1.0,60.0,10.0
1830.9627590182708,120.0,0.0,8.0,6.0,11.0,1.5,1.0,60.0,10.0
1831.362759018271,120.0,0.0,8.0,6.0,11.0,1.5,1.0,60.0,10.0
1831.363259018271,120.0,0.0,8.0,6.0,11.0,1.5,1.0,60.0,10.0
1831.7632590182711,120.0,0.0,8.0,6.0,11.0,1.5,1.0,60.0,10.0
1831.7637590182712,120.0,0.0,8.0,6.0,11.0,1.5,1.0,60.0,10.0
1832.1637590182713,120.0,0.0,8.0,6.0,11.0,1.5,1.0,60.0,10.0
1832.1642590182714,120.0,0.0,8.0,6.0,11.0,1.5,1.0,60.0,10.0
1832.5642590182715,120.0,0.0,8.0,6.0,11.0,1.5,1.0,60.0,10.0
1832.5647590182716,120.0,0.0,8.0,6.0,11.0,1.5,1.0,60.0,10.0
1832.9647590182717,120.0,0.0,8.0,6.0,11.0,1.5,1.0,60.0,10.0
1832.9652590182718,120.0,0.0,8.0,6.0,11.0,1.5,1.0,60.0,10.0
1833.365259018272,120.0,0.0,8.0,6.0,11.0,1.5,1.0,60.0,10.0
1833.365759018272,120.0,0.0,8.0,6.0,11.0,1.5,1.0,60.0,10.0
1833.765759018272,120.0,0.0,8.0,6.0,11.0,1.5,1.0,60.0,10.0
1833.7662590182722,120.0,0.0,8.0,6.0,11.0,1.5,1.0,60.0,10.0
1834.1662590182723,120.0,0.0,8.0,6.0,11.0,1.5,1.0,60.0,10.0
1834.1667590182724,120.0,0.0,8.0,6.0,11.0,1.5,1.0,60.0,10.0
1834.5667590182725,120.0,0.0,8.0,6.0,11.0,1.5,1.0,60.0,10.0
1834.5672590182726,120.0,0.0,8.0,6.0,11.0,1.5,1.0,60.0,10.0
1834.9672590182727,120.0,0.0,8.0,6.0,11.0,1.5,1.0,60.0,10.0
1834.9677590182728,120.0,0.0,8.0,6.0,11.0,1.5,1.0,60.0,10.0
1835.3677590182729,120.0,0.0,8.0,6.0,11.0,1.5,1.0,60.0,10.0
1835.368259018273,120.0,0.0,8.0,6.0,11.0,1.5,1.0,60.0,10.0
1835.768259018273,120.0,0.0,8.0,6.0,11.0,1.5,1.0,60.0,10.0
1835.7687590182732,130.0,0.0,8.0,6.0,11.0,1.5,1.0,60.0,10.0
1836.1687590182732,130.0,0.0,8.0,6.0,11.0,1.5,1.0,60.0,10.0
1836.169220556735,130.0,0.0,8.0,6.0,11.0,1.5,1.0,60.0,10.0
1836.569220556735,130.0,0.0,8.0,6.0,11.0,1.5,1.0,60.0,10.0
1836.5696820951966,130.0,0.0,8.0,6.0,11.0,1.5,1.0,60.0,10.0
1836.9696820951967,130.0,0.0,8.0,6.0,11.0,1.5,1.0,60.0,10.0
1836.9701436336584,130.0,0.0,8.0,6.0,11.0,1.5,1.0,60.0,10.0
1837.3701436336585,130.0,0.0,8.0,6.0,11.0,1.5,1.0,60.0,10.0
1837.3706051721201,130.0,0.0,8.0,6.0,11.0,1.5,1.0,60.0,10.0
1837.7706051721202,130.0,0.0,8.0,6.0,11.0,1.5,1.0,60.0,10.0
1837.7710667105819,130.0,0.0,8.0,6.0,11.0,1.5,1.0,60.0,10.0
1838.171066710582,130.0,0.0,8.0,6.0,11.0,1.5,1.0,60.0,10.0
1838.1715282490436,130.0,0.0,8.0,6.0,11.0,1.5,1.0,60.0,10.0
1838.5715282490437,130.0,0.0,8.0,6.0,11.0,1.5,1.0,60.0,10.0
1838.5719897875053,130.0,0.0,8.0,6.0,11.0,1.5,1.0,60.0,10.0
1838.9719897875054,130.0,0.0,8.0,6.0,11.0,1.5,1.0,60.0,10.0
1838.972451325967,130.0,0.0,8.0,6.0,11.0,1.5,1.0,60.0,10.0
1839.3724513259672,130.0,0.0,8.0,6.0,11.0,1.5,1.0,60.0,10.0
1839.3729128644288,130.0,0.0,8.0,6.0,11.0,1.5,1.0,60.0,10.0
1839.772912864429,130.0,0.0,8.0,6.0,11.0,1.5,1.0,60.0,10.0
1839.7733744028906,130.0,0.0,8.0,6.0,11.0,1.5,1.0,60.0,10.0
1840.1733744028907,130.0,0.0,8.0,6.0,11.0,1.5,1.0,60.0,10.0
1840.1738359413523,130.0,0.0,8.0,6.0,11.0,1.5,1.0,60.0,10.0
1840.5738359413524,130.0,0.0,8.0,6.0,11.0,1.5,1.0,60.0,10.0
1840.574297479814,130.0,0.0,8.0,6.0,11.0,1.5,1.0,60.0,10.0
1840.9742974798141,130.0,0.0,8.0,6.0,11.0,1.5,1.0,60.0,10.0
1840.9747590182758,130.0,0.0,8.0,6.0,11.0,1.5,1.0,60.0,10.0
1841.3747590182759,130.0,0.0,8.0,6.0,11.0,1.5,1.0,60.0,10.0
1841.3752205567375,130.0,0.0,8.0,6.0,11.0,1.5,1.0,60.0,10.0
1841.7752205567376,130.0,0.0,8.0,6.0,11.0,1.5,1.0,60.0,10.0
1841.7756820951993,130.0,0.0,8.0,6.0,11.0,1.5,1.0,60.0,10.0
1842.1756820951994,130.0,0.0,8.0,6.0,11.0,1.5,1.0,60.0,10.0
1842.176143633661,130.0,0.0,8.0,6.0,11.0,1.5,1.0,60.0,10.0
1842.576143633661,130.0,0.0,8.0,6.0,11.0,1.5,1.0,60.0,10.0
1842.5766051721228,130.0,0.0,8.0,6.0,11.0,1.5,1.0,60.0,10.0
1842.9766051721228,130.0,0.0,8.0,6.0,11.0,1.5,1.0,60.0,10.0
1842.9770667105845,130.0,0.0,8.0,6.0,11.0,1.5,1.0,60.0,10.0
1843.3770667105846,130.0,0.0,8.0,6.0,11.0,1.5,1.0,60.0,10.0
1843.3775282490462,130.0,0.0,8.0,6.0,11.0,1.5,1.0,60.0,10.0
1843.7775282490463,130.0,0.0,8.0,6.0,11.0,1.5,1.0,60.0,10.0
1843.777989787508,130.0,0.0,8.0,6.0,11.0,1.5,1.0,60.0,10.0
1844.177989787508,130.0,0.0,8.0,6.0,11.0,1.5,1.0,60.0,10.0
1844.1784513259697,130.0,0.0,8.0,6.0,11.0,1.5,1.0,60.0,10.0
1844.5784513259698,130.0,0.0,8.0,6.0,11.0,1.5,1.0,60.0,10.0
1844.5789128644315,130.0,0.0,8.0,6.0,11.0,1.5,1.0,60.0,10.0
1844.9789128644315,130.0,0.0,8.0,6.0,11.0,1.5,1.0,60.0,10.0
1844.9793744028932,130.0,0.0,8.0,6.0,11.0,1.5,1.0,60.0,10.0
1845.3793744028933,130.0,0.0,8.0,6.0,11.0,1.5,1.0,60.0,10.0
1845.379835941355,130.0,0.0,8.0,6.0,11.0,1.5,1.0,60.0,10.0
1845.779835941355,130.0,0.0,8.0,6.0,11.0,1.5,1.0,60.0,10.0
1845.7802974798167,130.0,0.0,8.0,6.0,11.0,1.5,1.0,60.0,10.0
1846.1802974798168,130.0,0.0,8.0,6.0,11.0,1.5,1.0,60.0,10.0
1846.1807590182784,130.0,0.0,8.0,6.0,11.0,1.5,1.0,60.0,10.0
1846.5807590182785,130.0,0.0,8.0,6.0,11.0,1.5,1.0,60.0,10.0
1846.5812205567402,130.0,0.0,8.0,6.0,11.0,1.5,1.0,60.0,10.0
1846.9812205567403,130.0,0.0,8.0,6.0,11.0,1.5,1.0,60.0,10.0
1846.981682095202,130.0,0.0,8.0,6.0,11.0,1.5,1.0,60.0,10.0
1847.381682095202,130.0,0.0,8.0,6.0,11.0,1.5,1.0,60.0,10.0
1847.3821436336636,130.0,0.0,8.0,6.0,11.0,1.5,1.0,60.0,10.0
1847.7821436336637,130.0,0.0,8.0,6.0,11.0,1.5,1.0,60.0,10.0
1847.7826051721254,130.0,0.0,8.0,6.0,11.0,1.5,1.0,60.0,10.0
1848.1826051721255,130.0,0.0,8.0,6.0,11.0,1.5,1.0,60.0,10.0
1848.1830667105871,130.0,0.0,8.0,6.0,11.0,1.5,1.0,60.0,10.0
1848.5830667105872,130.0,0.0,8.0,6.0,11.0,1.5,1.0,60.0,10.0
1848.5835282490489,130.0,0.0,8.0,6.0,11.0,1.5,1.0,60.0,10.0
1848.983528249049,130.0,0.0,8.0,6.0,11.0,1.5,1.0,60.0,10.0
1848.9839897875106,130.0,0.0,8.0,6.0,11.0,1.5,1.0,60.0,10.0
1849.3839897875107,130.0,0.0,8.0,6.0,11.0,1.5,1.0,60.0,10.0
1849.3844513259723,130.0,0.0,8.0,6.0,11.0,1.5,1.0,60.0,10.0
1849.7844513259724,130.0,0.0,8.0,6.0,11.0,1.5,1.0,60.0,10.0
1849.784912864434,130.0,0.0,8.0,6.0,11.0,1.5,1.0,60.0,10.0
1850.1849128644342,130.0,0.0,8.0,6.0,11.0,1.5,1.0,60.0,10.0
1850.1853744028958,130.0,0.0,8.0,6.0,11.0,1.5,1.0,60.0,10.0
1850.585374402896,130.0,0.0,8.0,6.0,11.0,1.5,1.0,60.0,10.0
1850.5858359413576,130.0,0.0,8.0,6.0,11.0,1.5,1.0,60.0,10.0
1850.9858359413577,130.0,0.0,8.0,6.0,11.0,1.5,1.0,60.0,10.0
1850.9862974798193,130.0,0.0,8.0,6.0,11.0,1.5,1.0,60.0,10.0
1851.3862974798194,130.0,0.0,8.0,6.0,11.0,1.5,1.0,60.0,10.0
1851.386759018281,130.0,0.0,8.0,6.0,11.0,1.5,1.0,60.0,10.0
1851.7867590182811,130.0,0.0,8.0,6.0,11.0,1.5,1.0,60.0,10.0
1851.7872205567428,130.0,0.0,8.0,6.0,11.0,1.5,1.0,60.0,10.0
1852.187220556743,130.0,0.0,8.0,6.0,11.0,1.5,1.0,60.0,10.0
1852.1876820952045,130.0,0.0,8.0,6.0,11.0,1.5,1.0,60.0,10.0
1852.5876820952046,130.0,0.0,8.0,6.0,11.0,1.5,1.0,60.0,10.0
1852.5881436336663,130.0,0.0,8.0,6.0,11.0,1.5,1.0,60.0,10.0
1852.9881436336664,130.0,0.0,8.0,6.0,11.0,1.5,1.0,60.0,10.0
1852.988605172128,130.0,0.0,8.0,6.0,11.0,1.5,1.0,60.0,10.0
1853.388605172128,130.0,0.0,8.0,6.0,11.0,1.5,1.0,60.0,10.0
1853.3890667105898,130.0,0.0,8.0,6.0,11.0,1.5,1.0,60.0,10.0
1853.7890667105899,130.0,0.0,8.0,6.0,11.0,1.5,1.0,60.0,10.0
1853.7895282490515,130.0,0.0,8.0,6.0,11.0,1.5,1.0,60.0,10.0
1854.1895282490516,130.0,0.0,8.0,6.0,11.0,1.5,1.0,60.0,10.0
1854.1899897875132,130.0,0.0,8.0,6.0,11.0,1.5,1.0,60.0,10.0
1854.5899897875133,130.0,0.0,8.0,6.0,11.0,1.5,1.0,60.0,10.0
1854.590451325975,130.0,0.0,8.0,6.0,11.0,1.5,1.0,60.0,10.0
1854.990451325975,130.0,0.0,8.0,6.0,11.0,1.5,1.0,60.0,10.0
1854.9909128644367,130.0,0.0,8.0,6.0,11.0,1.5,1.0,60.0,10.0
1855.3909128644368,130.0,0.0,8.0,6.0,11.0,1.5,1.0,60.0,10.0
1855.3913744028985,130.0,0.0,8.0,6.0,11.0,1.5,1.0,60.0,10.0
1855.7913744028986,130.0,0.0,8.0,6.0,11.0,1.5,1.0,60.0,10.0
1855.7918359413602,130.0,0.0,8.0,6.0,11.0,1.5,1.0,60.0,10.0
1856.1918359413603,130.0,0.0,8.0,6.0,11.0,1.5,1.0,60.0,10.0
1856.192297479822,130.0,0.0,8.0,6.0,11.0,1.5,1.0,60.0,10.0
1856.592297479822,130.0,0.0,8.0,6.0,11.0,1.5,1.0,60.0,10.0
1856.5927590182837,130.0,0.0,8.0,6.0,11.0,1.5,1.0,60.0,10.0
1856.9927590182838,130.0,0.0,8.0,6.0,11.0,1.5,1.0,60.0,10.0
1856.9932205567454,130.0,0.0,8.0,6.0,11.0,1.5,1.0,60.0,10.0
1857.3932205567455,130.0,0.0,8.0,6.0,11.0,1.5,1.0,60.0,10.0
1857.3936820952072,130.0,0.0,8.0,6.0,11.0,1.5,1.0,60.0,10.0
1857.7936820952073,130.0,0.0,8.0,6.0,11.0,1.5,1.0,60.0,10.0
1857.794143633669,130.0,0.0,8.0,6.0,11.0,1.5,1.0,60.0,10.0
1858.194143633669,130.0,0.0,8.0,6.0,11.0,1.5,1.0,60.0,10.0
1858.1946051721307,130.0,0.0,8.0,6.0,11.0,1.5,1.0,60.0,10.0
1858.5946051721307,130.0,0.0,8.0,6.0,11.0,1.5,1.0,60.0,10.0
1858.5950667105924,130.0,0.0,8.0,6.0,11.0,1.5,1.0,60.0,10.0
1858.9950667105925,130.0,0.0,8.0,6.0,11.0,1.5,1.0,60.0,10.0
1858.9955282490541,130.0,0.0,8.0,6.0,11.0,1.5,1.0,60.0,10.0
1859.3955282490542,130.0,0.0,8.0,6.0,11.0,1.5,1.0,60.0,10.0
1859.3959897875159,130.0,0.0,8.0,6.0,11.0,1.5,1.0,60.0,10.0
1859.795989787516,130.0,0.0,8.0,6.0,11.0,1.5,1.0,60.0,10.0
1859.7964513259776,130.0,0.0,8.0,6.0,11.0,1.5,1.0,60.0,10.0
1860.1964513259777,130.0,0.0,8.0,6.0,11.0,1.5,1.0,60.0,10.0
1860.1969128644394,130.0,0.0,8.0,6.0,11.0,1.5,1.0,60.0,10.0
1860.5969128644394,130.0,0.0,8.0,6.0,11.0,1.5,1.0,60.0,10.0
1860.597374402901,130.0,0.0,8.0,6.0,11.0,1.5,1.0,60.0,10.0
1860.9973744029012,130.0,0.0,8.0,6.0,11.0,1.5,1.0,60.0,10.0
1860.9978359413628,130.0,0.0,8.0,6.0,11.0,1.5,1.0,60.0,10.0
1861.397835941363,130.0,0.0,8.0,6.0,11.0,1.5,1.0,60.0,10.0
1861.3982974798246,130.0,0.0,8.0,6.0,11.0,1.5,1.0,60.0,10.0
1861.7982974798247,130.0,0.0,8.0,6.0,11.0,1.5,1.0,60.0,10.0
1861.7987590182863,130.0,0.0,8.0,6.0,11.0,1.5,1.0,60.0,10.0
1862.1987590182864,130.0,0.0,8.0,6.0,11.0,1.5,1.0,60.0,10.0
1862.199220556748,130.0,0.0,8.0,6.0,11.0,1.5,1.0,60.0,10.0
1862.5992205567482,130.0,0.0,8.0,6.0,11.0,1.5,1.0,60.0,10.0
1862.5996820952098,130.0,0.0,8.0,6.0,11.0,1.5,1.0,60.0,10.0
1862.99968209521,130.0,0.0,8.0,6.0,11.0,1.5,1.0,60.0,10.0
1863.0001436336715,130.0,0.0,8.0,6.0,11.0,1.5,1.0,60.0,10.0
1863.4001436336716,130.0,0.0,8.0,6.0,11.0,1.5,1.0,60.0,10.0
1863.4006051721333,130.0,0.0,8.0,6.0,11.0,1.5,1.0,60.0,10.0
1863.8006051721334,130.0,0.0,8.0,6.0,11.0,1.5,1.0,60.0,10.0
1863.801066710595,130.0,0.0,8.0,6.0,11.0,1.5,1.0,60.0,10.0
1864.2010667105951,130.0,0.0,8.0,6.0,11.0,1.5,1.0,60.0,10.0
1864.2015282490568,130.0,0.0,8.0,6.0,11.0,1.5,1.0,60.0,10.0
1864.6015282490569,130.0,0.0,8.0,6.0,11.0,1.5,1.0,60.0,10.0
1864.6019897875185,130.0,0.0,8.0,6.0,11.0,1.5,1.0,60.0,10.0
1865.0019897875186,130.0,0.0,8.0,6.0,11.0,1.5,1.0,60.0,10.0
1865.0024513259802,130.0,0.0,8.0,6.0,11.0,1.5,1.0,60.0,10.0
1865.4024513259803,130.0,0.0,8.0,6.0,11.0,1.5,1.0,60.0,10.0
1865.402912864442,130.0,0.0,8.0,6.0,11.0,1.5,1.0,60.0,10.0
1865.802912864442,130.0,0.0,8.0,6.0,11.0,1.5,1.0,60.0,10.0
1865.8033744029037,130.0,0.0,8.0,6.0,11.0,1.5,1.0,60.0,10.0
1866.2033744029038,130.0,0.0,8.0,6.0,11.0,1.5,1.0,60.0,10.0
1866.2038359413655,130.0,0.0,8.0,6.0,11.0,1.5,1.0,60.0,10.0
1866.6038359413656,130.0,0.0,8.0,6.0,11.0,1.5,1.0,60.0,10.0
1866.6042974798272,130.0,0.0,8.0,6.0,11.0,1.5,1.0,60.0,10.0
1867.0042974798273,130.0,0.0,8.0,6.0,11.0,1.5,1.0,60.0,10.0
1867.004759018289,130.0,0.0,8.0,6.0,11.0,1.5,1.0,60.0,10.0
1867.404759018289,130.0,0.0,8.0,6.0,11.0,1.5,1.0,60.0,10.0
1867.4052205567507,130.0,0.0,8.0,6.0,11.0,1.5,1.0,60.0,10.0
1867.8052205567508,130.0,0.0,8.0,6.0,11.0,1.5,1.0,60.0,10.0
1867.8056820952124,130.0,0.0,8.0,6.0,11.0,1.5,1.0,60.0,10.0
1868.2056820952125,130.0,0.0,8.0,6.0,11.0,1.5,1.0,60.0,10.0
1868.2061436336742,130.0,0.0,8.0,6.0,11.0,1.5,1.0,60.0,10.0
1868.6061436336743,130.0,0.0,8.0,6.0,11.0,1.5,1.0,60.0,10.0
1868.606605172136,130.0,0.0,8.0,6.0,11.0,1.5,1.0,60.0,10.0
1869.006605172136,130.0,0.0,8.0,6.0,11.0,1.5,1.0,60.0,10.0
1869.0070667105977,130.0,0.0,8.0,6.0,11.0,1.5,1.0,60.0,10.0
1869.4070667105977,130.0,0.0,8.0,6.0,11.0,1.5,1.0,60.0,10.0
1869.4075282490594,130.0,0.0,8.0,6.0,11.0,1.5,1.0,60.0,10.0
1869.8075282490595,130.0,0.0,8.0,6.0,11.0,1.5,1.0,60.0,10.0
1869.8079897875211,130.0,0.0,8.0,6.0,11.0,1.5,1.0,60.0,10.0
1870.2079897875212,130.0,0.0,8.0,6.0,11.0,1.5,1.0,60.0,10.0
1870.2084513259829,130.0,0.0,8.0,6.0,11.0,1.5,1.0,60.0,10.0
1870.608451325983,130.0,0.0,8.0,6.0,11.0,1.5,1.0,60.0,10.0
1870.6089128644446,130.0,0.0,8.0,6.0,11.0,1.5,1.0,60.0,10.0
1871.0089128644447,130.0,0.0,8.0,6.0,11.0,1.5,1.0,60.0,10.0
1871.0093744029064,130.0,0.0,8.0,6.0,11.0,1.5,1.0,60.0,10.0
1871.4093744029065,130.0,0.0,8.0,6.0,11.0,1.5,1.0,60.0,10.0
1871.409835941368,130.0,0.0,8.0,6.0,11.0,1.5,1.0,60.0,10.0
1871.8098359413682,130.0,0.0,8.0,6.0,11.0,1.5,1.0,60.0,10.0
1871.8102974798298,130.0,0.0,8.0,6.0,11.0,1.5,1.0,60.0,10.0
1872.21029747983,130.0,0.0,8.0,6.0,11.0,1.5,1.0,60.0,10.0
1872.2107590182916,130.0,0.0,8.0,6.0,11.0,1.5,1.0,60.0,10.0
1872.6107590182917,130.0,0.0,8.0,6.0,11.0,1.5,1.0,60.0,10.0
1872.6112205567533,130.0,0.0,8.0,6.0,11.0,1.5,1.0,60.0,10.0
1873.0112205567534,130.0,0.0,8.0,6.0,11.0,1.5,1.0,60.0,10.0
1873.011682095215,130.0,0.0,8.0,6.0,11.0,1.5,1.0,60.0,10.0
1873.4116820952152,130.0,0.0,8.0,6.0,11.0,1.5,1.0,60.0,10.0
1873.4121436336768,130.0,0.0,8.0,6.0,11.0,1.5,1.0,60.0,10.0
1873.812143633677,130.0,0.0,8.0,6.0,11.0,1.5,1.0,60.0,10.0
1873.8126051721385,130.0,0.0,8.0,6.0,11.0,1.5,1.0,60.0,10.0
1874.2126051721386,130.0,0.0,8.0,6.0,11.0,1.5,1.0,60.0,10.0
1874.2130667106003,130.0,0.0,8.0,6.0,11.0,1.5,1.0,60.0,10.0
1874.6130667106004,130.0,0.0,8.0,6.0,11.0,1.5,1.0,60.0,10.0
1874.613528249062,130.0,0.0,8.0,6.0,11.0,1.5,1.0,60.0,10.0
1875.0135282490621,130.0,0.0,8.0,6.0,11.0,1.5,1.0,60.0,10.0
1875.0139897875238,130.0,0.0,8.0,6.0,11.0,1.5,1.0,60.0,10.0
1875.4139897875239,130.0,0.0,8.0,6.0,11.0,1.5,1.0,60.0,10.0
1875.4144513259855,130.0,0.0,8.0,6.0,11.0,1.5,1.0,60.0,10.0
1875.8144513259856,130.0,0.0,8.0,6.0,11.0,1.5,1.0,60.0,10.0
1875.8149128644473,130.0,0.0,8.0,6.0,11.0,1.5,1.0,60.0,10.0
1876.2149128644473,130.0,0.0,8.0,6.0,11.0,1.5,1.0,60.0,10.0
1876.215374402909,130.0,0.0,8.0,6.0,11.0,1.5,1.0,60.0,10.0
1876.615374402909,130.0,0.0,8.0,6.0,11.0,1.5,1.0,60.0,10.0
1876.6158359413707,130.0,0.0,8.0,6.0,11.0,1.5,1.0,60.0,10.0
1877.0158359413708,130.0,0.0,8.0,6.0,11.0,1.5,1.0,60.0,10.0
1877.0162974798325,130.0,0.0,8.0,6.0,11.0,1.5,1.0,60.0,10.0
1877.4162974798326,130.0,0.0,8.0,6.0,11.0,1.5,1.0,60.0,10.0
1877.4167590182942,130.0,0.0,8.0,6.0,11.0,1.5,1.0,60.0,10.0
1877.8167590182943,130.0,0.0,8.0,6.0,11.0,1.5,1.0,60.0,10.0
1877.817220556756,130.0,0.0,8.0,6.0,11.0,1.5,1.0,60.0,10.0
1878.217220556756,130.0,0.0,8.0,6.0,11.0,1.5,1.0,60.0,10.0
1878.2176820952177,130.0,0.0,8.0,6.0,11.0,1.5,1.0,60.0,10.0
1878.6176820952178,130.0,0.0,8.0,6.0,11.0,1.5,1.0,60.0,10.0
1878.6181436336794,130.0,0.0,8.0,6.0,11.0,1.5,1.0,60.0,10.0
1879.0181436336795,130.0,0.0,8.0,6.0,11.0,1.5,1.0,60.0,10.0
1879.0186051721412,130.0,0.0,8.0,6.0,11.0,1.5,1.0,60.0,10.0
1879.4186051721413,130.0,0.0,8.0,6.0,11.0,1.5,1.0,60.0,10.0
1879.419066710603,130.0,0.0,8.0,6.0,11.0,1.5,1.0,60.0,10.0
1879.819066710603,130.0,0.0,8.0,6.0,11.0,1.5,1.0,60.0,10.0
1879.8195282490647,130.0,0.0,8.0,6.0,11.0,1.5,1.0,60.0,10.0
1880.2195282490648,130.0,0.0,8.0,6.0,11.0,1.5,1.0,60.0,10.0
1880.2199897875264,130.0,0.0,8.0,6.0,11.0,1.5,1.0,60.0,10.0
1880.6199897875265,130.0,0.0,8.0,6.0,11.0,1.5,1.0,60.0,10.0
1880.6204513259881,130.0,0.0,8.0,6.0,11.0,1.5,1.0,60.0,10.0
1881.0204513259882,130.0,0.0,8.0,6.0,11.0,1.5,1.0,60.0,10.0
1881.0209128644499,130.0,0.0,8.0,6.0,11.0,1.5,1.0,60.0,10.0
1881.42091286445,130.0,0.0,8.0,6.0,11.0,1.5,1.0,60.0,10.0
1881.4213744029116,130.0,0.0,8.0,6.0,11.0,1.5,1.0,60.0,10.0
1881.8213744029117,130.0,0.0,8.0,6.0,11.0,1.5,1.0,60.0,10.0
1881.8218359413734,130.0,0.0,8.0,6.0,11.0,1.5,1.0,60.0,10.0
1882.2218359413735,130.0,0.0,8.0,6.0,11.0,1.5,1.0,60.0,10.0
1882.222297479835,130.0,0.0,8.0,6.0,11.0,1.5,1.0,60.0,10.0
1882.6222974798352,130.0,0.0,8.0,6.0,11.0,1.5,1.0,60.0,10.0
1882.6227590182968,130.0,0.0,8.0,6.0,11.0,1.5,1.0,60.0,10.0
1883.022759018297,130.0,0.0,8.0,6.0,11.0,1.5,1.0,60.0,10.0
1883.0232205567586,130.0,0.0,8.0,6.0,11.0,1.5,1.0,60.0,10.0
1883.4232205567587,130.0,0.0,8.0,6.0,11.0,1.5,1.0,60.0,10.0
1883.4236820952203,130.0,0.0,8.0,6.0,11.0,1.5,1.0,60.0,10.0
1883.8236820952204,130.0,0.0,8.0,6.0,11.0,1.5,1.0,60.0,10.0
1883.824143633682,130.0,0.0,8.0,6.0,11.0,1.5,1.0,60.0,10.0
1884.2241436336822,130.0,0.0,8.0,6.0,11.0,1.5,1.0,60.0,10.0
1884.2246051721438,130.0,0.0,8.0,6.0,11.0,1.5,1.0,60.0,10.0
1884.624605172144,130.0,0.0,8.0,6.0,11.0,1.5,1.0,60.0,10.0
1884.6250667106056,130.0,0.0,8.0,6.0,11.0,1.5,1.0,60.0,10.0
1885.0250667106056,130.0,0.0,8.0,6.0,11.0,1.5,1.0,60.0,10.0
1885.0255282490673,130.0,0.0,8.0,6.0,11.0,1.5,1.0,60.0,10.0
1885.4255282490674,130.0,0.0,8.0,6.0,11.0,1.5,1.0,60.0,10.0
1885.425989787529,130.0,0.0,8.0,6.0,11.0,1.5,1.0,60.0,10.0
1885.8259897875291,130.0,0.0,8.0,6.0,11.0,1.5,1.0,60.0,10.0
1885.8264513259908,130.0,0.0,8.0,6.0,11.0,1.5,1.0,60.0,10.0
1886.2264513259909,130.0,0.0,8.0,6.0,11.0,1.5,1.0,60.0,10.0
1886.2269128644525,130.0,0.0,8.0,6.0,11.0,1.5,1.0,60.0,10.0
1886.6269128644526,130.0,0.0,8.0,6.0,11.0,1.5,1.0,60.0,10.0
1886.6273744029143,130.0,0.0,8.0,6.0,11.0,1.5,1.0,60.0,10.0
1887.0273744029143,130.0,0.0,8.0,6.0,11.0,1.5,1.0,60.0,10.0
1887.027835941376,130.0,0.0,8.0,6.0,11.0,1.5,1.0,60.0,10.0
1887.427835941376,130.0,0.0,8.0,6.0,11.0,1.5,1.0,60.0,10.0
1887.4282974798377,130.0,0.0,8.0,6.0,11.0,1.5,1.0,60.0,10.0
1887.8282974798378,130.0,0.0,8.0,6.0,11.0,1.5,1.0,60.0,10.0
1887.8287590182995,130.0,0.0,8.0,6.0,11.0,1.5,1.0,60.0,10.0
1888.2287590182996,130.0,0.0,8.0,6.0,11.0,1.5,1.0,60.0,10.0
1888.2292205567612,130.0,0.0,8.0,6.0,11.0,1.5,1.0,60.0,10.0
1888.6292205567613,130.0,0.0,8.0,6.0,11.0,1.5,1.0,60.0,10.0
1888.629682095223,130.0,0.0,8.0,6.0,12.0,1.5,1.0,60.0,10.0
1889.029682095223,130.0,0.0,8.0,6.0,12.0,1.5,1.0,60.0,10.0
1889.0301436336847,130.0,0.0,8.0,6.0,12.0,1.5,1.0,60.0,10.0
1889.4301436336848,130.0,0.0,8.0,6.0,12.0,1.5,1.0,60.0,10.0
1889.4306051721464,130.0,0.0,8.0,6.0,12.0,1.5,1.0,60.0,10.0
1889.8306051721465,130.0,0.0,8.0,6.0,12.0,1.5,1.0,60.0,10.0
1889.8310667106082,130.0,0.0,8.0,6.0,12.0,1.5,1.0,60.0,10.0
1890.2310667106083,130.0,0.0,8.0,6.0,12.0,1.5,1.0,60.0,10.0
1890.23152824907,130.0,0.0,8.0,6.0,12.0,1.5,1.0,60.0,10.0
1890.63152824907,130.0,0.0,8.0,6.0,12.0,1.5,1.0,60.0,10.0
1890.6319897875317,130.0,0.0,8.0,6.0,12.0,1.5,1.0,60.0,10.0
1891.0319897875318,130.0,0.0,8.0,6.0,12.0,1.5,1.0,60.0,10.0
1891.0324513259934,130.0,0.0,8.0,6.0,12.0,1.5,1.0,60.0,10.0
1891.4324513259935,130.0,0.0,8.0,6.0,12.0,1.5,1.0,60.0,10.0
1891.4329128644551,130.0,0.0,8.0,6.0,12.0,1.5,1.0,60.0,10.0
1891.8329128644552,130.0,0.0,8.0,6.0,12.0,1.5,1.0,60.0,10.0
1891.833374402917,130.0,0.0,8.0,6.0,12.0,1.5,1.0,60.0,10.0
1892.233374402917,130.0,0.0,8.0,6.0,12.0,1.5,1.0,60.0,10.0
1892.2338359413786,130.0,0.0,8.0,6.0,12.0,1.5,1.0,60.0,10.0
1892.6338359413787,130.0,0.0,8.0,6.0,12.0,1.5,1.0,60.0,10.0
1892.6342974798404,130.0,0.0,8.0,6.0,12.0,1.5,1.0,60.0,10.0
1893.0342974798405,130.0,0.0,8.0,6.0,12.0,1.5,1.0,60.0,10.0
1893.034759018302,130.0,0.0,8.0,6.0,12.0,1.5,1.0,60.0,10.0
1893.4347590183022,130.0,0.0,8.0,6.0,12.0,1.5,1.0,60.0,10.0
1893.4352205567639,130.0,0.0,8.0,6.0,12.0,1.5,1.0,60.0,10.0
1893.835220556764,130.0,0.0,8.0,6.0,12.0,1.5,1.0,60.0,10.0
1893.8356820952256,130.0,0.0,8.0,6.0,12.0,1.5,1.0,60.0,10.0
1894.2356820952257,130.0,0.0,8.0,6.0,12.0,1.5,1.0,60.0,10.0
1894.2361436336873,130.0,0.0,8.0,6.0,12.0,1.5,1.0,60.0,10.0
1894.6361436336874,130.0,0.0,8.0,6.0,12.0,1.5,1.0,60.0,10.0
1894.636605172149,130.0,0.0,8.0,6.0,12.0,1.5,1.0,60.0,10.0
1895.0366051721492,130.0,0.0,8.0,6.0,12.0,1.5,1.0,60.0,10.0
1895.0370667106108,130.0,0.0,8.0,6.0,12.0,1.5,1.0,60.0,10.0
1895.437066710611,130.0,0.0,8.0,6.0,12.0,1.5,1.0,60.0,10.0
1895.4375282490726,130.0,0.0,8.0,6.0,12.0,1.5,1.0,60.0,10.0
1895.8375282490726,130.0,0.0,8.0,6.0,12.0,1.5,1.0,60.0,10.0
1895.8379897875343,130.0,0.0,8.0,6.0,12.0,1.5,1.0,60.0,10.0
1896.2379897875344,130.0,0.0,8.0,6.0,12.0,1.5,1.0,60.0,10.0
1896.238451325996,130.0,0.0,8.0,6.0,12.0,1.5,1.0,60.0,10.0
1896.6384513259961,130.0,0.0,8.0,6.0,12.0,1.5,1.0,60.0,10.0
1896.6389128644578,130.0,0.0,8.0,6.0,12.0,1.5,1.0,60.0,10.0
1897.0389128644579,130.0,0.0,8.0,6.0,12.0,1.5,1.0,60.0,10.0
1897.0393744029195,120.0,0.0,8.0,6.0,12.0,1.5,1.0,60.0,10.0
1897.4393744029196,120.0,0.0,8.0,6.0,12.0,1.5,1.0,60.0,10.0
1897.4398744029197,120.0,0.0,8.0,6.0,12.0,1.5,1.0,60.0,10.0
1897.8398744029198,120.0,0.0,8.0,6.0,12.0,1.5,1.0,60.0,10.0
1897.84037440292,120.0,0.0,8.0,6.0,12.0,1.5,1.0,60.0,10.0
1898.24037440292,120.0,0.0,8.0,6.0,12.0,1.5,1.0,60.0,10.0
1898.24087440292,120.0,0.0,8.0,6.0,12.0,1.5,1.0,60.0,10.0
1898.6408744029202,120.0,0.0,8.0,6.0,12.0,1.5,1.0,60.0,10.0
1898.6413744029203,120.0,0.0,8.0,6.0,12.0,1.5,1.0,60.0,10.0
1899.0413744029204,120.0,0.0,8.0,6.0,12.0,1.5,1.0,60.0,10.0
1899.0418744029205,120.0,0.0,8.0,6.0,12.0,1.5,1.0,60.0,10.0
1899.4418744029206,120.0,0.0,8.0,6.0,12.0,1.5,1.0,60.0,10.0
1899.4423744029207,120.0,0.0,8.0,6.0,12.0,1.5,1.0,60.0,10.0
1899.8423744029208,120.0,0.0,8.0,6.0,12.0,1.5,1.0,60.0,10.0
1899.8428744029209,120.0,0.0,8.0,6.0,12.0,1.5,1.0,60.0,10.0
1900.242874402921,120.0,0.0,8.0,6.0,12.0,1.5,1.0,60.0,10.0
1900.243374402921,120.0,0.0,8.0,6.0,12.0,1.5,1.0,60.0,10.0
1900.6433744029212,120.0,0.0,8.0,6.0,12.0,1.5,1.0,60.0,10.0
1900.6438744029213,120.0,0.0,8.0,6.0,12.0,1.5,1.0,60.0,10.0
1901.0438744029213,120.0,0.0,8.0,6.0,12.0,1.5,1.0,60.0,10.0
1901.0443744029214,120.0,0.0,8.0,6.0,12.0,1.5,1.0,60.0,10.0
1901.4443744029215,120.0,0.0,8.0,6.0,12.0,1.5,1.0,60.0,10.0
1901.4448744029216,120.0,0.0,8.0,6.0,12.0,1.5,1.0,60.0,10.0
1901.8448744029217,120.0,0.0,8.0,6.0,12.0,1.5,1.0,60.0,10.0
1901.8453744029218,120.0,0.0,8.0,6.0,12.0,1.5,1.0,60.0,10.0
1902.245374402922,120.0,0.0,8.0,6.0,12.0,1.5,1.0,60.0,10.0
1902.245874402922,120.0,0.0,8.0,6.0,12.0,1.5,1.0,60.0,10.0
1902.6458744029221,120.0,0.0,8.0,6.0,12.0,1.5,1.0,60.0,10.0
1902.6463744029222,120.0,0.0,8.0,6.0,12.0,1.5,1.0,60.0,10.0
1903.0463744029223,120.0,0.0,8.0,6.0,12.0,1.5,1.0,60.0,10.0
1903.0468744029224,120.0,0.0,8.0,6.0,12.0,1.5,1.0,60.0,10.0
1903.4468744029225,120.0,0.0,8.0,6.0,12.0,1.5,1.0,60.0,10.0
1903.4473744029226,120.0,0.0,8.0,6.0,12.0,1.5,1.0,60.0,10.0
1903.8473744029227,120.0,0.0,8.0,6.0,12.0,1.5,1.0,60.0,10.0
1903.8478744029228,120.0,0.0,8.0,6.0,12.0,1.5,1.0,60.0,10.0
1904.247874402923,120.0,0.0,8.0,6.0,12.0,1.5,1.0,60.0,10.0
1904.248374402923,120.0,0.0,8.0,6.0,12.0,1.5,1.0,60.0,10.0
1904.648374402923,120.0,0.0,8.0,6.0,12.0,1.5,1.0,60.0,10.0
1904.6488744029232,120.0,0.0,8.0,6.0,12.0,1.5,1.0,60.0,10.0
1905.0488744029233,120.0,0.0,8.0,6.0,12.0,1.5,1.0,60.0,10.0
1905.0493744029234,120.0,0.0,8.0,6.0,12.0,1.5,1.0,60.0,10.0
1905.4493744029235,120.0,0.0,8.0,6.0,12.0,1.5,1.0,60.0,10.0
1905.4498744029236,120.0,0.0,8.0,6.0,12.0,1.5,1.0,60.0,10.0
1905.8498744029237,120.0,0.0,8.0,6.0,12.0,1.5,1.0,60.0,10.0
1905.8503744029238,120.0,0.0,8.0,6.0,12.0,1.5,1.0,60.0,10.0
1906.2503744029239,120.0,0.0,8.0,6.0,12.0,1.5,1.0,60.0,10.0
1906.250874402924,120.0,0.0,8.0,6.0,12.0,1.5,1.0,60.0,10.0
1906.650874402924,120.0,0.0,8.0,6.0,12.0,1.5,1.0,60.0,10.0
1906.6513744029241,120.0,0.0,8.0,6.0,12.0,1.5,1.0,60.0,10.0
1907.0513744029242,120.0,0.0,8.0,6.0,12.0,1.5,1.0,60.0,10.0
1907.0518744029243,120.0,0.0,8.0,6.0,12.0,1.5,1.0,60.0,10.0
1907.4518744029244,120.0,0.0,8.0,6.0,12.0,1.5,1.0,60.0,10.0
1907.4523744029245,120.0,0.0,8.0,6.0,12.0,1.5,1.0,60.0,10.0
1907.8523744029246,120.0,0.0,8.0,6.0,12.0,1.5,1.0,60.0,10.0
1907.8528744029247,120.0,0.0,8.0,6.0,12.0,1.5,1.0,60.0,10.0
1908.2528744029248,120.0,0.0,8.0,6.0,12.0,1.5,1.0,60.0,10.0
1908.253374402925,120.0,0.0,8.0,6.0,12.0,1.5,1.0,60.0,10.0
1908.653374402925,120.0,0.0,8.0,6.0,12.0,1.5,1.0,60.0,10.0
1908.653874402925,120.0,0.0,8.0,6.0,12.0,1.5,1.0,60.0,10.0
1909.0538744029252,120.0,0.0,8.0,6.0,12.0,1.5,1.0,60.0,10.0
1909.0543744029253,120.0,0.0,8.0,6.0,12.0,1.5,1.0,60.0,10.0
1909.4543744029254,120.0,0.0,8.0,6.0,12.0,1.5,1.0,60.0,10.0
1909.4548744029255,120.0,0.0,8.0,6.0,12.0,1.5,1.0,60.0,10.0
1909.8548744029256,120.0,0.0,8.0,6.0,12.0,1.5,1.0,60.0,10.0
1909.8553744029257,120.0,0.0,8.0,6.0,12.0,1.5,1.0,60.0,10.0
1910.2553744029258,120.0,0.0,8.0,6.0,12.0,1.5,1.0,60.0,10.0
1910.2558744029259,120.0,0.0,8.0,6.0,12.0,1.5,1.0,60.0,10.0
1910.655874402926,120.0,0.0,8.0,6.0,12.0,1.5,1.0,60.0,10.0
1910.656374402926,120.0,0.0,8.0,6.0,12.0,1.5,1.0,60.0,10.0
1911.0563744029262,120.0,0.0,8.0,6.0,12.0,1.5,1.0,60.0,10.0
1911.0568744029263,120.0,0.0,8.0,6.0,12.0,1.5,1.0,60.0,10.0
1911.4568744029264,120.0,0.0,8.0,6.0,12.0,1.5,1.0,60.0,10.0
1911.4573744029265,120.0,0.0,8.0,6.0,12.0,1.5,1.0,60.0,10.0
1911.8573744029266,120.0,0.0,8.0,6.0,12.0,1.5,1.0,60.0,10.0
1911.8578744029267,120.0,0.0,8.0,6.0,13.0,1.5,1.0,60.0,10.0
1912.2578744029267,120.0,0.0,8.0,6.0,13.0,1.5,1.0,60.0,10.0
1912.2583744029268,120.0,0.0,8.0,6.0,13.0,1.5,1.0,60.0,10.0
1912.658374402927,120.0,0.0,8.0,6.0,13.0,1.5,1.0,60.0,10.0
1912.658874402927,120.0,0.0,8.0,6.0,13.0,1.5,1.0,60.0,10.0
1913.0588744029271,120.0,0.0,8.0,6.0,13.0,1.5,1.0,60.0,10.0
1913.0593744029272,120.0,0.0,8.0,6.0,13.0,1.5,1.0,60.0,10.0
1913.4593744029273,120.0,0.0,8.0,6.0,13.0,1.5,1.0,60.0,10.0
1913.4598744029274,120.0,0.0,8.0,6.0,13.0,1.5,1.0,60.0,10.0
1913.8598744029275,120.0,0.0,8.0,6.0,13.0,1.5,1.0,60.0,10.0
1913.8603744029276,120.0,0.0,8.0,6.0,13.0,1.5,1.0,60.0,10.0
1914.2603744029277,120.0,0.0,8.0,6.0,13.0,1.5,1.0,60.0,10.0
1914.2608744029278,120.0,0.0,8.0,6.0,13.0,1.5,1.0,60.0,10.0
1914.660874402928,120.0,0.0,8.0,6.0,13.0,1.5,1.0,60.0,10.0
1914.661374402928,120.0,0.0,8.0,6.0,13.0,1.5,1.0,60.0,10.0
1915.061374402928,120.0,0.0,8.0,6.0,13.0,1.5,1.0,60.0,10.0
1915.0618744029282,120.0,0.0,8.0,6.0,13.0,1.5,1.0,60.0,10.0
1915.4618744029283,120.0,0.0,8.0,6.0,13.0,1.5,1.0,60.0,10.0
1915.4623744029284,120.0,0.0,8.0,6.0,13.0,1.5,1.0,60.0,10.0
1915.8623744029285,120.0,0.0,8.0,6.0,13.0,1.5,1.0,60.0,10.0
1915.8628744029286,120.0,0.0,8.0,6.0,13.0,1.5,1.0,60.0,10.0
1916.2628744029287,120.0,0.0,8.0,6.0,13.0,1.5,1.0,60.0,10.0
1916.2633744029288,120.0,0.0,8.0,6.0,13.0,1.5,1.0,60.0,10.0
1916.6633744029289,120.0,0.0,8.0,6.0,13.0,1.5,1.0,60.0,10.0
1916.663874402929,120.0,0.0,8.0,6.0,13.0,1.5,1.0,60.0,10.0
1917.063874402929,120.0,0.0,8.0,6.0,13.0,1.5,1.0,60.0,10.0
1917.0643744029292,120.0,0.0,8.0,6.0,13.0,1.5,1.0,60.0,10.0
1917.4643744029293,120.0,0.0,8.0,6.0,13.0,1.5,1.0,60.0,10.0
1917.4648744029294,120.0,0.0,8.0,6.0,13.0,1.5,1.0,60.0,10.0
1917.8648744029294,120.0,0.0,8.0,6.0,13.0,1.5,1.0,60.0,10.0
1917.8653744029295,120.0,0.0,8.0,6.0,13.0,1.5,1.0,60.0,10.0
1918.2653744029296,120.0,0.0,8.0,6.0,13.0,1.5,1.0,60.0,10.0
1918.2658744029297,120.0,0.0,8.0,6.0,13.0,1.5,1.0,60.0,10.0
1918.6658744029298,120.0,0.0,8.0,6.0,13.0,1.5,1.0,60.0,10.0
1918.66637440293,120.0,0.0,8.0,6.0,13.0,1.5,1.0,60.0,10.0
1919.06637440293,120.0,0.0,8.0,6.0,13.0,1.5,1.0,60.0,10.0
1919.0668744029301,120.0,0.0,8.0,6.0,13.0,1.5,1.0,60.0,10.0
1919.4668744029302,120.0,0.0,8.0,6.0,13.0,1.5,1.0,60.0,10.0
1919.4673744029303,120.0,0.0,8.0,6.0,13.0,1.5,1.0,60.0,10.0
1919.8673744029304,120.0,0.0,8.0,6.0,13.0,1.5,1.0,60.0,10.0
1919.8678744029305,120.0,0.0,8.0,6.0,13.0,1.5,1.0,60.0,10.0
1920.2678744029306,120.0,0.0,8.0,6.0,13.0,1.5,1.0,60.0,10.0
1920.2683744029307,120.0,0.0,8.0,6.0,13.0,1.5,1.0,60.0,10.0
1920.6683744029308,120.0,0.0,8.0,6.0,13.0,1.5,1.0,60.0,10.0
1920.668874402931,120.0,0.0,8.0,6.0,14.0,1.5,1.0,60.0,10.0
1921.068874402931,120.0,0.0,8.0,6.0,14.0,1.5,1.0,60.0,10.0
1921.069374402931,120.0,0.0,8.0,6.0,14.0,1.5,1.0,60.0,10.0
1921.4693744029312,120.0,0.0,8.0,6.0,14.0,1.5,1.0,60.0,10.0
1921.4698744029313,120.0,0.0,8.0,6.0,14.0,1.5,1.0,60.0,10.0
1921.8698744029314,120.0,0.0,8.0,6.0,14.0,1.5,1.0,60.0,10.0
1921.8703744029315,120.0,0.0,8.0,6.0,14.0,1.5,1.0,60.0,10.0
1922.2703744029316,120.0,0.0,8.0,6.0,14.0,1.5,1.0,60.0,10.0
1922.2708744029317,120.0,0.0,8.0,6.0,14.0,1.5,1.0,60.0,10.0
1922.6708744029318,120.0,0.0,8.0,6.0,14.0,1.5,1.0,60.0,10.0
1922.6713744029319,120.0,0.0,8.0,6.0,14.0,1.5,1.0,60.0,10.0
1923.071374402932,120.0,0.0,8.0,6.0,14.0,1.5,1.0,60.0,10.0
1923.071874402932,120.0,0.0,8.0,6.0,14.0,1.5,1.0,60.0,10.0
1923.4718744029321,120.0,0.0,8.0,6.0,14.0,1.5,1.0,60.0,10.0
1923.4723744029322,120.0,0.0,8.0,6.0,14.0,1.5,1.0,60.0,10.0
1923.8723744029323,120.0,0.0,8.0,6.0,14.0,1.5,1.0,60.0,10.0
1923.8728744029324,120.0,0.0,8.0,6.0,14.0,1.5,1.0,60.0,10.0
1924.2728744029325,120.0,0.0,8.0,6.0,14.0,1.5,1.0,60.0,10.0
1924.2733744029326,120.0,0.0,8.0,6.0,14.0,1.5,1.0,60.0,10.0
1924.6733744029327,120.0,0.0,8.0,6.0,14.0,1.5,1.0,60.0,10.0
1924.6738744029328,120.0,0.0,8.0,6.0,14.0,1.5,1.0,60.0,10.0
1925.073874402933,120.0,0.0,8.0,6.0,14.0,1.5,1.0,60.0,10.0
1925.074374402933,120.0,0.0,8.0,6.0,14.0,1.5,1.0,60.0,10.0
1925.474374402933,120.0,0.0,8.0,6.0,14.0,1.5,1.0,60.0,10.0
1925.4748744029332,120.0,0.0,8.0,6.0,14.0,1.5,1.0,60.0,10.0
1925.8748744029333,120.0,0.0,8.0,6.0,14.0,1.5,1.0,60.0,10.0
1925.8753744029334,120.0,0.0,8.0,6.0,14.0,1.5,1.0,60.0,10.0
1926.2753744029335,120.0,0.0,8.0,6.0,14.0,1.5,1.0,60.0,10.0
1926.2758744029336,120.0,0.0,8.0,6.0,14.0,1.5,1.0,60.0,10.0
1926.6758744029337,120.0,0.0,8.0,6.0,14.0,1.5,1.0,60.0,10.0
1926.6763744029338,120.0,0.0,8.0,6.0,14.0,1.5,1.0,60.0,10.0
1927.0763744029339,120.0,0.0,8.0,6.0,14.0,1.5,1.0,60.0,10.0
1927.076874402934,120.0,0.0,8.0,6.0,14.0,1.5,1.0,60.0,10.0
1927.476874402934,120.0,0.0,8.0,6.0,14.0,1.5,1.0,60.0,10.0
1927.4773744029342,110.0,0.0,8.0,6.0,14.0,1.5,1.0,60.0,10.0
1927.8773744029343,110.0,0.0,8.0,6.0,14.0,1.5,1.0,60.0,10.0
1927.8779198574798,110.0,0.0,8.0,6.0,14.0,1.5,1.0,60.0,10.0
1928.27791985748,110.0,0.0,8.0,6.0,14.0,1.5,1.0,60.0,10.0
1928.2784653120254,120.0,0.0,8.0,6.0,14.0,1.5,1.0,60.0,10.0
1928.6784653120255,120.0,0.0,8.0,6.0,14.0,1.5,1.0,60.0,10.0
1928.6789653120256,120.0,0.0,8.0,6.0,14.0,1.5,1.0,60.0,10.0
1929.0789653120257,120.0,0.0,8.0,6.0,14.0,1.5,1.0,60.0,10.0
1929.0794653120258,120.0,0.0,8.0,6.0,14.0,1.5,1.0,60.0,10.0
1929.479465312026,120.0,0.0,8.0,6.0,14.0,1.5,1.0,60.0,10.0
1929.479965312026,120.0,0.0,8.0,6.0,14.0,1.5,1.0,60.0,10.0
1929.8799653120261,120.0,0.0,8.0,6.0,14.0,1.5,1.0,60.0,10.0
1929.8804653120262,120.0,0.0,8.0,6.0,14.0,1.5,1.0,60.0,10.0
1930.2804653120263,120.0,0.0,8.0,6.0,14.0,1.5,1.0,60.0,10.0
1930.2809653120264,120.0,0.0,8.0,6.0,14.0,1.5,1.0,60.0,10.0
1930.6809653120265,120.0,0.0,8.0,6.0,14.0,1.5,1.0,60.0,10.0
1930.6814653120266,120.0,0.0,8.0,6.0,14.0,1.5,1.0,60.0,10.0
1931.0814653120267,120.0,0.0,8.0,6.0,14.0,1.5,1.0,60.0,10.0
1931.0819653120268,120.0,0.0,8.0,6.0,14.0,1.5,1.0,60.0,10.0
1931.481965312027,120.0,0.0,8.0,6.0,14.0,1.5,1.0,60.0,10.0
1931.482465312027,120.0,0.0,8.0,6.0,14.0,1.5,1.0,60.0,10.0
1931.882465312027,120.0,0.0,8.0,6.0,14.0,1.5,1.0,60.0,10.0
1931.8829653120272,120.0,0.0,8.0,6.0,14.0,1.5,1.0,60.0,10.0
1932.2829653120273,120.0,0.0,8.0,6.0,14.0,1.5,1.0,60.0,10.0
1932.2834653120274,120.0,0.0,8.0,6.0,14.0,1.5,1.0,60.0,10.0
1932.6834653120275,120.0,0.0,8.0,6.0,14.0,1.5,1.0,60.0,10.0
1932.6839653120276,120.0,0.0,8.0,6.0,14.0,1.5,1.0,60.0,10.0
1933.0839653120277,120.0,0.0,8.0,6.0,14.0,1.5,1.0,60.0,10.0
1933.0844653120278,120.0,0.0,8.0,6.0,14.0,1.5,1.0,60.0,10.0
1933.4844653120279,120.0,0.0,8.0,6.0,14.0,1.5,1.0,60.0,10.0
1933.484965312028,120.0,0.0,8.0,6.0,14.0,1.5,1.0,60.0,10.0
1933.884965312028,120.0,0.0,8.0,6.0,14.0,1.5,1.0,60.0,10.0
1933.8854653120281,120.0,0.0,8.0,5.0,14.0,1.5,1.0,60.0,10.0
1934.2854653120282,120.0,0.0,8.0,5.0,14.0,1.5,1.0,60.0,10.0
1934.2859653120283,120.0,0.0,8.0,5.0,14.0,1.5,1.0,60.0,10.0
1934.6859653120284,120.0,0.0,8.0,5.0,14.0,1.5,1.0,60.0,10.0
1934.6864653120285,120.0,0.0,8.0,5.0,14.0,1.5,1.0,60.0,10.0
1935.0864653120286,120.0,0.0,8.0,5.0,14.0,1.5,1.0,60.0,10.0
1935.0869653120287,120.0,0.0,8.0,5.0,14.0,1.5,1.0,60.0,10.0
1935.4869653120288,120.0,0.0,8.0,5.0,14.0,1.5,1.0,60.0,10.0
1935.487465312029,120.0,0.0,8.0,5.0,14.0,1.5,1.0,60.0,10.0
1935.887465312029,120.0,0.0,8.0,5.0,14.0,1.5,1.0,60.0,10.0
1935.887965312029,120.0,0.0,8.0,5.0,14.0,1.5,1.0,60.0,10.0
1936.2879653120292,120.0,0.0,8.0,5.0,14.0,1.5,1.0,60.0,10.0
1936.2884653120293,120.0,0.0,8.0,5.0,14.0,1.5,1.0,60.0,10.0
1936.6884653120294,120.0,0.0,8.0,5.0,14.0,1.5,1.0,60.0,10.0
1936.6889653120295,120.0,0.0,8.0,5.0,14.0,1.5,1.0,60.0,10.0
1937.0889653120296,120.0,0.0,8.0,5.0,14.0,1.5,1.0,60.0,10.0
1937.0894653120297,120.0,0.0,8.0,5.0,14.0,1.5,1.0,60.0,10.0
1937.4894653120298,120.0,0.0,8.0,5.0,14.0,1.5,1.0,60.0,10.0
1937.4899653120299,120.0,0.0,8.0,5.0,14.0,1.5,1.0,60.0,10.0
1937.88996531203,120.0,0.0,8.0,5.0,14.0,1.5,1.0,60.0,10.0
1937.89046531203,120.0,0.0,8.0,5.0,14.0,1.5,1.0,60.0,10.0
1938.2904653120302,120.0,0.0,8.0,5.0,14.0,1.5,1.0,60.0,10.0
1938.2909653120303,120.0,0.0,8.0,5.0,14.0,1.5,1.0,60.0,10.0
1938.6909653120304,120.0,0.0,8.0,5.0,14.0,1.5,1.0,60.0,10.0
1938.6914653120305,120.0,0.0,8.0,5.0,14.0,1.5,1.0,60.0,10.0
1939.0914653120306,120.0,0.0,8.0,5.0,14.0,1.5,1.0,60.0,10.0
1939.0919653120307,120.0,0.0,8.0,5.0,14.0,1.5,1.0,60.0,10.0
1939.4919653120307,120.0,0.0,8.0,5.0,14.0,1.5,1.0,60.0,10.0
1939.4924653120308,120.0,0.0,8.0,5.0,14.0,1.5,1.0,60.0,10.0
1939.892465312031,120.0,0.0,8.0,5.0,14.0,1.5,1.0,60.0,10.0
1939.892965312031,120.0,0.0,8.0,5.0,14.0,1.5,1.0,60.0,10.0
1940.2929653120311,120.0,0.0,8.0,5.0,14.0,1.5,1.0,60.0,10.0
1940.2934653120312,120.0,0.0,8.0,5.0,14.0,1.5,1.0,60.0,10.0
1940.6934653120313,120.0,0.0,8.0,5.0,14.0,1.5,1.0,60.0,10.0
1940.6939653120314,120.0,0.0,8.0,5.0,14.0,1.5,1.0,60.0,10.0
1941.0939653120315,120.0,0.0,8.0,5.0,14.0,1.5,1.0,60.0,10.0
1941.0944653120316,120.0,0.0,8.0,5.0,14.0,1.5,1.0,60.0,10.0
1941.4944653120317,120.0,0.0,8.0,5.0,14.0,1.5,1.0,60.0,10.0
1941.4949653120318,120.0,0.0,8.0,5.0,14.0,1.5,1.0,60.0,10.0
1941.894965312032,120.0,0.0,8.0,5.0,14.0,1.5,1.0,60.0,10.0
1941.895465312032,120.0,0.0,8.0,5.0,14.0,1.5,1.0,60.0,10.0
1942.295465312032,120.0,0.0,8.0,5.0,14.0,1.5,1.0,60.0,10.0
1942.2959653120322,120.0,0.0,8.0,5.0,14.0,1.5,1.0,60.0,10.0
1942.6959653120323,120.0,0.0,8.0,5.0,14.0,1.5,1.0,60.0,10.0
1942.6964653120324,120.0,0.0,8.0,5.0,14.0,1.5,1.0,60.0,10.0
1943.0964653120325,120.0,0.0,8.0,5.0,14.0,1.5,1.0,60.0,10.0
1943.0969653120326,120.0,0.0,8.0,5.0,14.0,1.5,1.0,60.0,10.0
1943.4969653120327,120.0,0.0,8.0,5.0,14.0,1.5,1.0,60.0,10.0
1943.4974653120328,120.0,0.0,8.0,5.0,14.0,1.5,1.0,60.0,10.0
1943.8974653120329,120.0,0.0,8.0,5.0,14.0,1.5,1.0,60.0,10.0
1943.897965312033,120.0,0.0,8.0,5.0,14.0,1.5,1.0,60.0,10.0
1944.297965312033,120.0,0.0,8.0,5.0,14.0,1.5,1.0,60.0,10.0
1944.2984653120332,120.0,0.0,8.0,5.0,14.0,1.5,1.0,60.0,10.0
1944.6984653120332,120.0,0.0,8.0,5.0,14.0,1.5,1.0,60.0,10.0
1944.6989653120334,120.0,0.0,8.0,5.0,14.0,1.5,1.0,60.0,10.0
1945.0989653120334,120.0,0.0,8.0,5.0,14.0,1.5,1.0,60.0,10.0
1945.0994653120335,120.0,0.0,8.0,5.0,14.0,1.5,1.0,60.0,10.0
1945.4994653120336,120.0,0.0,8.0,5.0,14.0,1.5,1.0,60.0,10.0
1945.4999653120337,120.0,0.0,8.0,5.0,14.0,1.5,1.0,60.0,10.0
1945.8999653120338,120.0,0.0,8.0,5.0,14.0,1.5,1.0,60.0,10.0
1945.900465312034,120.0,0.0,8.0,5.0,14.0,1.5,1.0,60.0,10.0
1946.300465312034,120.0,0.0,8.0,5.0,14.0,1.5,1.0,60.0,10.0
1946.3009653120341,120.0,0.0,8.0,5.0,14.0,1.5,1.0,60.0,10.0
1946.7009653120342,120.0,0.0,8.0,5.0,14.0,1.5,1.0,60.0,10.0
1946.7014653120343,120.0,0.0,8.0,5.0,14.0,1.5,1.0,60.0,10.0
1947.1014653120344,120.0,0.0,8.0,5.0,14.0,1.5,1.0,60.0,10.0
1947.1019653120345,120.0,0.0,8.0,5.0,14.0,1.5,1.0,60.0,10.0
1947.5019653120346,120.0,0.0,8.0,5.0,14.0,1.5,1.0,60.0,10.0
1947.5024653120347,120.0,0.0,8.0,5.0,14.0,1.5,1.0,60.0,10.0
1947.9024653120348,120.0,0.0,8.0,5.0,14.0,1.5,1.0,60.0,10.0
1947.902965312035,120.0,0.0,8.0,5.0,14.0,1.5,1.0,60.0,10.0
1948.302965312035,120.0,0.0,8.0,5.0,14.0,1.5,1.0,60.0,10.0
1948.303465312035,120.0,0.0,8.0,5.0,14.0,1.5,1.0,60.0,10.0
1948.7034653120352,120.0,0.0,8.0,5.0,14.0,1.5,1.0,60.0,10.0
1948.7039653120353,120.0,0.0,8.0,5.0,14.0,1.5,1.0,60.0,10.0
1949.1039653120354,120.0,0.0,8.0,5.0,14.0,1.5,1.0,60.0,10.0
1949.1044653120355,120.0,0.0,8.0,5.0,14.0,1.5,1.0,60.0,10.0
1949.5044653120356,120.0,0.0,8.0,5.0,14.0,1.5,1.0,60.0,10.0
1949.5049653120357,120.0,0.0,8.0,5.0,14.0,1.5,1.0,60.0,10.0
1949.9049653120358,120.0,0.0,8.0,5.0,14.0,1.5,1.0,60.0,10.0
1949.9054653120359,120.0,0.0,8.0,5.0,14.0,1.5,1.0,60.0,10.0
1950.305465312036,120.0,0.0,8.0,5.0,14.0,1.5,1.0,60.0,10.0
1950.305965312036,120.0,0.0,8.0,5.0,14.0,1.5,1.0,60.0,10.0
1950.7059653120361,120.0,0.0,8.0,5.0,14.0,1.5,1.0,60.0,10.0
1950.7064653120362,120.0,0.0,8.0,5.0,14.0,1.5,1.0,60.0,10.0
1951.1064653120363,120.0,0.0,8.0,5.0,14.0,1.5,1.0,60.0,10.0
1951.1069653120364,120.0,0.0,8.0,5.0,14.0,1.5,1.0,60.0,10.0
1951.5069653120365,120.0,0.0,8.0,5.0,14.0,1.5,1.0,60.0,10.0
1951.5074653120366,120.0,0.0,8.0,5.0,14.0,1.5,1.0,60.0,10.0
1951.9074653120367,120.0,0.0,8.0,5.0,14.0,1.5,1.0,60.0,10.0
1951.9079653120368,120.0,0.0,8.0,5.0,14.0,1.5,1.0,60.0,10.0
1952.307965312037,120.0,0.0,8.0,5.0,14.0,1.5,1.0,60.0,10.0
1952.308465312037,120.0,0.0,8.0,5.0,14.0,1.5,1.0,60.0,10.0
1952.708465312037,120.0,0.0,8.0,5.0,14.0,1.5,1.0,60.0,10.0
1952.7089653120372,120.0,0.0,8.0,5.0,14.0,1.5,1.0,60.0,10.0
1953.1089653120373,120.0,0.0,8.0,5.0,14.0,1.5,1.0,60.0,10.0
1953.1094653120374,120.0,0.0,8.0,5.0,14.0,1.5,1.0,60.0,10.0
1953.5094653120375,120.0,0.0,8.0,5.0,14.0,1.5,1.0,60.0,10.0
1953.5099653120376,120.0,0.0,8.0,5.0,14.0,1.5,1.0,60.0,10.0
1953.9099653120377,120.0,0.0,8.0,5.0,14.0,1.5,1.0,60.0,10.0
1953.9104653120378,120.0,0.0,8.0,5.0,14.0,1.5,1.0,60.0,10.0
1954.3104653120379,120.0,0.0,8.0,5.0,14.0,1.5,1.0,60.0,10.0
1954.310965312038,120.0,0.0,8.0,5.0,14.0,1.5,1.0,60.0,10.0
1954.710965312038,120.0,0.0,8.0,5.0,14.0,1.5,1.0,60.0,10.0
1954.7114653120382,120.0,0.0,8.0,5.0,14.0,1.5,1.0,60.0,10.0
1955.1114653120383,120.0,0.0,8.0,5.0,14.0,1.5,1.0,60.0,10.0
1955.1119653120384,120.0,0.0,8.0,5.0,14.0,1.5,1.0,60.0,10.0
1955.5119653120385,120.0,0.0,8.0,5.0,14.0,1.5,1.0,60.0,10.0
1955.5124653120386,120.0,0.0,8.0,5.0,14.0,1.5,1.0,60.0,10.0
1955.9124653120386,120.0,0.0,8.0,5.0,14.0,1.5,1.0,60.0,10.0
1955.9129653120388,120.0,0.0,8.0,5.0,14.0,1.5,1.0,60.0,10.0
1956.3129653120388,120.0,0.0,8.0,5.0,14.0,1.5,1.0,60.0,10.0
1956.313465312039,120.0,0.0,8.0,5.0,14.0,1.5,1.0,60.0,10.0
1956.713465312039,120.0,0.0,8.0,5.0,14.0,1.5,1.0,60.0,10.0
1956.7139653120391,120.0,0.0,8.0,5.0,14.0,1.5,1.0,60.0,10.0
1957.1139653120392,120.0,0.0,8.0,5.0,14.0,1.5,1.0,60.0,10.0
1957.1144653120393,120.0,0.0,8.0,5.0,14.0,1.5,1.0,60.0,10.0
1957.5144653120394,120.0,0.0,8.0,5.0,14.0,1.5,1.0,60.0,10.0
1957.5149653120395,120.0,0.0,8.0,5.0,14.0,1.5,1.0,60.0,10.0
1957.9149653120396,120.0,0.0,8.0,5.0,14.0,1.5,1.0,60.0,10.0
1957.9154653120397,120.0,0.0,8.0,5.0,14.0,1.5,1.0,60.0,10.0
1958.3154653120398,120.0,0.0,8.0,5.0,14.0,1.5,1.0,60.0,10.0
1958.31596531204,120.0,0.0,8.0,5.0,14.0,1.5,1.0,60.0,10.0
1958.71596531204,120.0,0.0,8.0,5.0,14.0,1.5,1.0,60.0,10.0
1958.71646531204,120.0,0.0,8.0,5.0,14.0,1.5,1.0,60.0,10.0
1959.1164653120402,120.0,0.0,8.0,5.0,14.0,1.5,1.0,60.0,10.0
1959.1169653120403,120.0,0.0,8.0,5.0,14.0,1.5,1.0,60.0,10.0
1959.5169653120404,120.0,0.0,8.0,5.0,14.0,1.5,1.0,60.0,10.0
1959.5174653120405,130.0,0.0,8.0,5.0,14.0,1.5,1.0,60.0,10.0
1959.9174653120406,130.0,0.0,8.0,5.0,14.0,1.5,1.0,60.0,10.0
1959.9179268505022,130.0,0.0,8.0,5.0,14.0,1.5,1.0,60.0,10.0
1960.3179268505023,130.0,0.0,8.0,5.0,14.0,1.5,1.0,60.0,10.0
1960.318388388964,130.0,0.0,8.0,5.0,14.0,1.5,1.0,60.0,10.0
1960.718388388964,130.0,0.0,8.0,5.0,14.0,1.5,1.0,60.0,10.0
1960.7188499274257,130.0,0.0,8.0,5.0,14.0,1.5,1.0,60.0,10.0
1961.1188499274258,130.0,0.0,8.0,5.0,14.0,1.5,1.0,60.0,10.0
1961.1193114658874,130.0,0.0,8.0,5.0,14.0,1.5,1.0,60.0,10.0
1961.5193114658875,130.0,0.0,8.0,5.0,14.0,1.5,1.0,60.0,10.0
1961.5197730043492,130.0,0.0,8.0,5.0,14.0,1.5,1.0,60.0,10.0
1961.9197730043493,130.0,0.0,8.0,5.0,14.0,1.5,1.0,60.0,10.0
1961.920234542811,130.0,0.0,8.0,5.0,14.0,1.5,1.0,60.0,10.0
1962.320234542811,130.0,0.0,8.0,5.0,14.0,1.5,1.0,60.0,10.0
1962.3206960812727,130.0,0.0,8.0,5.0,14.0,1.5,1.0,60.0,10.0
1962.7206960812728,130.0,0.0,8.0,5.0,14.0,1.5,1.0,60.0,10.0
1962.7211576197344,130.0,0.0,8.0,5.0,14.0,1.5,1.0,60.0,10.0
1963.1211576197345,130.0,0.0,8.0,5.0,14.0,1.5,1.0,60.0,10.0
1963.1216191581962,130.0,0.0,8.0,5.0,14.0,1.5,1.0,60.0,10.0
1963.5216191581962,130.0,0.0,8.0,5.0,14.0,1.5,1.0,60.0,10.0
1963.522080696658,130.0,0.0,8.0,5.0,14.0,1.5,1.0,60.0,10.0
1963.922080696658,130.0,0.0,8.0,5.0,14.0,1.5,1.0,60.0,10.0
1963.9225422351196,130.0,0.0,8.0,5.0,14.0,1.5,1.0,60.0,10.0
1964.3225422351197,130.0,0.0,8.0,5.0,14.0,1.5,1.0,60.0,10.0
1964.3230037735814,130.0,0.0,8.0,5.0,14.0,1.5,1.0,60.0,10.0
1964.7230037735815,130.0,0.0,8.0,5.0,14.0,1.5,1.0,60.0,10.0
1964.7234653120431,130.0,0.0,8.0,5.0,14.0,1.5,1.0,60.0,10.0
1965.1234653120432,130.0,0.0,8.0,5.0,14.0,1.5,1.0,60.0,10.0
1965.1239268505049,130.0,0.0,8.0,5.0,14.0,1.5,1.0,60.0,10.0
1965.523926850505,130.0,0.0,8.0,5.0,14.0,1.5,1.0,60.0,10.0
1965.5243883889666,130.0,0.0,8.0,5.0,14.0,1.5,1.0,60.0,10.0
1965.9243883889667,130.0,0.0,8.0,5.0,14.0,1.5,1.0,60.0,10.0
1965.9248499274283,130.0,0.0,8.0,5.0,14.0,1.5,1.0,60.0,10.0
1966.3248499274284,130.0,0.0,8.0,5.0,14.0,1.5,1.0,60.0,10.0
1966.32531146589,130.0,0.0,8.0,5.0,14.0,1.5,1.0,60.0,10.0
1966.7253114658902,130.0,0.0,8.0,5.0,14.0,1.5,1.0,60.0,10.0
1966.7257730043518,130.0,0.0,8.0,5.0,14.0,1.5,1.0,60.0,10.0
1967.125773004352,130.0,0.0,8.0,5.0,14.0,1.5,1.0,60.0,10.0
1967.1262345428136,130.0,0.0,8.0,5.0,14.0,1.5,1.0,60.0,10.0
1967.5262345428137,130.0,0.0,8.0,5.0,14.0,1.5,1.0,60.0,10.0
1967.5266960812753,130.0,0.0,8.0,5.0,14.0,1.5,1.0,60.0,10.0
1967.9266960812754,130.0,0.0,8.0,5.0,14.0,1.5,1.0,60.0,10.0
1967.927157619737,130.0,0.0,8.0,5.0,14.0,1.5,1.0,60.0,10.0
1968.3271576197371,130.0,0.0,8.0,5.0,14.0,1.5,1.0,60.0,10.0
1968.3276191581988,130.0,0.0,8.0,5.0,14.0,1.5,1.0,60.0,10.0
1968.7276191581989,130.0,0.0,8.0,5.0,14.0,1.5,1.0,60.0,10.0
1968.7280806966605,130.0,0.0,8.0,5.0,14.0,1.5,1.0,60.0,10.0
1969.1280806966606,130.0,0.0,8.0,5.0,14.0,1.5,1.0,60.0,10.0
1969.1285422351223,130.0,0.0,8.0,5.0,14.0,1.5,1.0,60.0,10.0
1969.5285422351224,130.0,0.0,8.0,5.0,14.0,1.5,1.0,60.0,10.0
1969.529003773584,130.0,0.0,8.0,5.0,14.0,1.5,1.0,60.0,10.0
1969.929003773584,130.0,0.0,8.0,5.0,14.0,1.5,1.0,60.0,10.0
1969.9294653120457,130.0,0.0,8.0,5.0,14.0,1.5,1.0,60.0,10.0
1970.3294653120458,130.0,0.0,8.0,5.0,14.0,1.5,1.0,60.0,10.0
1970.3299268505075,130.0,0.0,8.0,5.0,14.0,1.5,1.0,60.0,10.0
1970.7299268505076,130.0,0.0,8.0,5.0,14.0,1.5,1.0,60.0,10.0
1970.7303883889692,130.0,0.0,8.0,5.0,14.0,1.5,1.0,60.0,10.0
1971.1303883889693,130.0,0.0,8.0,5.0,14.0,1.5,1.0,60.0,10.0
1971.130849927431,130.0,0.0,8.0,5.0,14.0,1.5,1.0,60.0,10.0
1971.530849927431,130.0,0.0,8.0,5.0,14.0,1.5,1.0,60.0,10.0
1971.5313114658927,130.0,0.0,8.0,5.0,14.0,1.5,1.0,60.0,10.0
1971.9313114658928,130.0,0.0,8.0,5.0,14.0,1.5,1.0,60.0,10.0
1971.9317730043545,130.0,0.0,8.0,5.0,14.0,1.5,1.0,60.0,10.0
1972.3317730043545,130.0,0.0,8.0,5.0,14.0,1.5,1.0,60.0,10.0
1972.3322345428162,130.0,0.0,8.0,5.0,14.0,1.5,1.0,60.0,10.0
1972.7322345428163,130.0,0.0,8.0,5.0,14.0,1.5,1.0,60.0,10.0
1972.732696081278,130.0,0.0,8.0,5.0,14.0,1.5,1.0,60.0,10.0
1973.132696081278,130.0,0.0,8.0,5.0,14.0,1.5,1.0,60.0,10.0
1973.1331576197397,130.0,0.0,8.0,5.0,14.0,1.5,1.0,60.0,10.0
1973.5331576197398,130.0,0.0,8.0,5.0,14.0,1.5,1.0,60.0,10.0
1973.5336191582014,130.0,0.0,8.0,5.0,14.0,1.5,1.0,60.0,10.0
1973.9336191582015,130.0,0.0,8.0,5.0,14.0,1.5,1.0,60.0,10.0
1973.9340806966632,130.0,0.0,8.0,5.0,14.0,1.5,1.0,60.0,10.0
1974.3340806966632,130.0,0.0,8.0,5.0,14.0,1.5,1.0,60.0,10.0
1974.334542235125,130.0,0.0,8.0,5.0,14.0,1.5,1.0,60.0,10.0
1974.734542235125,130.0,0.0,8.0,5.0,14.0,1.5,1.0,60.0,10.0
1974.7350037735866,130.0,0.0,8.0,5.0,14.0,1.5,1.0,60.0,10.0
1975.1350037735867,130.0,0.0,8.0,5.0,14.0,1.5,1.0,60.0,10.0
1975.1354653120484,130.0,0.0,8.0,5.0,14.0,1.5,1.0,60.0,10.0
1975.5354653120485,130.0,0.0,8.0,5.0,14.0,1.5,1.0,60.0,10.0
1975.5359268505101,130.0,0.0,8.0,5.0,14.0,1.5,1.0,60.0,10.0
1975.9359268505102,130.0,0.0,8.0,5.0,14.0,1.5,1.0,60.0,10.0
1975.9363883889719,130.0,0.0,8.0,5.0,14.0,1.5,1.0,60.0,10.0
1976.336388388972,130.0,0.0,8.0,5.0,14.0,1.5,1.0,60.0,10.0
1976.3368499274336,130.0,0.0,8.0,5.0,14.0,1.5,1.0,60.0,10.0
1976.7368499274337,130.0,0.0,8.0,5.0,14.0,1.5,1.0,60.0,10.0
1976.7373114658953,130.0,0.0,8.0,5.0,14.0,1.5,1.0,60.0,10.0
1977.1373114658954,130.0,0.0,8.0,5.0,14.0,1.5,1.0,60.0,10.0
1977.137773004357,130.0,0.0,8.0,5.0,14.0,1.5,1.0,60.0,10.0
1977.5377730043572,130.0,0.0,8.0,5.0,14.0,1.5,1.0,60.0,10.0
1977.5382345428188,130.0,0.0,8.0,5.0,14.0,1.5,1.0,60.0,10.0
1977.938234542819,130.0,0.0,8.0,5.0,14.0,1.5,1.0,60.0,10.0
1977.9386960812806,130.0,0.0,8.0,5.0,14.0,1.5,1.0,60.0,10.0
1978.3386960812807,130.0,0.0,8.0,5.0,14.0,1.5,1.0,60.0,10.0
1978.3391576197423,130.0,0.0,8.0,5.0,14.0,1.5,1.0,60.0,10.0
1978.7391576197424,130.0,0.0,8.0,5.0,14.0,1.5,1.0,60.0,10.0
1978.739619158204,130.0,0.0,8.0,5.0,14.0,1.5,1.0,60.0,10.0
1979.1396191582041,130.0,0.0,8.0,5.0,14.0,1.5,1.0,60.0,10.0
1979.1400806966658,130.0,0.0,8.0,5.0,14.0,1.5,1.0,60.0,10.0
1979.5400806966659,130.0,0.0,8.0,5.0,14.0,1.5,1.0,60.0,10.0
1979.5405422351275,130.0,0.0,8.0,5.0,14.0,1.5,1.0,60.0,10.0
1979.9405422351276,130.0,0.0,8.0,5.0,14.0,1.5,1.0,60.0,10.0
1979.9410037735893,130.0,0.0,8.0,5.0,14.0,1.5,1.0,60.0,10.0
1980.3410037735894,130.0,0.0,8.0,5.0,14.0,1.5,1.0,60.0,10.0
1980.341465312051,130.0,0.0,8.0,5.0,14.0,1.5,1.0,60.0,10.0
1980.741465312051,130.0,0.0,8.0,5.0,14.0,1.5,1.0,60.0,10.0
1980.7419268505128,130.0,0.0,8.0,5.0,14.0,1.5,1.0,60.0,10.0
1981.1419268505128,130.0,0.0,8.0,5.0,14.0,1.5,1.0,60.0,10.0
1981.1423883889745,130.0,0.0,8.0,5.0,14.0,1.5,1.0,60.0,10.0
1981.5423883889746,130.0,0.0,8.0,5.0,14.0,1.5,1.0,60.0,10.0
1981.5428499274362,130.0,0.0,8.0,5.0,14.0,1.5,1.0,60.0,10.0
1981.9428499274363,130.0,0.0,8.0,5.0,14.0,1.5,1.0,60.0,10.0
1981.943311465898,130.0,0.0,8.0,5.0,14.0,1.5,1.0,60.0,10.0
1982.343311465898,130.0,0.0,8.0,5.0,14.0,1.5,1.0,60.0,10.0
1982.3437730043597,130.0,0.0,8.0,5.0,14.0,1.5,1.0,60.0,10.0
1982.7437730043598,130.0,0.0,8.0,5.0,14.0,1.5,1.0,60.0,10.0
1982.7442345428215,130.0,0.0,8.0,5.0,14.0,1.5,1.0,60.0,10.0
1983.1442345428216,130.0,0.0,8.0,5.0,14.0,1.5,1.0,60.0,10.0
1983.1446960812832,130.0,0.0,8.0,5.0,14.0,1.5,1.0,60.0,10.0
1983.5446960812833,130.0,0.0,8.0,5.0,14.0,1.5,1.0,60.0,10.0
1983.545157619745,130.0,0.0,8.0,5.0,14.0,1.5,1.0,60.0,10.0
1983.945157619745,130.0,0.0,8.0,5.0,14.0,1.5,1.0,60.0,10.0
1983.9456191582067,130.0,0.0,8.0,5.0,14.0,1.5,1.0,60.0,10.0
1984.3456191582068,130.0,0.0,8.0,5.0,14.0,1.5,1.0,60.0,10.0
1984.3460806966684,130.0,0.0,8.0,5.0,14.0,1.5,1.0,60.0,10.0
1984.7460806966685,130.0,0.0,8.0,5.0,14.0,1.5,1.0,60.0,10.0
1984.7465422351302,130.0,0.0,8.0,5.0,14.0,1.5,1.0,60.0,10.0
1985.1465422351303,130.0,0.0,8.0,5.0,14.0,1.5,1.0,60.0,10.0
1985.147003773592,130.0,0.0,8.0,5.0,14.0,1.5,1.0,60.0,10.0
1985.547003773592,130.0,0.0,8.0,5.0,14.0,1.5,1.0,60.0,10.0
1985.5474653120536,130.0,0.0,8.0,5.0,14.0,1.5,1.0,60.0,10.0
1985.9474653120537,130.0,0.0,8.0,5.0,14.0,1.5,1.0,60.0,10.0
1985.9479268505154,130.0,0.0,8.0,5.0,14.0,1.5,1.0,60.0,10.0
1986.3479268505155,130.0,0.0,8.0,5.0,14.0,1.5,1.0,60.0,10.0
1986.3483883889771,130.0,0.0,8.0,5.0,14.0,1.5,1.0,60.0,10.0
1986.7483883889772,130.0,0.0,8.0,5.0,14.0,1.5,1.0,60.0,10.0
1986.7488499274389,130.0,0.0,8.0,5.0,14.0,1.5,1.0,60.0,10.0
1987.148849927439,130.0,0.0,8.0,5.0,14.0,1.5,1.0,60.0,10.0
1987.1493114659006,130.0,0.0,8.0,5.0,14.0,1.5,1.0,60.0,10.0
1987.5493114659007,130.0,0.0,8.0,5.0,14.0,1.5,1.0,60.0,10.0
1987.5497730043624,130.0,0.0,8.0,5.0,14.0,1.5,1.0,60.0,10.0
1987.9497730043624,130.0,0.0,8.0,5.0,14.0,1.5,1.0,60.0,10.0
1987.950234542824,130.0,0.0,8.0,5.0,14.0,1.5,1.0,60.0,10.0
1988.3502345428242,130.0,0.0,8.0,5.0,14.0,1.5,1.0,60.0,10.0
1988.3506960812858,130.0,0.0,8.0,5.0,14.0,1.5,1.0,60.0,10.0
1988.750696081286,130.0,0.0,8.0,5.0,14.0,1.5,1.0,60.0,10.0
1988.7511576197476,130.0,0.0,8.0,5.0,14.0,1.5,1.0,60.0,10.0
1989.1511576197477,130.0,0.0,8.0,5.0,14.0,1.5,1.0,60.0,10.0
1989.1516191582093,130.0,0.0,8.0,5.0,14.0,1.5,1.0,60.0,10.0
1989.5516191582094,130.0,0.0,8.0,5.0,14.0,1.5,1.0,60.0,10.0
1989.552080696671,130.0,0.0,8.0,5.0,14.0,1.5,1.0,60.0,10.0
1989.9520806966711,130.0,0.0,8.0,5.0,14.0,1.5,1.0,60.0,10.0
1989.9525422351328,130.0,0.0,8.0,5.0,14.0,1.5,1.0,60.0,10.0
1990.352542235133,130.0,0.0,8.0,5.0,14.0,1.5,1.0,60.0,10.0
1990.3530037735945,130.0,0.0,8.0,5.0,14.0,1.5,1.0,60.0,10.0
1990.7530037735946,130.0,0.0,8.0,5.0,14.0,1.5,1.0,60.0,10.0
1990.7534653120563,130.0,0.0,8.0,5.0,14.0,1.5,1.0,60.0,10.0
1991.1534653120564,130.0,0.0,8.0,5.0,14.0,1.5,1.0,60.0,10.0
1991.153926850518,130.0,0.0,8.0,5.0,14.0,1.5,1.0,60.0,10.0
1991.553926850518,130.0,0.0,8.0,5.0,14.0,1.5,1.0,60.0,10.0
1991.5543883889798,130.0,0.0,8.0,5.0,14.0,1.5,1.0,60.0,10.0
1991.9543883889799,130.0,0.0,8.0,5.0,14.0,1.5,1.0,60.0,10.0
1991.9548499274415,130.0,0.0,8.0,5.0,14.0,1.5,1.0,60.0,10.0
1992.3548499274416,130.0,0.0,8.0,5.0,14.0,1.5,1.0,60.0,10.0
1992.3553114659032,130.0,0.0,8.0,5.0,14.0,1.5,1.0,60.0,10.0
1992.7553114659033,130.0,0.0,8.0,5.0,14.0,1.5,1.0,60.0,10.0
1992.755773004365,130.0,0.0,8.0,5.0,14.0,1.5,1.0,60.0,10.0
1993.155773004365,130.0,0.0,8.0,5.0,14.0,1.5,1.0,60.0,10.0
1993.1562345428267,130.0,0.0,8.0,5.0,14.0,1.5,1.0,60.0,10.0
1993.5562345428268,130.0,0.0,8.0,5.0,14.0,1.5,1.0,60.0,10.0
1993.5566960812885,130.0,0.0,8.0,5.0,14.0,1.5,1.0,60.0,10.0
1993.9566960812886,130.0,0.0,8.0,5.0,14.0,1.5,1.0,60.0,10.0
1993.9571576197502,130.0,0.0,8.0,5.0,14.0,1.5,1.0,60.0,10.0
1994.3571576197503,130.0,0.0,8.0,5.0,14.0,1.5,1.0,60.0,10.0
1994.357619158212,130.0,0.0,8.0,5.0,14.0,1.5,1.0,60.0,10.0
1994.757619158212,130.0,0.0,8.0,5.0,14.0,1.5,1.0,60.0,10.0
1994.7580806966737,130.0,0.0,8.0,5.0,14.0,1.5,1.0,60.0,10.0
1995.1580806966738,130.0,0.0,8.0,5.0,14.0,1.5,1.0,60.0,10.0
1995.1585422351354,130.0,0.0,8.0,5.0,14.0,1.5,1.0,60.0,10.0
1995.5585422351355,130.0,0.0,8.0,5.0,14.0,1.5,1.0,60.0,10.0
1995.5590037735972,130.0,0.0,8.0,5.0,14.0,1.5,1.0,60.0,10.0
1995.9590037735973,130.0,0.0,8.0,5.0,14.0,1.5,1.0,60.0,10.0
1995.959465312059,130.0,0.0,8.0,5.0,14.0,1.5,1.0,60.0,10.0
1996.359465312059,130.0,0.0,8.0,5.0,14.0,1.5,1.0,60.0,10.0
1996.3599268505207,130.0,0.0,8.0,5.0,14.0,1.5,1.0,60.0,10.0
1996.7599268505207,130.0,0.0,8.0,5.0,14.0,1.5,1.0,60.0,10.0
1996.7603883889824,130.0,0.0,8.0,5.0,14.0,1.5,1.0,60.0,10.0
1997.1603883889825,130.0,0.0,8.0,5.0,14.0,1.5,1.0,60.0,10.0
1997.1608499274441,130.0,0.0,8.0,5.0,14.0,1.5,1.0,60.0,10.0
1997.5608499274442,130.0,0.0,8.0,5.0,14.0,1.5,1.0,60.0,10.0
1997.5613114659059,130.0,0.0,8.0,5.0,14.0,1.5,1.0,60.0,10.0
1997.961311465906,130.0,0.0,8.0,5.0,14.0,1.5,1.0,60.0,10.0
1997.9617730043676,130.0,0.0,8.0,5.0,14.0,1.5,1.0,60.0,10.0
1998.3617730043677,130.0,0.0,8.0,5.0,14.0,1.5,1.0,60.0,10.0
1998.3622345428294,130.0,0.0,8.0,5.0,14.0,1.5,1.0,60.0,10.0
1998.7622345428294,130.0,0.0,8.0,5.0,14.0,1.5,1.0,60.0,10.0
1998.762696081291,130.0,0.0,8.0,5.0,14.0,1.5,1.0,60.0,10.0
1999.1626960812912,130.0,0.0,8.0,5.0,14.0,1.5,1.0,60.0,10.0
1999.1631576197528,130.0,0.0,8.0,5.0,14.0,1.5,1.0,60.0,10.0
1999.563157619753,130.0,0.0,8.0,5.0,14.0,1.5,1.0,60.0,10.0
1999.5636191582146,130.0,0.0,8.0,5.0,14.0,1.5,1.0,60.0,10.0
1999.9636191582147,130.0,0.0,8.0,5.0,14.0,1.5,1.0,60.0,10.0
1999.9640806966763,130.0,0.0,8.0,5.0,14.0,1.5,1.0,60.0,10.0
2000.3640806966764,130.0,0.0,8.0,5.0,14.0,1.5,1.0,60.0,10.0
2000.364542235138,130.0,0.0,8.0,5.0,14.0,1.5,1.0,60.0,10.0
2000.7645422351382,130.0,0.0,8.0,5.0,14.0,1.5,1.0,60.0,10.0
2000.7650037735998,130.0,0.0,8.0,5.0,14.0,1.5,1.0,60.0,10.0
2001.1650037736,130.0,0.0,8.0,5.0,14.0,1.5,1.0,60.0,10.0
2001.1654653120615,130.0,0.0,8.0,5.0,14.0,1.5,1.0,60.0,10.0
2001.5654653120616,130.0,0.0,8.0,5.0,14.0,1.5,1.0,60.0,10.0
2001.5659268505233,130.0,0.0,8.0,5.0,14.0,1.5,1.0,60.0,10.0
2001.9659268505234,130.0,0.0,8.0,5.0,14.0,1.5,1.0,60.0,10.0
2001.966388388985,140.0,0.0,8.0,5.0,14.0,1.5,1.0,60.0,10.0
2002.3663883889851,140.0,0.0,8.0,5.0,14.0,1.5,1.0,60.0,10.0
2002.3668169604136,140.0,0.0,8.0,5.0,14.0,1.5,1.0,60.0,10.0
2002.7668169604137,140.0,0.0,8.0,5.0,14.0,1.5,1.0,60.0,10.0
2002.7672455318423,140.0,0.0,8.0,5.0,14.0,1.5,1.0,60.0,10.0
2003.1672455318424,140.0,0.0,8.0,5.0,14.0,1.5,1.0,60.0,10.0
2003.1676741032709,140.0,0.0,8.0,5.0,14.0,1.5,1.0,60.0,10.0
2003.567674103271,140.0,0.0,8.0,5.0,14.0,1.5,1.0,60.0,10.0
2003.5681026746995,140.0,0.0,8.0,5.0,14.0,1.5,1.0,60.0,10.0
2003.9681026746996,140.0,0.0,8.0,5.0,14.0,1.5,1.0,60.0,10.0
2003.9685312461281,140.0,0.0,8.0,5.0,14.0,1.5,1.0,60.0,10.0
2004.3685312461282,140.0,0.0,8.0,5.0,14.0,1.5,1.0,60.0,10.0
2004.3689598175567,140.0,0.0,8.0,5.0,14.0,1.5,1.0,60.0,10.0
2004.7689598175568,140.0,0.0,8.0,5.0,14.0,1.5,1.0,60.0,10.0
2004.7693883889854,140.0,0.0,8.0,5.0,14.0,1.5,1.0,60.0,10.0
2005.1693883889855,140.0,0.0,8.0,5.0,14.0,1.5,1.0,60.0,10.0
2005.169816960414,140.0,0.0,8.0,5.0,14.0,1.5,1.0,60.0,10.0
2005.569816960414,140.0,0.0,8.0,5.0,14.0,1.5,1.0,60.0,10.0
2005.5702455318426,140.0,0.0,8.0,5.0,14.0,1.5,1.0,60.0,10.0
2005.9702455318427,140.0,0.0,8.0,5.0,14.0,1.5,1.0,60.0,10.0
2005.9706741032712,140.0,0.0,8.0,5.0,14.0,1.5,1.0,60.0,10.0
2006.3706741032713,140.0,0.0,8.0,5.0,14.0,1.5,1.0,60.0,10.0
2006.3711026746998,140.0,0.0,8.0,5.0,14.0,1.5,1.0,60.0,10.0
2006.7711026747,140.0,0.0,8.0,5.0,14.0,1.5,1.0,60.0,10.0
2006.7715312461285,140.0,0.0,8.0,5.0,14.0,1.5,1.0,60.0,10.0
2007.1715312461286,140.0,0.0,8.0,5.0,14.0,1.5,1.0,60.0,10.0
2007.171959817557,140.0,0.0,8.0,5.0,14.0,1.5,1.0,60.0,10.0
2007.5719598175572,140.0,0.0,8.0,5.0,14.0,1.5,1.0,60.0,10.0
2007.5723883889857,140.0,0.0,8.0,5.0,14.0,1.5,1.0,60.0,10.0
2007.9723883889858,140.0,0.0,8.0,5.0,14.0,1.5,1.0,60.0,10.0
2007.9728169604143,140.0,0.0,8.0,5.0,14.0,1.5,1.0,60.0,10.0
2008.3728169604144,140.0,0.0,8.0,5.0,14.0,1.5,1.0,60.0,10.0
2008.373245531843,140.0,0.0,8.0,5.0,14.0,1.5,1.0,60.0,10.0
2008.773245531843,140.0,0.0,8.0,5.0,14.0,1.5,1.0,60.0,10.0
2008.7736741032716,140.0,0.0,8.0,5.0,14.0,1.5,1.0,60.0,10.0
2009.1736741032717,140.0,0.0,8.0,5.0,14.0,1.5,1.0,60.0,10.0
2009.1741026747002,140.0,0.0,8.0,6.0,14.0,1.5,1.0,60.0,10.0
2009.5741026747003,140.0,0.0,8.0,6.0,14.0,1.5,1.0,60.0,10.0
2009.5745312461288,140.0,0.0,8.0,6.0,14.0,1.5,1.0,60.0,10.0
2009.974531246129,140.0,0.0,8.0,6.0,14.0,1.5,1.0,60.0,10.0
2009.9749598175574,140.0,0.0,8.0,6.0,14.0,1.5,1.0,60.0,10.0
2010.3749598175575,140.0,0.0,8.0,6.0,14.0,1.5,1.0,60.0,10.0
2010.375388388986,140.0,0.0,8.0,6.0,14.0,1.5,1.0,60.0,10.0
2010.7753883889861,140.0,0.0,8.0,6.0,14.0,1.5,1.0,60.0,10.0
2010.7758169604147,140.0,0.0,8.0,6.0,14.0,1.5,1.0,60.0,10.0
2011.1758169604147,140.0,0.0,8.0,6.0,14.0,1.5,1.0,60.0,10.0
2011.1762455318433,140.0,0.0,8.0,6.0,14.0,1.5,1.0,60.0,10.0
2011.5762455318434,140.0,0.0,8.0,6.0,14.0,1.5,1.0,60.0,10.0
2011.576674103272,140.0,0.0,8.0,6.0,14.0,1.5,1.0,60.0,10.0
2011.976674103272,140.0,0.0,8.0,6.0,14.0,1.5,1.0,60.0,10.0
2011.9771026747005,140.0,0.0,8.0,6.0,14.0,1.5,1.0,60.0,10.0
2012.3771026747006,140.0,0.0,8.0,6.0,14.0,1.5,1.0,60.0,10.0
2012.3775312461291,140.0,0.0,8.0,6.0,14.0,1.5,1.0,60.0,10.0
2012.7775312461292,140.0,0.0,8.0,6.0,14.0,1.5,1.0,60.0,10.0
2012.7779598175578,140.0,0.0,8.0,6.0,14.0,1.5,1.0,60.0,10.0
2013.1779598175578,140.0,0.0,8.0,6.0,14.0,1.5,1.0,60.0,10.0
2013.1783883889864,140.0,0.0,8.0,6.0,14.0,1.5,1.0,60.0,10.0
2013.5783883889865,140.0,0.0,8.0,6.0,14.0,1.5,1.0,60.0,10.0
2013.578816960415,140.0,0.0,8.0,6.0,14.0,1.5,1.0,60.0,10.0
2013.978816960415,140.0,0.0,8.0,6.0,14.0,1.5,1.0,60.0,10.0
2013.9792455318436,140.0,0.0,8.0,6.0,14.0,1.5,1.0,60.0,10.0
2014.3792455318437,140.0,0.0,8.0,6.0,14.0,1.5,1.0,60.0,10.0
2014.3796741032722,140.0,0.0,8.0,6.0,14.0,1.5,1.0,60.0,10.0
2014.7796741032723,140.0,0.0,8.0,6.0,14.0,1.5,1.0,60.0,10.0
2014.7801026747009,140.0,0.0,8.0,6.0,14.0,1.5,1.0,60.0,10.0
2015.180102674701,140.0,0.0,8.0,6.0,14.0,1.5,1.0,60.0,10.0
2015.1805312461295,140.0,0.0,8.0,6.0,14.0,1.5,1.0,60.0,10.0
2015.5805312461296,140.0,0.0,8.0,6.0,14.0,1.5,1.0,60.0,10.0
2015.580959817558,140.0,0.0,8.0,6.0,14.0,1.5,1.0,60.0,10.0
2015.9809598175582,140.0,0.0,8.0,6.0,14.0,1.5,1.0,60.0,10.0
2015.9813883889867,140.0,0.0,8.0,6.0,14.0,1.5,1.0,60.0,10.0
2016.3813883889868,140.0,0.0,8.0,6.0,14.0,1.5,1.0,60.0,10.0
2016.3818169604153,140.0,0.0,8.0,6.0,14.0,1.5,1.0,60.0,10.0
2016.7818169604154,140.0,0.0,8.0,6.0,14.0,1.5,1.0,60.0,10.0
2016.782245531844,140.0,0.0,8.0,6.0,14.0,1.5,1.0,60.0,10.0
2017.182245531844,140.0,0.0,8.0,6.0,14.0,1.5,1.0,60.0,10.0
2017.1826741032726,140.0,0.0,8.0,6.0,14.0,1.5,1.0,60.0,10.0
2017.5826741032727,140.0,0.0,8.0,6.0,14.0,1.5,1.0,60.0,10.0
2017.5831026747012,140.0,0.0,8.0,6.0,14.0,1.5,1.0,60.0,10.0
2017.9831026747013,140.0,0.0,8.0,6.0,14.0,1.5,1.0,60.0,10.0
2017.9835312461298,140.0,0.0,8.0,6.0,14.0,1.5,1.0,60.0,10.0
2018.38353124613,140.0,0.0,8.0,6.0,14.0,1.5,1.0,60.0,10.0
2018.3839598175584,140.0,0.0,8.0,6.0,14.0,1.5,1.0,60.0,10.0
2018.7839598175585,140.0,0.0,8.0,6.0,14.0,1.5,1.0,60.0,10.0
2018.784388388987,140.0,0.0,8.0,6.0,14.0,1.5,1.0,60.0,10.0
2019.1843883889871,140.0,0.0,8.0,6.0,14.0,1.5,1.0,60.0,10.0
2019.1848169604157,140.0,0.0,8.0,6.0,14.0,1.5,1.0,60.0,10.0
2019.5848169604158,140.0,0.0,8.0,6.0,14.0,1.5,1.0,60.0,10.0
2019.5852455318443,140.0,0.0,8.0,6.0,14.0,1.5,1.0,60.0,10.0
2019.9852455318444,140.0,0.0,8.0,6.0,14.0,1.5,1.0,60.0,10.0
2019.985674103273,140.0,0.0,8.0,6.0,14.0,1.5,1.0,60.0,10.0
2020.385674103273,140.0,0.0,8.0,6.0,14.0,1.5,1.0,60.0,10.0
2020.3861026747015,140.0,0.0,8.0,6.0,14.0,1.5,1.0,60.0,10.0
2020.7861026747016,140.0,0.0,8.0,6.0,14.0,1.5,1.0,60.0,10.0
2020.7865312461302,140.0,0.0,8.0,6.0,14.0,1.5,1.0,60.0,10.0
2021.1865312461302,140.0,0.0,8.0,6.0,14.0,1.5,1.0,60.0,10.0
2021.1869598175588,140.0,0.0,8.0,6.0,14.0,1.5,1.0,60.0,10.0
2021.5869598175589,140.0,0.0,8.0,6.0,14.0,1.5,1.0,60.0,10.0
2021.5873883889874,140.0,0.0,8.0,6.0,14.0,1.5,1.0,60.0,10.0
2021.9873883889875,140.0,0.0,8.0,6.0,14.0,1.5,1.0,60.0,10.0
2021.987816960416,140.0,0.0,8.0,6.0,14.0,1.5,1.0,60.0,10.0
2022.387816960416,140.0,0.0,8.0,6.0,14.0,1.5,1.0,60.0,10.0
2022.3882455318446,140.0,0.0,8.0,6.0,14.0,1.5,1.0,60.0,10.0
2022.7882455318447,140.0,0.0,8.0,6.0,14.0,1.5,1.0,60.0,10.0
2022.7886741032733,140.0,0.0,8.0,6.0,14.0,1.5,1.0,60.0,10.0
2023.1886741032733,140.0,0.0,8.0,6.0,14.0,1.5,1.0,60.0,10.0
2023.1891026747019,140.0,0.0,8.0,6.0,14.0,1.5,1.0,60.0,10.0
2023.589102674702,140.0,0.0,8.0,6.0,14.0,1.5,1.0,60.0,10.0
2023.5895312461305,140.0,0.0,8.0,6.0,14.0,1.5,1.0,60.0,10.0
2023.9895312461306,140.0,0.0,8.0,6.0,14.0,1.5,1.0,60.0,10.0
2023.989959817559,140.0,0.0,8.0,6.0,14.0,1.5,1.0,60.0,10.0
2024.3899598175592,140.0,0.0,8.0,6.0,14.0,1.5,1.0,60.0,10.0
2024.3903883889877,140.0,0.0,8.0,6.0,14.0,1.5,1.0,60.0,10.0
2024.7903883889878,140.0,0.0,8.0,6.0,14.0,1.5,1.0,60.0,10.0
2024.7908169604164,130.0,0.0,8.0,6.0,14.0,1.5,1.0,60.0,10.0
2025.1908169604164,130.0,0.0,8.0,6.0,14.0,1.5,1.0,60.0,10.0
2025.191278498878,130.0,0.0,8.0,6.0,14.0,1.5,1.0,60.0,10.0
2025.5912784988782,130.0,0.0,8.0,6.0,14.0,1.5,1.0,60.0,10.0
2025.5917400373398,130.0,0.0,8.0,6.0,14.0,1.5,1.0,60.0,10.0
2025.99174003734,130.0,0.0,8.0,6.0,14.0,1.5,1.0,60.0,10.0
2025.9922015758016,130.0,0.0,8.0,6.0,14.0,1.5,1.0,60.0,10.0
2026.3922015758017,130.0,0.0,8.0,6.0,14.0,1.5,1.0,60.0,10.0
2026.3926631142633,130.0,0.0,8.0,6.0,14.0,1.5,1.0,60.0,10.0
2026.7926631142634,130.0,0.0,8.0,6.0,14.0,1.5,1.0,60.0,10.0
2026.793124652725,130.0,0.0,8.0,6.0,14.0,1.5,1.0,60.0,10.0
2027.1931246527251,130.0,0.0,8.0,6.0,14.0,1.5,1.0,60.0,10.0
2027.1935861911868,130.0,0.0,8.0,6.0,14.0,1.5,1.0,60.0,10.0
2027.593586191187,130.0,0.0,8.0,6.0,14.0,1.5,1.0,60.0,10.0
2027.5940477296485,130.0,0.0,8.0,6.0,14.0,1.5,1.0,60.0,10.0
2027.9940477296486,130.0,0.0,8.0,6.0,14.0,1.5,1.0,60.0,10.0
2027.9945092681103,130.0,0.0,8.0,6.0,14.0,1.5,1.0,60.0,10.0
2028.3945092681104,130.0,0.0,8.0,6.0,14.0,1.5,1.0,60.0,10.0
2028.394970806572,130.0,0.0,8.0,6.0,14.0,1.5,1.0,60.0,10.0
2028.794970806572,130.0,0.0,8.0,6.0,14.0,1.5,1.0,60.0,10.0
2028.7954323450338,140.0,0.0,8.0,6.0,14.0,1.5,1.0,60.0,10.0
2029.1954323450339,140.0,0.0,8.0,6.0,14.0,1.5,1.0,60.0,10.0
2029.1958609164624,140.0,0.0,8.0,6.0,14.0,1.5,1.0,60.0,10.0
2029.5958609164625,140.0,0.0,8.0,6.0,14.0,1.5,1.0,60.0,10.0
2029.596289487891,130.0,0.0,8.0,6.0,14.0,1.5,1.0,60.0,10.0
2029.996289487891,130.0,0.0,8.0,6.0,14.0,1.5,1.0,60.0,10.0
2029.9967510263527,130.0,0.0,8.0,6.0,14.0,1.5,1.0,60.0,10.0
2030.3967510263528,130.0,0.0,8.0,6.0,14.0,1.5,1.0,60.0,10.0
2030.3972125648145,130.0,0.0,8.0,6.0,14.0,1.5,1.0,60.0,10.0
2030.7972125648146,130.0,0.0,8.0,6.0,14.0,1.5,1.0,60.0,10.0
2030.7976741032762,130.0,0.0,8.0,6.0,14.0,1.5,1.0,60.0,10.0
2031.1976741032763,130.0,0.0,8.0,6.0,14.0,1.5,1.0,60.0,10.0
2031.198135641738,130.0,0.0,8.0,6.0,14.0,1.5,1.0,60.0,10.0
2031.598135641738,130.0,0.0,8.0,6.0,14.0,1.5,1.0,60.0,10.0
2031.5985971801997,130.0,0.0,8.0,6.0,14.0,1.5,1.0,60.0,10.0
2031.9985971801998,130.0,0.0,8.0,6.0,14.0,1.5,1.0,60.0,10.0
2031.9990587186614,130.0,0.0,8.0,6.0,14.0,1.5,1.0,60.0,10.0
2032.3990587186615,130.0,0.0,8.0,6.0,14.0,1.5,1.0,60.0,10.0
2032.3995202571232,130.0,0.0,8.0,6.0,14.0,1.5,1.0,60.0,10.0
2032.7995202571233,130.0,0.0,8.0,6.0,14.0,1.5,1.0,60.0,10.0
2032.799981795585,130.0,0.0,8.0,6.0,14.0,1.5,1.0,60.0,10.0
2033.199981795585,130.0,0.0,8.0,6.0,14.0,1.5,1.0,60.0,10.0
2033.2004433340467,130.0,0.0,8.0,6.0,14.0,1.5,1.0,60.0,10.0
2033.6004433340468,130.0,0.0,8.0,6.0,14.0,1.5,1.0,60.0,10.0
2033.6009048725084,130.0,0.0,8.0,6.0,14.0,1.5,1.0,60.0,10.0
2034.0009048725085,130.0,0.0,8.0,6.0,14.0,1.5,1.0,60.0,10.0
2034.0013664109701,130.0,0.0,8.0,6.0,14.0,1.5,1.0,60.0,10.0
2034.4013664109702,130.0,0.0,8.0,6.0,14.0,1.5,1.0,60.0,10.0
2034.401827949432,130.0,0.0,8.0,6.0,14.0,1.5,1.0,60.0,10.0
2034.801827949432,130.0,0.0,8.0,6.0,14.0,1.5,1.0,60.0,10.0
2034.8022894878936,130.0,0.0,8.0,6.0,14.0,1.5,1.0,60.0,10.0
2035.2022894878937,130.0,0.0,8.0,6.0,14.0,1.5,1.0,60.0,10.0
2035.2027510263554,130.0,0.0,8.0,6.0,14.0,1.5,1.0,60.0,10.0
2035.6027510263555,130.0,0.0,8.0,6.0,14.0,1.5,1.0,60.0,10.0
2035.603212564817,130.0,0.0,8.0,6.0,14.0,1.5,1.0,60.0,10.0
2036.0032125648172,130.0,0.0,8.0,6.0,14.0,1.5,1.0,60.0,10.0
2036.0036741032789,130.0,0.0,8.0,6.0,14.0,1.5,1.0,60.0,10.0
2036.403674103279,130.0,0.0,8.0,6.0,14.0,1.5,1.0,60.0,10.0
2036.4041356417406,130.0,0.0,8.0,6.0,14.0,1.5,1.0,60.0,10.0
2036.8041356417407,130.0,0.0,8.0,6.0,14.0,1.5,1.0,60.0,10.0
2036.8045971802023,130.0,0.0,8.0,6.0,14.0,1.5,1.0,60.0,10.0
2037.2045971802024,130.0,0.0,8.0,6.0,14.0,1.5,1.0,60.0,10.0
2037.205058718664,130.0,0.0,8.0,6.0,14.0,1.5,1.0,60.0,10.0
2037.6050587186642,130.0,0.0,8.0,6.0,14.0,1.5,1.0,60.0,10.0
2037.6055202571258,130.0,0.0,8.0,6.0,14.0,1.5,1.0,60.0,10.0
2038.005520257126,130.0,0.0,8.0,6.0,14.0,1.5,1.0,60.0,10.0
2038.0059817955876,130.0,0.0,8.0,6.0,14.0,1.5,1.0,60.0,10.0
2038.4059817955876,130.0,0.0,8.0,6.0,14.0,1.5,1.0,60.0,10.0
2038.4064433340493,130.0,0.0,8.0,6.0,14.0,1.5,1.0,60.0,10.0
2038.8064433340494,130.0,0.0,8.0,6.0,14.0,1.5,1.0,60.0,10.0
2038.806904872511,130.0,0.0,8.0,6.0,14.0,1.5,1.0,60.0,10.0
2039.2069048725111,130.0,0.0,8.0,6.0,14.0,1.5,1.0,60.0,10.0
2039.2073664109728,130.0,0.0,8.0,6.0,14.0,1.5,1.0,60.0,10.0
2039.6073664109729,130.0,0.0,8.0,6.0,14.0,1.5,1.0,60.0,10.0
2039.6078279494345,130.0,0.0,8.0,6.0,14.0,1.5,1.0,60.0,10.0
2040.0078279494346,130.0,0.0,8.0,6.0,14.0,1.5,1.0,60.0,10.0
2040.0082894878963,120.0,0.0,8.0,6.0,14.0,1.5,1.0,60.0,10.0
2040.4082894878964,120.0,0.0,8.0,6.0,14.0,1.5,1.0,60.0,10.0
2040.4087894878965,120.0,0.0,8.0,6.0,14.0,1.5,1.0,60.0,10.0
2040.8087894878965,120.0,0.0,8.0,6.0,14.0,1.5,1.0,60.0,10.0
2040.8092894878966,130.0,0.0,8.0,6.0,14.0,1.5,1.0,60.0,10.0
2041.2092894878967,130.0,0.0,8.0,6.0,14.0,1.5,1.0,60.0,10.0
2041.2097510263584,130.0,0.0,8.0,6.0,14.0,1.5,1.0,60.0,10.0
2041.6097510263585,130.0,0.0,8.0,6.0,14.0,1.5,1.0,60.0,10.0
2041.6102125648201,130.0,0.0,8.0,6.0,14.0,1.5,1.0,60.0,10.0
2042.0102125648202,130.0,0.0,8.0,6.0,14.0,1.5,1.0,60.0,10.0
2042.0106741032819,130.0,0.0,8.0,6.0,14.0,1.5,1.0,60.0,10.0
2042.410674103282,130.0,0.0,8.0,6.0,14.0,1.5,1.0,60.0,10.0
2042.4111356417436,130.0,0.0,8.0,6.0,14.0,1.5,1.0,60.0,10.0
2042.8111356417437,130.0,0.0,8.0,6.0,14.0,1.5,1.0,60.0,10.0
2042.8115971802054,130.0,0.0,8.0,6.0,14.0,1.5,1.0,60.0,10.0
2043.2115971802054,130.0,0.0,8.0,6.0,14.0,1.5,1.0,60.0,10.0
2043.212058718667,130.0,0.0,8.0,6.0,14.0,1.5,1.0,60.0,10.0
2043.6120587186672,130.0,0.0,8.0,6.0,14.0,1.5,1.0,60.0,10.0
2043.6125202571288,130.0,0.0,8.0,6.0,14.0,1.5,1.0,60.0,10.0
2044.012520257129,130.0,0.0,8.0,6.0,14.0,1.5,1.0,60.0,10.0
2044.0129817955906,130.0,0.0,8.0,6.0,14.0,1.5,1.0,60.0,10.0
2044.4129817955907,130.0,0.0,8.0,6.0,14.0,1.5,1.0,60.0,10.0
2044.4134433340523,130.0,0.0,8.0,6.0,14.0,1.5,1.0,60.0,10.0
2044.8134433340524,130.0,0.0,8.0,6.0,14.0,1.5,1.0,60.0,10.0
2044.813904872514,130.0,0.0,8.0,6.0,14.0,1.5,1.0,60.0,10.0
2045.2139048725141,130.0,0.0,8.0,6.0,14.0,1.5,1.0,60.0,10.0
2045.2143664109758,130.0,0.0,8.0,6.0,14.0,1.5,1.0,60.0,10.0
2045.614366410976,130.0,0.0,8.0,6.0,14.0,1.5,1.0,60.0,10.0
2045.6148279494375,130.0,0.0,8.0,6.0,14.0,1.5,1.0,60.0,10.0
2046.0148279494376,130.0,0.0,8.0,6.0,14.0,1.5,1.0,60.0,10.0
2046.0152894878993,130.0,0.0,8.0,6.0,14.0,1.5,1.0,60.0,10.0
2046.4152894878994,130.0,0.0,8.0,6.0,14.0,1.5,1.0,60.0,10.0
2046.415751026361,130.0,0.0,8.0,6.0,14.0,1.5,1.0,60.0,10.0
2046.815751026361,130.0,0.0,8.0,6.0,14.0,1.5,1.0,60.0,10.0
2046.8162125648228,130.0,0.0,8.0,6.0,14.0,1.5,1.0,60.0,10.0
2047.2162125648229,130.0,0.0,8.0,6.0,14.0,1.5,1.0,60.0,10.0
2047.2166741032845,130.0,0.0,8.0,6.0,14.0,1.5,1.0,60.0,10.0
2047.6166741032846,130.0,0.0,8.0,6.0,14.0,1.5,1.0,60.0,10.0
2047.6171356417462,130.0,0.0,8.0,6.0,14.0,1.5,1.0,60.0,10.0
2048.0171356417463,130.0,0.0,8.0,6.0,14.0,1.5,1.0,60.0,10.0
2048.0175971802078,130.0,0.0,8.0,6.0,14.0,1.5,1.0,60.0,10.0
2048.417597180208,130.0,0.0,8.0,6.0,14.0,1.5,1.0,60.0,10.0
2048.4180587186693,130.0,0.0,8.0,6.0,14.0,1.5,1.0,60.0,10.0
2048.8180587186694,130.0,0.0,8.0,6.0,14.0,1.5,1.0,60.0,10.0
2048.818520257131,130.0,0.0,8.0,6.0,14.0,1.5,1.0,60.0,10.0
2049.218520257131,130.0,0.0,8.0,6.0,14.0,1.5,1.0,60.0,10.0
2049.2189817955923,130.0,0.0,8.0,6.0,14.0,1.5,1.0,60.0,10.0
2049.6189817955924,130.0,0.0,8.0,6.0,14.0,1.5,1.0,60.0,10.0
2049.619443334054,130.0,0.0,8.0,6.0,14.0,1.5,1.0,60.0,10.0
2050.019443334054,130.0,0.0,8.0,6.0,14.0,1.5,1.0,60.0,10.0
2050.0199048725153,130.0,0.0,8.0,6.0,14.0,1.5,1.0,60.0,10.0
2050.4199048725154,130.0,0.0,8.0,6.0,14.0,1.5,1.0,60.0,10.0
2050.420366410977,130.0,0.0,8.0,6.0,14.0,1.5,1.0,60.0,10.0
2050.820366410977,130.0,0.0,8.0,6.0,14.0,1.5,1.0,60.0,10.0
2050.8208279494384,130.0,0.0,8.0,6.0,14.0,1.5,1.0,60.0,10.0
2051.2208279494384,130.0,0.0,8.0,6.0,14.0,1.5,1.0,60.0,10.0
2051.2212894879,130.0,0.0,8.0,6.0,14.0,1.5,1.0,60.0,10.0
2051.6212894879,130.0,0.0,8.0,6.0,14.0,1.5,1.0,60.0,10.0
2051.6217510263614,130.0,0.0,8.0,6.0,14.0,1.5,1.0,60.0,10.0
2052.0217510263615,130.0,0.0,8.0,6.0,14.0,1.5,1.0,60.0,10.0
2052.022212564823,130.0,0.0,8.0,6.0,14.0,1.5,1.0,60.0,10.0
2052.422212564823,130.0,0.0,8.0,6.0,14.0,1.5,1.0,60.0,10.0
2052.4226741032844,130.0,0.0,8.0,6.0,14.0,1.5,1.0,60.0,10.0
2052.8226741032845,130.0,0.0,8.0,6.0,14.0,1.5,1.0,60.0,10.0
2052.823135641746,130.0,0.0,8.0,6.0,14.0,1.5,1.0,60.0,10.0
2053.223135641746,130.0,0.0,8.0,6.0,14.0,1.5,1.0,60.0,10.0
2053.2235971802074,130.0,0.0,8.0,6.0,14.0,1.5,1.0,60.0,10.0
2053.6235971802075,130.0,0.0,8.0,6.0,14.0,1.5,1.0,60.0,10.0
2053.624058718669,130.0,0.0,8.0,6.0,14.0,1.5,1.0,60.0,10.0
2054.024058718669,130.0,0.0,8.0,6.0,14.0,1.5,1.0,60.0,10.0
2054.0245202571305,130.0,0.0,8.0,6.0,14.0,1.5,1.0,60.0,10.0
2054.4245202571306,130.0,0.0,8.0,6.0,14.0,1.5,1.0,60.0,10.0
2054.424981795592,130.0,0.0,8.0,6.0,14.0,1.5,1.0,60.0,10.0
2054.824981795592,130.0,0.0,8.0,6.0,14.0,1.5,1.0,60.0,10.0
2054.8254433340535,130.0,0.0,8.0,6.0,14.0,1.5,1.0,60.0,10.0
2055.2254433340536,130.0,0.0,8.0,6.0,14.0,1.5,1.0,60.0,10.0
2055.225904872515,130.0,0.0,8.0,6.0,14.0,1.5,1.0,60.0,10.0
2055.625904872515,130.0,0.0,8.0,6.0,14.0,1.5,1.0,60.0,10.0
2055.6263664109765,130.0,0.0,8.0,6.0,14.0,1.5,1.0,60.0,10.0
2056.0263664109766,130.0,0.0,8.0,6.0,14.0,1.5,1.0,60.0,10.0
2056.026827949438,130.0,0.0,8.0,6.0,14.0,1.5,1.0,60.0,10.0
2056.426827949438,130.0,0.0,8.0,6.0,14.0,1.5,1.0,60.0,10.0
2056.4272894878995,130.0,0.0,8.0,6.0,14.0,1.5,1.0,60.0,10.0
2056.8272894878996,130.0,0.0,8.0,6.0,14.0,1.5,1.0,60.0,10.0
2056.827751026361,130.0,0.0,8.0,6.0,14.0,1.5,1.0,60.0,10.0
2057.227751026361,130.0,0.0,8.0,6.0,14.0,1.5,1.0,60.0,10.0
2057.2282125648226,130.0,0.0,8.0,6.0,14.0,1.5,1.0,60.0,10.0
2057.6282125648227,130.0,0.0,8.0,6.0,14.0,1.5,1.0,60.0,10.0
2057.628674103284,130.0,0.0,8.0,6.0,14.0,1.5,1.0,60.0,10.0
2058.028674103284,130.0,0.0,8.0,6.0,14.0,1.5,1.0,60.0,10.0
2058.0291356417456,130.0,0.0,8.0,6.0,14.0,1.5,1.0,60.0,10.0
2058.4291356417457,130.0,0.0,8.0,6.0,14.0,1.5,1.0,60.0,10.0
2058.429597180207,130.0,0.0,8.0,6.0,14.0,1.5,1.0,60.0,10.0
2058.829597180207,130.0,0.0,8.0,6.0,14.0,1.5,1.0,60.0,10.0
2058.8300587186686,130.0,0.0,8.0,6.0,14.0,1.5,1.0,60.0,10.0
2059.2300587186687,130.0,0.0,8.0,6.0,14.0,1.5,1.0,60.0,10.0
2059.23052025713,130.0,0.0,8.0,6.0,14.0,1.5,1.0,60.0,10.0
2059.6305202571302,130.0,0.0,8.0,6.0,14.0,1.5,1.0,60.0,10.0
2059.6309817955917,130.0,0.0,8.0,6.0,14.0,1.5,1.0,60.0,10.0
2060.0309817955917,130.0,0.0,8.0,6.0,14.0,1.5,1.0,60.0,10.0
2060.031443334053,130.0,0.0,8.0,6.0,14.0,1.5,1.0,60.0,10.0
2060.4314433340533,130.0,0.0,8.0,6.0,14.0,1.5,1.0,60.0,10.0
2060.4319048725147,130.0,0.0,8.0,6.0,14.0,1.5,1.0,60.0,10.0
2060.8319048725148,130.0,0.0,8.0,6.0,14.0,1.5,1.0,60.0,10.0
2060.832366410976,130.0,0.0,8.0,6.0,14.0,1.5,1.0,60.0,10.0
2061.2323664109763,130.0,0.0,8.0,6.0,14.0,1.5,1.0,60.0,10.0
2061.2328279494377,130.0,0.0,8.0,6.0,14.0,1.5,1.0,60.0,10.0
2061.632827949438,130.0,0.0,8.0,6.0,14.0,1.5,1.0,60.0,10.0
2061.633289487899,130.0,0.0,8.0,6.0,14.0,1.5,1.0,60.0,10.0
2062.0332894878993,130.0,0.0,8.0,6.0,14.0,1.5,1.0,60.0,10.0
2062.0337510263607,130.0,0.0,8.0,6.0,14.0,1.5,1.0,60.0,10.0
2062.433751026361,130.0,0.0,8.0,6.0,14.0,1.5,1.0,60.0,10.0
2062.4342125648222,130.0,0.0,8.0,6.0,14.0,1.5,1.0,60.0,10.0
2062.8342125648223,130.0,0.0,8.0,6.0,14.0,1.5,1.0,60.0,10.0
2062.8346741032838,130.0,0.0,8.0,6.0,14.0,1.5,1.0,60.0,10.0
2063.234674103284,130.0,0.0,8.0,6.0,14.0,1.5,1.0,60.0,10.0
2063.2351356417453,130.0,0.0,8.0,6.0,14.0,1.5,1.0,60.0,10.0
2063.6351356417454,130.0,0.0,8.0,6.0,14.0,1.5,1.0,60.0,10.0
2063.635597180207,130.0,0.0,8.0,6.0,14.0,1.5,1.0,60.0,10.0
2064.035597180207,130.0,0.0,8.0,6.0,14.0,1.5,1.0,60.0,10.0
2064.0360587186683,130.0,0.0,8.0,6.0,14.0,1.5,1.0,60.0,10.0
2064.4360587186684,130.0,0.0,8.0,6.0,14.0,1.5,1.0,60.0,10.0
2064.43652025713,130.0,0.0,8.0,6.0,14.0,1.5,1.0,60.0,10.0
2064.83652025713,130.0,0.0,8.0,6.0,14.0,1.5,1.0,60.0,10.0
2064.8369817955913,130.0,0.0,8.0,6.0,14.0,1.5,1.0,60.0,10.0
2065.2369817955914,130.0,0.0,8.0,6.0,14.0,1.5,1.0,60.0,10.0
2065.237443334053,130.0,0.0,8.0,6.0,14.0,1.5,1.0,60.0,10.0
2065.637443334053,130.0,0.0,8.0,6.0,14.0,1.5,1.0,60.0,10.0
2065.6379048725144,130.0,0.0,8.0,6.0,14.0,1.5,1.0,60.0,10.0
2066.0379048725144,130.0,0.0,8.0,6.0,14.0,1.5,1.0,60.0,10.0
2066.038366410976,130.0,0.0,8.0,6.0,14.0,1.5,1.0,60.0,10.0
2066.438366410976,130.0,0.0,8.0,6.0,14.0,1.5,1.0,60.0,10.0
2066.4388279494374,130.0,0.0,8.0,6.0,14.0,1.5,1.0,60.0,10.0
2066.8388279494375,130.0,0.0,8.0,6.0,14.0,1.5,1.0,60.0,10.0
2066.839289487899,130.0,0.0,8.0,6.0,14.0,1.5,1.0,60.0,10.0
2067.239289487899,130.0,0.0,8.0,6.0,14.0,1.5,1.0,60.0,10.0
2067.2397510263604,130.0,0.0,8.0,6.0,14.0,1.5,1.0,60.0,10.0
2067.6397510263605,130.0,0.0,8.0,6.0,14.0,1.5,1.0,60.0,10.0
2067.640212564822,130.0,0.0,8.0,6.0,14.0,1.5,1.0,60.0,10.0
2068.040212564822,130.0,0.0,8.0,6.0,14.0,1.5,1.0,60.0,10.0
2068.0406741032834,140.0,0.0,8.0,6.0,14.0,1.5,1.0,60.0,10.0
2068.4406741032835,140.0,0.0,8.0,6.0,14.0,1.5,1.0,60.0,10.0
2068.441102674712,140.0,0.0,8.0,6.0,14.0,1.5,1.0,60.0,10.0
2068.841102674712,140.0,0.0,8.0,6.0,14.0,1.5,1.0,60.0,10.0
2068.8415312461407,140.0,0.0,8.0,6.0,14.0,1.5,1.0,60.0,10.0
2069.2415312461408,140.0,0.0,8.0,6.0,14.0,1.5,1.0,60.0,10.0
2069.2419598175693,140.0,0.0,8.0,6.0,14.0,1.5,1.0,60.0,10.0
2069.6419598175694,140.0,0.0,8.0,6.0,14.0,1.5,1.0,60.0,10.0
2069.642388388998,140.0,0.0,8.0,6.0,14.0,1.5,1.0,60.0,10.0
2070.042388388998,140.0,0.0,8.0,6.0,14.0,1.5,1.0,60.0,10.0
2070.0428169604265,140.0,0.0,8.0,6.0,14.0,1.5,1.0,60.0,10.0
2070.4428169604266,140.0,0.0,8.0,6.0,14.0,1.5,1.0,60.0,10.0
2070.443245531855,140.0,0.0,8.0,6.0,14.0,1.5,1.0,60.0,10.0
2070.8432455318552,140.0,0.0,8.0,6.0,14.0,1.5,1.0,60.0,10.0
2070.843674103284,140.0,0.0,8.0,6.0,14.0,1.5,1.0,60.0,10.0
2071.243674103284,140.0,0.0,8.0,6.0,14.0,1.5,1.0,60.0,10.0
2071.2441026747124,140.0,0.0,8.0,6.0,14.0,1.5,1.0,60.0,10.0
2071.6441026747125,140.0,0.0,8.0,6.0,14.0,1.5,1.0,60.0,10.0
2071.644531246141,140.0,0.0,8.0,6.0,14.0,1.5,1.0,60.0,10.0
2072.044531246141,140.0,0.0,8.0,6.0,14.0,1.5,1.0,60.0,10.0
2072.0449598175696,140.0,0.0,8.0,6.0,14.0,1.5,1.0,60.0,10.0
2072.4449598175697,140.0,0.0,8.0,6.0,14.0,1.5,1.0,60.0,10.0
2072.4453883889983,140.0,0.0,8.0,6.0,14.0,1.5,1.0,60.0,10.0
2072.8453883889983,140.0,0.0,8.0,6.0,14.0,1.5,1.0,60.0,10.0
2072.845816960427,140.0,0.0,8.0,6.0,14.0,1.5,1.0,60.0,10.0
2073.245816960427,140.0,0.0,8.0,6.0,14.0,1.5,1.0,60.0,10.0
2073.2462455318555,140.0,0.0,8.0,6.0,14.0,1.5,1.0,60.0,10.0
2073.6462455318556,140.0,0.0,8.0,6.0,14.0,1.5,1.0,60.0,10.0
2073.646674103284,140.0,0.0,8.0,6.0,14.0,1.5,1.0,60.0,10.0
2074.046674103284,140.0,0.0,8.0,6.0,14.0,1.5,1.0,60.0,10.0
2074.0471026747127,140.0,0.0,8.0,6.0,14.0,1.5,1.0,60.0,10.0
2074.447102674713,140.0,0.0,8.0,6.0,14.0,1.5,1.0,60.0,10.0
2074.4475312461414,140.0,0.0,8.0,6.0,14.0,1.5,1.0,60.0,10.0
2074.8475312461414,140.0,0.0,8.0,6.0,14.0,1.5,1.0,60.0,10.0
2074.84795981757,140.0,0.0,8.0,6.0,14.0,1.5,1.0,60.0,10.0
2075.24795981757,140.0,0.0,8.0,6.0,14.0,1.5,1.0,60.0,10.0
2075.2483883889986,140.0,0.0,8.0,6.0,14.0,1.5,1.0,60.0,10.0
2075.6483883889987,140.0,0.0,8.0,6.0,14.0,1.5,1.0,60.0,10.0
2075.648816960427,140.0,0.0,8.0,6.0,14.0,1.5,1.0,60.0,10.0
2076.0488169604273,140.0,0.0,8.0,6.0,14.0,1.5,1.0,60.0,10.0
2076.049245531856,140.0,0.0,8.0,6.0,14.0,1.5,1.0,60.0,10.0
2076.449245531856,140.0,0.0,8.0,6.0,14.0,1.5,1.0,60.0,10.0
2076.4496741032845,140.0,0.0,8.0,6.0,14.0,1.5,1.0,60.0,10.0
2076.8496741032845,140.0,0.0,8.0,6.0,14.0,1.5,1.0,60.0,10.0
2076.850102674713,140.0,0.0,8.0,6.0,14.0,1.5,1.0,60.0,10.0
2077.250102674713,140.0,0.0,8.0,6.0,14.0,1.5,1.0,60.0,10.0
2077.2505312461417,140.0,0.0,8.0,6.0,14.0,1.5,1.0,60.0,10.0
2077.650531246142,140.0,0.0,8.0,6.0,14.0,1.5,1.0,60.0,10.0
2077.6509598175703,140.0,0.0,8.0,6.0,14.0,1.5,1.0,60.0,10.0
2078.0509598175704,140.0,0.0,8.0,6.0,14.0,1.5,1.0,60.0,10.0
2078.051388388999,140.0,0.0,8.0,6.0,14.0,1.5,1.0,60.0,10.0
2078.451388388999,140.0,0.0,8.0,6.0,14.0,1.5,1.0,60.0,10.0
2078.4518169604275,140.0,0.0,8.0,6.0,14.0,1.5,1.0,60.0,10.0
2078.8518169604276,140.0,0.0,8.0,6.0,14.0,1.5,1.0,60.0,10.0
2078.852245531856,140.0,0.0,8.0,6.0,14.0,1.5,1.0,60.0,10.0
2079.2522455318563,140.0,0.0,8.0,6.0,14.0,1.5,1.0,60.0,10.0
2079.252674103285,140.0,0.0,8.0,6.0,14.0,1.5,1.0,60.0,10.0
2079.652674103285,140.0,0.0,8.0,6.0,14.0,1.5,1.0,60.0,10.0
2079.6531026747134,140.0,0.0,8.0,6.0,14.0,1.5,1.0,60.0,10.0
2080.0531026747135,140.0,0.0,8.0,6.0,14.0,1.5,1.0,60.0,10.0
2080.053531246142,140.0,0.0,8.0,6.0,14.0,1.5,1.0,60.0,10.0
2080.453531246142,140.0,0.0,8.0,6.0,14.0,1.5,1.0,60.0,10.0
2080.4539598175706,140.0,0.0,8.0,6.0,14.0,1.5,1.0,60.0,10.0
2080.8539598175707,140.0,0.0,8.0,6.0,14.0,1.5,1.0,60.0,10.0
2080.8543883889993,140.0,0.0,8.0,6.0,14.0,1.5,1.0,60.0,10.0
2081.2543883889994,140.0,0.0,8.0,6.0,14.0,1.5,1.0,60.0,10.0
2081.254816960428,140.0,0.0,8.0,6.0,14.0,1.5,1.0,60.0,10.0
2081.654816960428,140.0,0.0,8.0,6.0,14.0,1.5,1.0,60.0,10.0
2081.6552455318565,140.0,0.0,8.0,6.0,14.0,1.5,1.0,60.0,10.0
2082.0552455318566,140.0,0.0,8.0,6.0,14.0,1.5,1.0,60.0,10.0
2082.055674103285,140.0,0.0,8.0,6.0,14.0,1.5,1.0,60.0,10.0
2082.455674103285,140.0,0.0,8.0,6.0,14.0,1.5,1.0,60.0,10.0
2082.4561026747137,140.0,0.0,8.0,6.0,14.0,1.5,1.0,60.0,10.0
2082.856102674714,140.0,0.0,8.0,6.0,14.0,1.5,1.0,60.0,10.0
2082.8565312461424,140.0,0.0,8.0,6.0,14.0,1.5,1.0,60.0,10.0
2083.2565312461425,140.0,0.0,8.0,6.0,14.0,1.5,1.0,60.0,10.0
2083.256959817571,140.0,0.0,8.0,6.0,14.0,1.5,1.0,60.0,10.0
2083.656959817571,140.0,0.0,8.0,6.0,14.0,1.5,1.0,60.0,10.0
2083.6573883889996,140.0,0.0,8.0,6.0,14.0,1.5,1.0,60.0,10.0
2084.0573883889997,140.0,0.0,8.0,6.0,14.0,1.5,1.0,60.0,10.0
2084.057816960428,140.0,0.0,8.0,6.0,14.0,1.5,1.0,60.0,10.0
2084.4578169604283,140.0,0.0,8.0,6.0,14.0,1.5,1.0,60.0,10.0
2084.458245531857,140.0,0.0,8.0,6.0,14.0,1.5,1.0,60.0,10.0
2084.858245531857,140.0,0.0,8.0,6.0,14.0,1.5,1.0,60.0,10.0
2084.8586741032855,140.0,0.0,8.0,6.0,14.0,1.5,1.0,60.0,10.0
2085.2586741032856,140.0,0.0,8.0,6.0,14.0,1.5,1.0,60.0,10.0
2085.259102674714,140.0,0.0,8.0,6.0,14.0,1.5,1.0,60.0,10.0
2085.659102674714,140.0,0.0,8.0,6.0,14.0,1.5,1.0,60.0,10.0
2085.6595312461427,140.0,0.0,8.0,6.0,14.0,1.5,1.0,60.0,10.0
2086.059531246143,140.0,0.0,8.0,6.0,14.0,1.5,1.0,60.0,10.0
2086.0599598175713,140.0,0.0,8.0,6.0,14.0,1.5,1.0,60.0,10.0
2086.4599598175714,140.0,0.0,8.0,6.0,14.0,1.5,1.0,60.0,10.0
2086.460388389,140.0,0.0,8.0,6.0,14.0,1.5,1.0,60.0,10.0
2086.860388389,140.0,0.0,8.0,6.0,14.0,1.5,1.0,60.0,10.0
2086.8608169604286,140.0,0.0,8.0,6.0,14.0,1.5,1.0,60.0,10.0
2087.2608169604287,140.0,0.0,8.0,6.0,14.0,1.5,1.0,60.0,10.0
2087.261245531857,140.0,0.0,8.0,6.0,14.0,1.5,1.0,60.0,10.0
2087.6612455318573,140.0,0.0,8.0,6.0,14.0,1.5,1.0,60.0,10.0
2087.661674103286,130.0,0.0,8.0,6.0,14.0,1.5,1.0,60.0,10.0
2088.061674103286,130.0,0.0,8.0,6.0,14.0,1.5,1.0,60.0,10.0
2088.0621356417473,120.0,0.0,8.0,6.0,14.0,1.5,1.0,60.0,10.0
2088.4621356417474,120.0,0.0,8.0,6.0,14.0,1.5,1.0,60.0,10.0
2088.4626356417475,120.0,0.0,8.0,6.0,14.0,1.5,1.0,60.0,10.0
2088.8626356417476,120.0,0.0,8.0,6.0,14.0,1.5,1.0,60.0,10.0
2088.8631356417477,120.0,0.0,8.0,6.0,14.0,1.5,1.0,60.0,10.0
2089.263135641748,120.0,0.0,8.0,6.0,14.0,1.5,1.0,60.0,10.0
2089.263635641748,120.0,0.0,8.0,6.0,14.0,1.5,1.0,60.0,10.0
2089.663635641748,120.0,0.0,8.0,6.0,14.0,1.5,1.0,60.0,10.0
2089.664135641748,120.0,0.0,8.0,6.0,14.0,1.5,1.0,60.0,10.0
2090.064135641748,120.0,0.0,8.0,6.0,14.0,1.5,1.0,60.0,10.0
2090.0646356417483,120.0,0.0,8.0,6.0,14.0,1.5,1.0,60.0,10.0
2090.4646356417484,120.0,0.0,8.0,6.0,14.0,1.5,1.0,60.0,10.0
2090.4651356417485,120.0,0.0,8.0,6.0,14.0,1.5,1.0,60.0,10.0
2090.8651356417486,120.0,0.0,8.0,6.0,14.0,1.5,1.0,60.0,10.0
2090.8656356417487,120.0,0.0,8.0,6.0,14.0,1.5,1.0,60.0,10.0
2091.2656356417488,120.0,0.0,8.0,6.0,14.0,1.5,1.0,60.0,10.0
2091.266135641749,120.0,0.0,8.0,6.0,14.0,1.5,1.0,60.0,10.0
2091.666135641749,120.0,0.0,8.0,6.0,14.0,1.5,1.0,60.0,10.0
2091.666635641749,120.0,0.0,8.0,6.0,14.0,1.5,1.0,60.0,10.0
2092.066635641749,120.0,0.0,8.0,6.0,14.0,1.5,1.0,60.0,10.0
2092.0671356417492,120.0,0.0,8.0,6.0,14.0,1.5,1.0,60.0,10.0
2092.4671356417493,120.0,0.0,8.0,6.0,14.0,1.5,1.0,60.0,10.0
2092.4676356417494,120.0,0.0,8.0,6.0,14.0,1.5,1.0,60.0,10.0
2092.8676356417495,120.0,0.0,8.0,6.0,14.0,1.5,1.0,60.0,10.0
2092.8681356417496,120.0,0.0,8.0,6.0,14.0,1.5,1.0,60.0,10.0
2093.2681356417497,120.0,0.0,8.0,6.0,14.0,1.5,1.0,60.0,10.0
2093.26863564175,110.0,0.0,8.0,6.0,14.0,1.5,1.0,60.0,10.0
2093.66863564175,110.0,0.0,8.0,6.0,14.0,1.5,1.0,60.0,10.0
2093.6691810962952,110.0,0.0,8.0,6.0,14.0,1.5,1.0,60.0,10.0
2094.0691810962953,110.0,0.0,8.0,6.0,14.0,1.5,1.0,60.0,10.0
2094.0697265508406,120.0,0.0,8.0,6.0,14.0,1.5,1.0,60.0,10.0
2094.4697265508407,120.0,0.0,8.0,6.0,14.0,1.5,1.0,60.0,10.0
2094.470226550841,120.0,0.0,8.0,6.0,14.0,1.5,1.0,60.0,10.0
2094.870226550841,120.0,0.0,8.0,6.0,14.0,1.5,1.0,60.0,10.0
2094.870726550841,120.0,0.0,8.0,6.0,14.0,1.5,1.0,60.0,10.0
2095.270726550841,120.0,0.0,8.0,6.0,14.0,1.5,1.0,60.0,10.0
2095.271226550841,120.0,0.0,8.0,6.0,14.0,1.5,1.0,60.0,10.0
2095.6712265508413,120.0,0.0,8.0,6.0,14.0,1.5,1.0,60.0,10.0
2095.6717265508414,120.0,0.0,8.0,6.0,14.0,1.5,1.0,60.0,10.0
2096.0717265508415,120.0,0.0,8.0,6.0,14.0,1.5,1.0,60.0,10.0
2096.0722265508416,120.0,0.0,8.0,6.0,14.0,1.5,1.0,60.0,10.0
2096.4722265508417,120.0,0.0,8.0,6.0,14.0,1.5,1.0,60.0,10.0
2096.472726550842,120.0,0.0,8.0,6.0,14.0,1.5,1.0,60.0,10.0
2096.872726550842,120.0,0.0,8.0,6.0,14.0,1.5,1.0,60.0,10.0
2096.873226550842,120.0,0.0,8.0,6.0,14.0,1.5,1.0,60.0,10.0
2097.273226550842,120.0,0.0,8.0,6.0,14.0,1.5,1.0,60.0,10.0
2097.273726550842,120.0,0.0,8.0,6.0,14.0,1.5,1.0,60.0,10.0
2097.6737265508423,120.0,0.0,8.0,6.0,14.0,1.5,1.0,60.0,10.0
2097.6742265508424,120.0,0.0,8.0,6.0,14.0,1.5,1.0,60.0,10.0
2098.0742265508425,120.0,0.0,8.0,6.0,14.0,1.5,1.0,60.0,10.0
2098.0747265508426,130.0,0.0,8.0,6.0,14.0,1.5,1.0,60.0,10.0
2098.4747265508427,130.0,0.0,8.0,6.0,14.0,1.5,1.0,60.0,10.0
2098.475188089304,130.0,0.0,8.0,6.0,14.0,1.5,1.0,60.0,10.0
2098.875188089304,130.0,0.0,8.0,6.0,14.0,1.5,1.0,60.0,10.0
2098.8756496277656,130.0,0.0,8.0,6.0,14.0,1.5,1.0,60.0,10.0
2099.2756496277657,130.0,0.0,8.0,6.0,14.0,1.5,1.0,60.0,10.0
2099.276111166227,130.0,0.0,8.0,6.0,14.0,1.5,1.0,60.0,10.0
2099.676111166227,130.0,0.0,8.0,6.0,14.0,1.5,1.0,60.0,10.0
2099.6765727046886,130.0,0.0,8.0,6.0,14.0,1.5,1.0,60.0,10.0
2100.0765727046887,130.0,0.0,8.0,6.0,14.0,1.5,1.0,60.0,10.0
2100.07703424315,130.0,0.0,8.0,6.0,14.0,1.5,1.0,60.0,10.0
2100.4770342431502,130.0,0.0,8.0,6.0,14.0,1.5,1.0,60.0,10.0
2100.4774957816117,120.0,0.0,8.0,6.0,14.0,1.5,1.0,60.0,10.0
2100.8774957816117,120.0,0.0,8.0,6.0,14.0,1.5,1.0,60.0,10.0
2100.877995781612,120.0,0.0,8.0,6.0,14.0,1.5,1.0,60.0,10.0
2101.277995781612,120.0,0.0,8.0,6.0,14.0,1.5,1.0,60.0,10.0
2101.278495781612,120.0,0.0,8.0,6.0,14.0,1.5,1.0,60.0,10.0
2101.678495781612,120.0,0.0,8.0,6.0,14.0,1.5,1.0,60.0,10.0
2101.6789957816122,120.0,0.0,8.0,6.0,14.0,1.5,1.0,60.0,10.0
2102.0789957816123,120.0,0.0,8.0,6.0,14.0,1.5,1.0,60.0,10.0
2102.0794957816124,120.0,0.0,8.0,6.0,14.0,1.5,1.0,60.0,10.0
2102.4794957816125,120.0,0.0,8.0,6.0,14.0,1.5,1.0,60.0,10.0
2102.4799957816126,120.0,0.0,8.0,6.0,14.0,1.5,1.0,60.0,10.0
2102.8799957816127,120.0,0.0,8.0,6.0,14.0,1.5,1.0,60.0,10.0
2102.880495781613,120.0,0.0,8.0,6.0,14.0,1.5,1.0,60.0,10.0
2103.280495781613,120.0,0.0,8.0,6.0,14.0,1.5,1.0,60.0,10.0
2103.280995781613,120.0,0.0,8.0,6.0,14.0,1.5,1.0,60.0,10.0
2103.680995781613,120.0,0.0,8.0,6.0,14.0,1.5,1.0,60.0,10.0
2103.681495781613,120.0,0.0,8.0,6.0,14.0,1.5,1.0,60.0,10.0
2104.0814957816133,120.0,0.0,8.0,6.0,14.0,1.5,1.0,60.0,10.0
2104.0819957816134,120.0,0.0,8.0,6.0,14.0,1.5,1.0,60.0,10.0
2104.4819957816135,120.0,0.0,8.0,6.0,14.0,1.5,1.0,60.0,10.0
2104.4824957816136,120.0,0.0,8.0,6.0,14.0,1.5,1.0,60.0,10.0
2104.8824957816137,120.0,0.0,8.0,6.0,14.0,1.5,1.0,60.0,10.0
2104.8829957816138,120.0,0.0,8.0,6.0,14.0,1.5,1.0,60.0,10.0
2105.282995781614,120.0,0.0,8.0,6.0,14.0,1.5,1.0,60.0,10.0
2105.283495781614,120.0,0.0,8.0,6.0,14.0,1.5,1.0,60.0,10.0
2105.683495781614,120.0,0.0,8.0,6.0,14.0,1.5,1.0,60.0,10.0
2105.683995781614,120.0,0.0,8.0,6.0,14.0,1.5,1.0,60.0,10.0
2106.0839957816142,120.0,0.0,8.0,6.0,14.0,1.5,1.0,60.0,10.0
2106.0844957816144,120.0,0.0,8.0,6.0,14.0,1.5,1.0,60.0,10.0
2106.4844957816144,120.0,0.0,8.0,6.0,14.0,1.5,1.0,60.0,10.0
2106.4849957816145,120.0,0.0,8.0,6.0,14.0,1.5,1.0,60.0,10.0
2106.8849957816146,120.0,0.0,8.0,6.0,14.0,1.5,1.0,60.0,10.0
2106.8854957816147,120.0,0.0,8.0,6.0,14.0,1.5,1.0,60.0,10.0
2107.285495781615,120.0,0.0,8.0,6.0,14.0,1.5,1.0,60.0,10.0
2107.285995781615,120.0,0.0,8.0,6.0,14.0,1.5,1.0,60.0,10.0
2107.685995781615,120.0,0.0,8.0,6.0,14.0,1.5,1.0,60.0,10.0
2107.686495781615,120.0,0.0,8.0,6.0,14.0,1.5,1.0,60.0,10.0
2108.086495781615,120.0,0.0,8.0,6.0,14.0,1.5,1.0,60.0,10.0
2108.0869957816153,120.0,0.0,8.0,6.0,14.0,1.5,1.0,60.0,10.0
2108.4869957816154,120.0,0.0,8.0,6.0,14.0,1.5,1.0,60.0,10.0
2108.4874957816155,120.0,0.0,8.0,6.0,14.0,1.5,1.0,60.0,10.0
2108.8874957816156,120.0,0.0,8.0,6.0,14.0,1.5,1.0,60.0,10.0
2108.8879957816157,120.0,0.0,8.0,6.0,14.0,1.5,1.0,60.0,10.0
2109.287995781616,120.0,0.0,8.0,6.0,14.0,1.5,1.0,60.0,10.0
2109.288495781616,120.0,0.0,8.0,6.0,14.0,1.5,1.0,60.0,10.0
2109.688495781616,120.0,0.0,8.0,6.0,14.0,1.5,1.0,60.0,10.0
2109.688995781616,120.0,0.0,8.0,6.0,14.0,1.5,1.0,60.0,10.0
2110.088995781616,120.0,0.0,8.0,6.0,14.0,1.5,1.0,60.0,10.0
2110.0894957816163,120.0,0.0,8.0,6.0,14.0,1.5,1.0,60.0,10.0
2110.4894957816164,120.0,0.0,8.0,6.0,14.0,1.5,1.0,60.0,10.0
2110.4899957816165,120.0,0.0,8.0,6.0,14.0,1.5,1.0,60.0,10.0
2110.8899957816166,120.0,0.0,8.0,6.0,14.0,1.5,1.0,60.0,10.0
2110.8904957816167,120.0,0.0,8.0,6.0,14.0,1.5,1.0,60.0,10.0
2111.2904957816168,120.0,0.0,8.0,6.0,14.0,1.5,1.0,60.0,10.0
2111.290995781617,120.0,0.0,8.0,6.0,14.0,1.5,1.0,60.0,10.0
2111.690995781617,120.0,0.0,8.0,6.0,14.0,1.5,1.0,60.0,10.0
2111.691495781617,120.0,0.0,8.0,6.0,14.0,1.5,1.0,60.0,10.0
2112.091495781617,120.0,0.0,8.0,6.0,14.0,1.5,1.0,60.0,10.0
2112.0919957816172,120.0,0.0,8.0,6.0,14.0,1.5,1.0,60.0,10.0
2112.4919957816173,120.0,0.0,8.0,6.0,14.0,1.5,1.0,60.0,10.0
2112.4924957816174,120.0,0.0,8.0,6.0,14.0,1.5,1.0,60.0,10.0
2112.8924957816175,120.0,0.0,8.0,6.0,14.0,1.5,1.0,60.0,10.0
2112.8929957816176,120.0,0.0,8.0,6.0,14.0,1.5,1.0,60.0,10.0
2113.2929957816177,120.0,0.0,8.0,6.0,14.0,1.5,1.0,60.0,10.0
2113.293495781618,120.0,0.0,8.0,6.0,14.0,1.5,1.0,60.0,10.0
2113.693495781618,120.0,0.0,8.0,6.0,14.0,1.5,1.0,60.0,10.0
2113.693995781618,120.0,0.0,8.0,6.0,14.0,1.5,1.0,60.0,10.0
2114.093995781618,120.0,0.0,8.0,6.0,14.0,1.5,1.0,60.0,10.0
2114.094495781618,130.0,0.0,8.0,6.0,14.0,1.5,1.0,60.0,10.0
2114.4944957816183,130.0,0.0,8.0,6.0,14.0,1.5,1.0,60.0,10.0
2114.4949573200797,130.0,0.0,8.0,6.0,14.0,1.5,1.0,60.0,10.0
2114.89495732008,130.0,0.0,8.0,6.0,14.0,1.5,1.0,60.0,10.0
2114.8954188585412,130.0,0.0,8.0,6.0,14.0,1.5,1.0,60.0,10.0
2115.2954188585413,130.0,0.0,8.0,6.0,14.0,1.5,1.0,60.0,10.0
2115.2958803970027,130.0,0.0,8.0,6.0,14.0,1.5,1.0,60.0,10.0
2115.695880397003,130.0,0.0,8.0,6.0,14.0,1.5,1.0,60.0,10.0
2115.6963419354643,130.0,0.0,8.0,6.0,14.0,1.5,1.0,60.0,10.0
2116.0963419354644,130.0,0.0,8.0,6.0,14.0,1.5,1.0,60.0,10.0
2116.096803473926,130.0,0.0,8.0,6.0,14.0,1.5,1.0,60.0,10.0
2116.496803473926,130.0,0.0,8.0,6.0,14.0,1.5,1.0,60.0,10.0
2116.4972650123873,130.0,0.0,8.0,6.0,14.0,1.5,1.0,60.0,10.0
2116.8972650123874,130.0,0.0,8.0,6.0,14.0,1.5,1.0,60.0,10.0
2116.897726550849,130.0,0.0,8.0,6.0,14.0,1.5,1.0,60.0,10.0
2117.297726550849,130.0,0.0,8.0,6.0,14.0,1.5,1.0,60.0,10.0
2117.2981880893103,130.0,0.0,8.0,6.0,14.0,1.5,1.0,60.0,10.0
2117.6981880893104,130.0,0.0,8.0,6.0,14.0,1.5,1.0,60.0,10.0
2117.698649627772,130.0,0.0,8.0,6.0,14.0,1.5,1.0,60.0,10.0
2118.098649627772,130.0,0.0,8.0,6.0,14.0,1.5,1.0,60.0,10.0
2118.0991111662333,130.0,0.0,8.0,6.0,14.0,1.5,1.0,60.0,10.0
2118.4991111662334,130.0,0.0,8.0,6.0,14.0,1.5,1.0,60.0,10.0
2118.499572704695,130.0,0.0,8.0,6.0,14.0,1.5,1.0,60.0,10.0
2118.899572704695,130.0,0.0,8.0,6.0,14.0,1.5,1.0,60.0,10.0
2118.9000342431564,130.0,0.0,8.0,6.0,14.0,1.5,1.0,60.0,10.0
2119.3000342431565,130.0,0.0,8.0,6.0,14.0,1.5,1.0,60.0,10.0
2119.300495781618,130.0,0.0,8.0,6.0,14.0,1.5,1.0,60.0,10.0
2119.700495781618,130.0,0.0,8.0,6.0,14.0,1.5,1.0,60.0,10.0
2119.7009573200794,130.0,0.0,8.0,6.0,14.0,1.5,1.0,60.0,10.0
2120.1009573200795,130.0,0.0,8.0,6.0,14.0,1.5,1.0,60.0,10.0
2120.101418858541,130.0,0.0,8.0,6.0,14.0,1.5,1.0,60.0,10.0
2120.501418858541,130.0,0.0,8.0,6.0,14.0,1.5,1.0,60.0,10.0
2120.5018803970024,130.0,0.0,8.0,6.0,14.0,1.5,1.0,60.0,10.0
2120.9018803970025,130.0,0.0,8.0,6.0,14.0,1.5,1.0,60.0,10.0
2120.902341935464,130.0,0.0,8.0,6.0,14.0,1.5,1.0,60.0,10.0
2121.302341935464,130.0,0.0,8.0,6.0,14.0,1.5,1.0,60.0,10.0
2121.3028034739255,130.0,0.0,8.0,6.0,14.0,1.5,1.0,60.0,10.0
2121.7028034739255,130.0,0.0,8.0,6.0,14.0,1.5,1.0,60.0,10.0
2121.703265012387,130.0,0.0,8.0,6.0,14.0,1.5,1.0,60.0,10.0
2122.103265012387,130.0,0.0,8.0,6.0,14.0,1.5,1.0,60.0,10.0
2122.1037265508485,130.0,0.0,8.0,6.0,14.0,1.5,1.0,60.0,10.0
2122.5037265508486,130.0,0.0,8.0,6.0,14.0,1.5,1.0,60.0,10.0
2122.50418808931,130.0,0.0,8.0,6.0,14.0,1.5,1.0,60.0,10.0
2122.90418808931,130.0,0.0,8.0,6.0,14.0,1.5,1.0,60.0,10.0
2122.9046496277715,130.0,0.0,8.0,6.0,14.0,1.5,1.0,60.0,10.0
2123.3046496277716,130.0,0.0,8.0,6.0,14.0,1.5,1.0,60.0,10.0
2123.305111166233,130.0,0.0,8.0,6.0,14.0,1.5,1.0,60.0,10.0
2123.705111166233,130.0,0.0,8.0,6.0,14.0,1.5,1.0,60.0,10.0
2123.7055727046945,130.0,0.0,8.0,6.0,14.0,1.5,1.0,60.0,10.0
2124.1055727046946,130.0,0.0,8.0,6.0,14.0,1.5,1.0,60.0,10.0
2124.106034243156,130.0,0.0,8.0,6.0,14.0,1.5,1.0,60.0,10.0
2124.506034243156,130.0,0.0,8.0,6.0,14.0,1.5,1.0,60.0,10.0
2124.5064957816176,130.0,0.0,8.0,6.0,14.0,1.5,1.0,60.0,10.0
2124.9064957816177,130.0,0.0,8.0,6.0,14.0,1.5,1.0,60.0,10.0
2124.906957320079,130.0,0.0,8.0,6.0,14.0,1.5,1.0,60.0,10.0
2125.306957320079,130.0,0.0,8.0,6.0,14.0,1.5,1.0,60.0,10.0
2125.3074188585406,130.0,0.0,8.0,6.0,14.0,1.5,1.0,60.0,10.0
2125.7074188585407,130.0,0.0,8.0,6.0,14.0,1.5,1.0,60.0,10.0
2125.707880397002,130.0,0.0,8.0,6.0,14.0,1.5,1.0,60.0,10.0
2126.107880397002,130.0,0.0,8.0,6.0,14.0,1.5,1.0,60.0,10.0
2126.1083419354636,130.0,0.0,8.0,6.0,14.0,1.5,1.0,60.0,10.0
2126.5083419354637,130.0,0.0,8.0,6.0,14.0,1.5,1.0,60.0,10.0
2126.508803473925,130.0,0.0,8.0,6.0,14.0,1.5,1.0,60.0,10.0
2126.908803473925,130.0,0.0,8.0,6.0,14.0,1.5,1.0,60.0,10.0
2126.9092650123866,130.0,0.0,8.0,6.0,14.0,1.5,1.0,60.0,10.0
2127.3092650123867,130.0,0.0,8.0,6.0,14.0,1.5,1.0,60.0,10.0
2127.309726550848,130.0,0.0,8.0,6.0,14.0,1.5,1.0,60.0,10.0
2127.7097265508482,130.0,0.0,8.0,6.0,14.0,1.5,1.0,60.0,10.0
2127.7101880893097,130.0,0.0,8.0,6.0,14.0,1.5,1.0,60.0,10.0
2128.1101880893098,130.0,0.0,8.0,6.0,14.0,1.5,1.0,60.0,10.0
2128.110649627771,130.0,0.0,8.0,6.0,14.0,1.5,1.0,60.0,10.0
2128.5106496277713,130.0,0.0,8.0,6.0,14.0,1.5,1.0,60.0,10.0
2128.5111111662327,130.0,0.0,8.0,6.0,14.0,1.5,1.0,60.0,10.0
2128.911111166233,130.0,0.0,8.0,6.0,14.0,1.5,1.0,60.0,10.0
2128.911572704694,130.0,0.0,8.0,6.0,14.0,1.5,1.0,60.0,10.0
2129.3115727046943,130.0,0.0,8.0,6.0,14.0,1.5,1.0,60.0,10.0
2129.3120342431557,130.0,0.0,8.0,6.0,14.0,1.5,1.0,60.0,10.0
2129.712034243156,130.0,0.0,8.0,6.0,14.0,1.5,1.0,60.0,10.0
2129.7124957816172,130.0,0.0,8.0,6.0,14.0,1.5,1.0,60.0,10.0
2130.1124957816173,130.0,0.0,8.0,6.0,14.0,1.5,1.0,60.0,10.0
2130.1129573200787,130.0,0.0,8.0,6.0,14.0,1.5,1.0,60.0,10.0
2130.512957320079,130.0,0.0,8.0,6.0,14.0,1.5,1.0,60.0,10.0
2130.5134188585403,130.0,0.0,8.0,6.0,14.0,1.5,1.0,60.0,10.0
2130.9134188585404,130.0,0.0,8.0,6.0,14.0,1.5,1.0,60.0,10.0
2130.913880397002,130.0,0.0,8.0,6.0,14.0,1.5,1.0,60.0,10.0
2131.313880397002,130.0,0.0,8.0,6.0,14.0,1.5,1.0,60.0,10.0
2131.3143419354633,130.0,0.0,8.0,6.0,14.0,1.5,1.0,60.0,10.0
2131.7143419354634,130.0,0.0,8.0,6.0,14.0,1.5,1.0,60.0,10.0
2131.714803473925,130.0,0.0,8.0,6.0,14.0,1.5,1.0,60.0,10.0
2132.114803473925,130.0,0.0,8.0,6.0,14.0,1.5,1.0,60.0,10.0
2132.1152650123863,130.0,0.0,8.0,6.0,14.0,1.5,1.0,60.0,10.0
2132.5152650123864,130.0,0.0,8.0,6.0,14.0,1.5,1.0,60.0,10.0
2132.515726550848,130.0,0.0,8.0,6.0,14.0,1.5,1.0,60.0,10.0
2132.915726550848,130.0,0.0,8.0,6.0,14.0,1.5,1.0,60.0,10.0
2132.9161880893093,130.0,0.0,8.0,6.0,14.0,1.5,1.0,60.0,10.0
2133.3161880893094,130.0,0.0,8.0,6.0,14.0,1.5,1.0,60.0,10.0
2133.316649627771,130.0,0.0,8.0,6.0,14.0,1.5,1.0,60.0,10.0
2133.716649627771,130.0,0.0,8.0,6.0,14.0,1.5,1.0,60.0,10.0
2133.7171111662324,130.0,0.0,8.0,6.0,14.0,1.5,1.0,60.0,10.0
2134.1171111662325,130.0,0.0,8.0,6.0,14.0,1.5,1.0,60.0,10.0
2134.117572704694,130.0,0.0,8.0,6.0,14.0,1.5,1.0,60.0,10.0
2134.517572704694,130.0,0.0,8.0,6.0,14.0,1.5,1.0,60.0,10.0
2134.5180342431554,130.0,0.0,8.0,6.0,14.0,1.5,1.0,60.0,10.0
2134.9180342431555,130.0,0.0,8.0,6.0,14.0,1.5,1.0,60.0,10.0
2134.918495781617,130.0,0.0,8.0,6.0,14.0,1.5,1.0,60.0,10.0
2135.318495781617,130.0,0.0,8.0,6.0,14.0,1.5,1.0,60.0,10.0
2135.3189573200784,130.0,0.0,8.0,6.0,14.0,1.5,1.0,60.0,10.0
2135.7189573200785,130.0,0.0,8.0,6.0,14.0,1.5,1.0,60.0,10.0
2135.71941885854,130.0,0.0,8.0,6.0,14.0,1.5,1.0,60.0,10.0
2136.11941885854,130.0,0.0,8.0,6.0,14.0,1.5,1.0,60.0,10.0
2136.1198803970015,130.0,0.0,8.0,6.0,14.0,1.5,1.0,60.0,10.0
2136.5198803970015,130.0,0.0,8.0,6.0,14.0,1.5,1.0,60.0,10.0
2136.520341935463,130.0,0.0,8.0,6.0,14.0,1.5,1.0,60.0,10.0
2136.920341935463,130.0,0.0,8.0,6.0,14.0,1.5,1.0,60.0,10.0
2136.9208034739245,130.0,0.0,8.0,6.0,14.0,1.5,1.0,60.0,10.0
2137.3208034739246,130.0,0.0,8.0,6.0,14.0,1.5,1.0,60.0,10.0
2137.321265012386,130.0,0.0,8.0,6.0,14.0,1.5,1.0,60.0,10.0
2137.721265012386,130.0,0.0,8.0,6.0,14.0,1.5,1.0,60.0,10.0
2137.7217265508475,130.0,0.0,8.0,6.0,14.0,1.5,1.0,60.0,10.0
2138.1217265508476,130.0,0.0,8.0,6.0,14.0,1.5,1.0,60.0,10.0
2138.122188089309,130.0,0.0,8.0,6.0,14.0,1.5,1.0,60.0,10.0
2138.522188089309,130.0,0.0,8.0,6.0,14.0,1.5,1.0,60.0,10.0
2138.5226496277705,120.0,0.0,8.0,6.0,14.0,1.5,1.0,60.0,10.0
2138.9226496277706,120.0,0.0,8.0,6.0,14.0,1.5,1.0,60.0,10.0
2138.9231496277707,120.0,0.0,8.0,6.0,14.0,1.5,1.0,60.0,10.0
2139.323149627771,120.0,0.0,8.0,6.0,14.0,1.5,1.0,60.0,10.0
2139.323649627771,120.0,0.0,8.0,6.0,14.0,1.5,1.0,60.0,10.0
2139.723649627771,120.0,0.0,8.0,6.0,14.0,1.5,1.0,60.0,10.0
2139.724149627771,120.0,0.0,8.0,6.0,14.0,1.5,1.0,60.0,10.0
2140.124149627771,120.0,0.0,8.0,6.0,14.0,1.5,1.0,60.0,10.0
2140.1246496277713,120.0,0.0,8.0,6.0,14.0,1.5,1.0,60.0,10.0
2140.5246496277714,120.0,0.0,8.0,6.0,14.0,1.5,1.0,60.0,10.0
2140.5251496277715,120.0,0.0,8.0,6.0,14.0,1.5,1.0,60.0,10.0
2140.9251496277716,120.0,0.0,8.0,6.0,14.0,1.5,1.0,60.0,10.0
2140.9256496277717,120.0,0.0,8.0,6.0,14.0,1.5,1.0,60.0,10.0
2141.325649627772,120.0,0.0,8.0,6.0,14.0,1.5,1.0,60.0,10.0
2141.326149627772,120.0,0.0,8.0,6.0,14.0,1.5,1.0,60.0,10.0
2141.726149627772,120.0,0.0,8.0,6.0,14.0,1.5,1.0,60.0,10.0
2141.726649627772,120.0,0.0,8.0,6.0,14.0,1.5,1.0,60.0,10.0
2142.126649627772,120.0,0.0,8.0,6.0,14.0,1.5,1.0,60.0,10.0
2142.1271496277723,120.0,0.0,8.0,6.0,14.0,1.5,1.0,60.0,10.0
2142.5271496277724,120.0,0.0,8.0,6.0,14.0,1.5,1.0,60.0,10.0
2142.5276496277725,120.0,0.0,8.0,6.0,14.0,1.5,1.0,60.0,10.0
2142.9276496277726,120.0,0.0,8.0,6.0,14.0,1.5,1.0,60.0,10.0
2142.9281496277727,120.0,0.0,8.0,6.0,14.0,1.5,1.0,60.0,10.0
2143.3281496277727,120.0,0.0,8.0,6.0,14.0,1.5,1.0,60.0,10.0
2143.328649627773,120.0,0.0,8.0,6.0,14.0,1.5,1.0,60.0,10.0
2143.728649627773,120.0,0.0,8.0,6.0,14.0,1.5,1.0,60.0,10.0
2143.729149627773,120.0,0.0,8.0,6.0,14.0,1.5,1.0,60.0,10.0
2144.129149627773,120.0,0.0,8.0,6.0,14.0,1.5,1.0,60.0,10.0
2144.1296496277732,120.0,0.0,8.0,6.0,14.0,1.5,1.0,60.0,10.0
2144.5296496277733,120.0,0.0,8.0,6.0,14.0,1.5,1.0,60.0,10.0
2144.5301496277734,120.0,0.0,8.0,6.0,14.0,1.5,1.0,60.0,10.0
2144.9301496277735,120.0,0.0,8.0,6.0,14.0,1.5,1.0,60.0,10.0
2144.9306496277736,120.0,0.0,8.0,6.0,14.0,1.5,1.0,60.0,10.0
2145.3306496277737,120.0,0.0,8.0,6.0,14.0,1.5,1.0,60.0,10.0
2145.331149627774,110.0,0.0,8.0,6.0,14.0,1.5,1.0,60.0,10.0
2145.731149627774,110.0,0.0,8.0,6.0,14.0,1.5,1.0,60.0,10.0
2145.731695082319,110.0,0.0,8.0,6.0,14.0,1.5,1.0,60.0,10.0
2146.1316950823193,110.0,0.0,8.0,6.0,14.0,1.5,1.0,60.0,10.0
2146.1322405368646,110.0,0.0,8.0,6.0,14.0,1.5,1.0,60.0,10.0
2146.5322405368647,110.0,0.0,8.0,6.0,14.0,1.5,1.0,60.0,10.0
2146.53278599141,110.0,0.0,8.0,6.0,14.0,1.5,1.0,60.0,10.0
2146.93278599141,110.0,0.0,8.0,6.0,14.0,1.5,1.0,60.0,10.0
2146.9333314459554,110.0,0.0,8.0,6.0,14.0,1.5,1.0,60.0,10.0
2147.3333314459555,110.0,0.0,8.0,6.0,14.0,1.5,1.0,60.0,10.0
2147.333876900501,110.0,0.0,8.0,6.0,14.0,1.5,1.0,60.0,10.0
2147.733876900501,110.0,0.0,8.0,6.0,14.0,1.5,1.0,60.0,10.0
2147.7344223550463,110.0,0.0,8.0,6.0,14.0,1.5,1.0,60.0,10.0
2148.1344223550464,110.0,0.0,8.0,6.0,14.0,1.5,1.0,60.0,10.0
2148.1349678095917,110.0,0.0,8.0,6.0,14.0,1.5,1.0,60.0,10.0
2148.5349678095918,110.0,0.0,8.0,6.0,14.0,1.5,1.0,60.0,10.0
2148.535513264137,110.0,0.0,8.0,6.0,14.0,1.5,1.0,60.0,10.0
2148.935513264137,110.0,0.0,8.0,6.0,14.0,1.5,1.0,60.0,10.0
2148.9360587186825,110.0,0.0,8.0,6.0,14.0,1.5,1.0,60.0,10.0
2149.3360587186826,110.0,0.0,8.0,6.0,14.0,1.5,1.0,60.0,10.0
2149.336604173228,100.0,0.0,8.0,6.0,14.0,1.5,1.0,60.0,10.0
2149.736604173228,100.0,0.0,8.0,6.0,14.0,1.5,1.0,60.0,10.0
2149.737204173228,100.0,0.0,8.0,6.0,14.0,1.5,1.0,60.0,10.0
2150.137204173228,100.0,0.0,8.0,6.0,14.0,1.5,1.0,60.0,10.0
2150.137804173228,100.0,0.0,8.0,6.0,14.0,1.5,1.0,60.0,10.0
2150.537804173228,100.0,0.0,8.0,6.0,14.0,1.5,1.0,60.0,10.0
2150.5384041732277,100.0,0.0,8.0,6.0,14.0,1.5,1.0,60.0,10.0
2150.938404173228,100.0,0.0,8.0,6.0,14.0,1.5,1.0,60.0,10.0
2150.9390041732277,100.0,0.0,8.0,6.0,14.0,1.5,1.0,60.0,10.0
2151.3390041732277,100.0,0.0,8.0,6.0,14.0,1.5,1.0,60.0,10.0
2151.3396041732276,100.0,0.0,8.0,6.0,14.0,1.5,1.0,60.0,10.0
2151.7396041732277,100.0,0.0,8.0,6.0,14.0,1.5,1.0,60.0,10.0
2151.7402041732275,100.0,0.0,8.0,6.0,14.0,1.5,1.0,60.0,10.0
2152.1402041732276,100.0,0.0,8.0,6.0,14.0,1.5,1.0,60.0,10.0
2152.1408041732275,100.0,0.0,8.0,6.0,14.0,1.5,1.0,60.0,10.0
2152.5408041732276,100.0,0.0,8.0,6.0,14.0,1.5,1.0,60.0,10.0
2152.5414041732274,100.0,0.0,8.0,6.0,14.0,1.5,1.0,60.0,10.0
2152.9414041732275,100.0,0.0,8.0,6.0,14.0,1.5,1.0,60.0,10.0
2152.9420041732274,100.0,0.0,8.0,6.0,14.0,1.5,1.0,60.0,10.0
2153.3420041732275,100.0,0.0,8.0,6.0,14.0,1.5,1.0,60.0,10.0
2153.3426041732273,100.0,0.0,8.0,6.0,14.0,1.5,1.0,60.0,10.0
2153.7426041732274,100.0,0.0,8.0,6.0,14.0,1.5,1.0,60.0,10.0
2153.7432041732272,100.0,0.0,8.0,6.0,14.0,1.5,1.0,60.0,10.0
2154.1432041732273,100.0,0.0,8.0,6.0,14.0,1.5,1.0,60.0,10.0
2154.143804173227,100.0,0.0,8.0,6.0,14.0,1.5,1.0,60.0,10.0
2154.5438041732273,100.0,0.0,8.0,6.0,14.0,1.5,1.0,60.0,10.0
2154.544404173227,100.0,0.0,8.0,6.0,14.0,1.5,1.0,60.0,10.0
2154.944404173227,100.0,0.0,8.0,6.0,14.0,1.5,1.0,60.0,10.0
2154.945004173227,100.0,0.0,8.0,6.0,14.0,1.5,1.0,60.0,10.0
2155.345004173227,100.0,0.0,8.0,6.0,14.0,1.5,1.0,60.0,10.0
2155.345604173227,100.0,0.0,8.0,6.0,14.0,1.5,1.0,60.0,10.0
2155.745604173227,100.0,0.0,8.0,6.0,14.0,1.5,1.0,60.0,10.0
2155.746204173227,100.0,0.0,8.0,6.0,14.0,1.5,1.0,60.0,10.0
2156.146204173227,100.0,0.0,8.0,6.0,14.0,1.5,1.0,60.0,10.0
2156.146804173227,100.0,0.0,8.0,6.0,14.0,1.5,1.0,60.0,10.0
2156.546804173227,100.0,0.0,8.0,6.0,14.0,1.5,1.0,60.0,10.0
2156.547404173227,100.0,0.0,8.0,6.0,14.0,1.5,1.0,60.0,10.0
2156.947404173227,100.0,0.0,8.0,6.0,14.0,1.5,1.0,60.0,10.0
2156.9480041732268,100.0,0.0,8.0,6.0,14.0,1.5,1.0,60.0,10.0
2157.348004173227,100.0,0.0,8.0,6.0,14.0,1.5,1.0,60.0,10.0
2157.3486041732267,100.0,0.0,8.0,6.0,14.0,1.5,1.0,60.0,10.0
2157.748604173227,100.0,0.0,8.0,6.0,14.0,1.5,1.0,60.0,10.0
2157.7492041732266,100.0,0.0,8.0,6.0,14.0,1.5,1.0,60.0,10.0
2158.1492041732267,100.0,0.0,8.0,6.0,14.0,1.5,1.0,60.0,10.0
2158.1498041732266,100.0,0.0,8.0,6.0,14.0,1.5,1.0,60.0,10.0
2158.5498041732267,100.0,0.0,8.0,6.0,14.0,1.5,1.0,60.0,10.0
2158.5504041732265,100.0,0.0,8.0,6.0,14.0,1.5,1.0,60.0,10.0
2158.9504041732266,100.0,0.0,8.0,6.0,14.0,1.5,1.0,60.0,10.0
2158.9510041732265,100.0,0.0,8.0,6.0,14.0,1.5,1.0,60.0,10.0
2159.3510041732266,100.0,0.0,8.0,6.0,14.0,1.5,1.0,60.0,10.0
2159.3516041732264,90.0,0.0,8.0,6.0,14.0,1.5,1.0,60.0,10.0
2159.7516041732265,90.0,0.0,8.0,6.0,14.0,1.5,1.0,60.0,10.0
2159.7522708398933,90.0,0.0,8.0,6.0,14.0,1.5,1.0,60.0,10.0
2160.1522708398934,90.0,0.0,8.0,6.0,14.0,1.5,1.0,60.0,10.0
2160.15293750656,90.0,0.0,8.0,6.0,14.0,1.5,1.0,60.0,10.0
2160.5529375065603,90.0,0.0,8.0,6.0,14.0,1.5,1.0,60.0,10.0
2160.553604173227,90.0,0.0,8.0,6.0,14.0,1.5,1.0,60.0,10.0
2160.953604173227,90.0,0.0,8.0,6.0,14.0,1.5,1.0,60.0,10.0
2160.954270839894,90.0,0.0,8.0,6.0,14.0,1.5,1.0,60.0,10.0
2161.354270839894,90.0,0.0,8.0,6.0,14.0,1.5,1.0,60.0,10.0
2161.354937506561,90.0,0.0,8.0,6.0,14.0,1.5,1.0,60.0,10.0
2161.754937506561,90.0,0.0,8.0,6.0,14.0,1.5,1.0,60.0,10.0
2161.7556041732278,90.0,0.0,8.0,6.0,14.0,1.5,1.0,60.0,10.0
2162.155604173228,90.0,0.0,8.0,6.0,14.0,1.5,1.0,60.0,10.0
2162.1562708398947,90.0,0.0,8.0,6.0,14.0,1.5,1.0,60.0,10.0
2162.5562708398948,90.0,0.0,8.0,6.0,14.0,1.5,1.0,60.0,10.0
2162.5569375065616,90.0,0.0,8.0,6.0,14.0,1.5,1.0,60.0,10.0
2162.9569375065616,90.0,0.0,8.0,6.0,14.0,1.5,1.0,60.0,10.0
2162.9576041732284,100.0,0.0,8.0,6.0,14.0,1.5,1.0,60.0,10.0
2163.3576041732285,100.0,0.0,8.0,6.0,14.0,1.5,1.0,60.0,10.0
2163.3582041732284,100.0,0.0,8.0,6.0,14.0,1.5,1.0,60.0,10.0
2163.7582041732285,100.0,0.0,8.0,6.0,14.0,1.5,1.0,60.0,10.0
2163.7588041732283,100.0,0.0,8.0,6.0,14.0,1.5,1.0,60.0,10.0
2164.1588041732284,100.0,0.0,8.0,6.0,14.0,1.5,1.0,60.0,10.0
2164.1594041732283,100.0,0.0,8.0,6.0,14.0,1.5,1.0,60.0,10.0
2164.5594041732284,100.0,0.0,8.0,6.0,14.0,1.5,1.0,60.0,10.0
2164.560004173228,100.0,0.0,8.0,6.0,14.0,1.5,1.0,60.0,10.0
2164.9600041732283,100.0,0.0,8.0,6.0,14.0,1.5,1.0,60.0,10.0
2164.960604173228,100.0,0.0,8.0,6.0,14.0,1.5,1.0,60.0,10.0
2165.3606041732282,100.0,0.0,8.0,6.0,14.0,1.5,1.0,60.0,10.0
2165.361204173228,100.0,0.0,8.0,6.0,14.0,1.5,1.0,60.0,10.0
2165.761204173228,100.0,0.0,8.0,6.0,14.0,1.5,1.0,60.0,10.0
2165.761804173228,100.0,0.0,8.0,6.0,14.0,1.5,1.0,60.0,10.0
2166.161804173228,100.0,0.0,8.0,6.0,14.0,1.5,1.0,60.0,10.0
2166.162404173228,100.0,0.0,8.0,6.0,14.0,1.5,1.0,60.0,10.0
2166.562404173228,100.0,0.0,8.0,6.0,14.0,1.5,1.0,60.0,10.0
2166.563004173228,100.0,0.0,8.0,6.0,14.0,1.5,1.0,60.0,10.0
2166.963004173228,100.0,0.0,8.0,6.0,14.0,1.5,1.0,60.0,10.0
2166.963604173228,100.0,0.0,8.0,6.0,14.0,1.5,1.0,60.0,10.0
2167.363604173228,100.0,0.0,8.0,6.0,14.0,1.5,1.0,60.0,10.0
2167.364204173228,100.0,0.0,8.0,6.0,14.0,1.5,1.0,60.0,10.0
2167.764204173228,100.0,0.0,8.0,6.0,14.0,1.5,1.0,60.0,10.0
2167.7648041732277,100.0,0.0,8.0,6.0,14.0,1.5,1.0,60.0,10.0
2168.164804173228,100.0,0.0,8.0,6.0,14.0,1.5,1.0,60.0,10.0
2168.1654041732277,100.0,0.0,8.0,6.0,14.0,1.5,1.0,60.0,10.0
2168.5654041732278,100.0,0.0,8.0,6.0,14.0,1.5,1.0,60.0,10.0
2168.5660041732276,100.0,0.0,8.0,6.0,14.0,1.5,1.0,60.0,10.0
2168.9660041732277,100.0,0.0,8.0,6.0,14.0,1.5,1.0,60.0,10.0
2168.9666041732276,100.0,0.0,8.0,6.0,14.0,1.5,1.0,60.0,10.0
2169.3666041732276,100.0,0.0,8.0,6.0,14.0,1.5,1.0,60.0,10.0
2169.3672041732275,100.0,0.0,8.0,6.0,14.0,1.5,1.0,60.0,10.0
2169.7672041732276,100.0,0.0,8.0,6.0,14.0,1.5,1.0,60.0,10.0
2169.7678041732274,100.0,0.0,8.0,6.0,14.0,1.5,1.0,60.0,10.0
2170.1678041732275,100.0,0.0,8.0,6.0,14.0,1.5,1.0,60.0,10.0
2170.1684041732274,100.0,0.0,8.0,6.0,14.0,1.5,1.0,60.0,10.0
2170.5684041732275,100.0,0.0,8.0,6.0,14.0,1.5,1.0,60.0,10.0
2170.5690041732273,100.0,0.0,8.0,6.0,14.0,1.5,1.0,60.0,10.0
2170.9690041732274,100.0,0.0,8.0,6.0,14.0,1.5,1.0,60.0,10.0
2170.9696041732273,100.0,0.0,8.0,6.0,14.0,1.5,1.0,60.0,10.0
2171.3696041732273,100.0,0.0,8.0,6.0,14.0,1.5,1.0,60.0,10.0
2171.370204173227,100.0,0.0,8.0,6.0,14.0,1.5,1.0,60.0,10.0
2171.7702041732273,100.0,0.0,8.0,6.0,14.0,1.5,1.0,60.0,10.0
2171.770804173227,100.0,0.0,8.0,6.0,14.0,1.5,1.0,60.0,10.0
2172.170804173227,100.0,0.0,8.0,6.0,14.0,1.5,1.0,60.0,10.0
2172.171404173227,100.0,0.0,8.0,6.0,14.0,1.5,1.0,60.0,10.0
2172.571404173227,100.0,0.0,8.0,6.0,14.0,1.5,1.0,60.0,10.0
2172.572004173227,100.0,0.0,8.0,6.0,14.0,1.5,1.0,60.0,10.0
2172.972004173227,100.0,0.0,8.0,6.0,14.0,1.5,1.0,60.0,10.0
2172.972604173227,100.0,0.0,8.0,6.0,14.0,1.5,1.0,60.0,10.0
2173.372604173227,100.0,0.0,8.0,6.0,14.0,1.5,1.0,60.0,10.0
2173.373204173227,100.0,0.0,8.0,6.0,14.0,1.5,1.0,60.0,10.0
2173.773204173227,100.0,0.0,8.0,6.0,14.0,1.5,1.0,60.0,10.0
2173.773804173227,100.0,0.0,8.0,6.0,14.0,1.5,1.0,60.0,10.0
2174.173804173227,100.0,0.0,8.0,6.0,14.0,1.5,1.0,60.0,10.0
2174.174404173227,100.0,0.0,8.0,6.0,14.0,1.5,1.0,60.0,10.0
2174.574404173227,100.0,0.0,8.0,6.0,14.0,1.5,1.0,60.0,10.0
2174.5750041732267,100.0,0.0,8.0,6.0,14.0,1.5,1.0,60.0,10.0
2174.975004173227,100.0,0.0,8.0,6.0,14.0,1.5,1.0,60.0,10.0
2174.9756041732267,100.0,0.0,8.0,6.0,14.0,1.5,1.0,60.0,10.0
2175.3756041732267,100.0,0.0,8.0,6.0,14.0,1.5,1.0,60.0,10.0
2175.3762041732266,100.0,0.0,8.0,6.0,14.0,1.5,1.0,60.0,10.0
2175.7762041732267,100.0,0.0,8.0,6.0,14.0,1.5,1.0,60.0,10.0
2175.7768041732265,100.0,0.0,8.0,6.0,14.0,1.5,1.0,60.0,10.0
2176.1768041732266,100.0,0.0,8.0,6.0,14.0,1.5,1.0,60.0,10.0
2176.1774041732265,100.0,0.0,8.0,6.0,14.0,1.5,1.0,60.0,10.0
2176.5774041732266,100.0,0.0,8.0,6.0,14.0,1.5,1.0,60.0,10.0
2176.5780041732264,100.0,0.0,8.0,6.0,14.0,1.5,1.0,60.0,10.0
2176.9780041732265,100.0,0.0,8.0,6.0,14.0,1.5,1.0,60.0,10.0
2176.9786041732264,100.0,0.0,8.0,6.0,14.0,1.5,1.0,60.0,10.0
2177.3786041732264,100.0,0.0,8.0,6.0,14.0,1.5,1.0,60.0,10.0
2177.3792041732263,100.0,0.0,8.0,6.0,14.0,1.5,1.0,60.0,10.0
2177.7792041732264,100.0,0.0,8.0,6.0,14.0,1.5,1.0,60.0,10.0
2177.7798041732262,100.0,0.0,8.0,6.0,14.0,1.5,1.0,60.0,10.0
2178.1798041732263,100.0,0.0,8.0,6.0,14.0,1.5,1.0,60.0,10.0
2178.180404173226,100.0,0.0,8.0,6.0,14.0,1.5,1.0,60.0,10.0
2178.5804041732263,100.0,0.0,8.0,6.0,14.0,1.5,1.0,60.0,10.0
2178.581004173226,100.0,0.0,8.0,6.0,14.0,1.5,1.0,60.0,10.0
2178.981004173226,100.0,0.0,8.0,6.0,14.0,1.5,1.0,60.0,10.0
2178.981604173226,100.0,0.0,8.0,6.0,14.0,1.5,1.0,60.0,10.0
2179.381604173226,100.0,0.0,8.0,6.0,14.0,1.5,1.0,60.0,10.0
2179.382204173226,100.0,0.0,8.0,6.0,14.0,1.5,1.0,60.0,10.0
2179.782204173226,100.0,0.0,8.0,6.0,14.0,1.5,1.0,60.0,10.0
2179.782804173226,90.0,0.0,8.0,6.0,14.0,1.5,1.0,60.0,10.0
2180.182804173226,90.0,0.0,8.0,6.0,14.0,1.5,1.0,60.0,10.0
2180.183470839893,90.0,0.0,8.0,6.0,14.0,1.5,1.0,60.0,10.0
2180.583470839893,90.0,0.0,8.0,6.0,14.0,1.5,1.0,60.0,10.0
2180.5841375065597,90.0,0.0,8.0,6.0,14.0,1.5,1.0,60.0,10.0
2180.98413750656,90.0,0.0,8.0,6.0,14.0,1.5,1.0,60.0,10.0
2180.9848041732266,90.0,0.0,8.0,6.0,14.0,1.5,1.0,60.0,10.0
2181.3848041732267,90.0,0.0,8.0,6.0,14.0,1.5,1.0,60.0,10.0
2181.3854708398935,90.0,0.0,8.0,6.0,14.0,1.5,1.0,60.0,10.0
2181.7854708398936,90.0,0.0,8.0,6.0,14.0,1.5,1.0,60.0,10.0
2181.7861375065604,90.0,0.0,8.0,6.0,14.0,1.5,1.0,60.0,10.0
2182.1861375065605,90.0,0.0,8.0,6.0,14.0,1.5,1.0,60.0,10.0
2182.1868041732273,90.0,0.0,8.0,6.0,14.0,1.5,1.0,60.0,10.0
2182.5868041732274,90.0,0.0,8.0,6.0,14.0,1.5,1.0,60.0,10.0
2182.587470839894,90.0,0.0,8.0,6.0,14.0,1.5,1.0,60.0,10.0
2182.9874708398943,90.0,0.0,8.0,6.0,14.0,1.5,1.0,60.0,10.0
2182.988137506561,90.0,0.0,8.0,6.0,14.0,1.5,1.0,60.0,10.0
2183.388137506561,90.0,0.0,8.0,6.0,14.0,1.5,1.0,60.0,10.0
2183.388804173228,90.0,0.0,8.0,6.0,14.0,1.5,1.0,60.0,10.0
2183.788804173228,90.0,0.0,8.0,6.0,14.0,1.5,1.0,60.0,10.0
2183.789470839895,90.0,0.0,8.0,6.0,14.0,1.5,1.0,60.0,10.0
2184.189470839895,90.0,0.0,8.0,6.0,14.0,1.5,1.0,60.0,10.0
2184.1901375065618,90.0,0.0,8.0,6.0,14.0,1.5,1.0,60.0,10.0
2184.590137506562,90.0,0.0,8.0,6.0,14.0,1.5,1.0,60.0,10.0
2184.5908041732287,90.0,0.0,8.0,6.0,14.0,1.5,1.0,60.0,10.0
2184.9908041732288,90.0,0.0,8.0,6.0,14.0,1.5,1.0,60.0,10.0
2184.9914708398956,90.0,0.0,8.0,6.0,14.0,1.5,1.0,60.0,10.0
2185.3914708398956,90.0,0.0,8.0,6.0,14.0,1.5,1.0,60.0,10.0
2185.3921375065624,90.0,0.0,8.0,6.0,14.0,1.5,1.0,60.0,10.0
2185.7921375065625,90.0,0.0,8.0,6.0,14.0,1.5,1.0,60.0,10.0
2185.7928041732293,90.0,0.0,8.0,6.0,14.0,1.5,1.0,60.0,10.0
2186.1928041732294,90.0,0.0,8.0,6.0,14.0,1.5,1.0,60.0,10.0
2186.1934708398962,90.0,0.0,8.0,6.0,14.0,1.5,1.0,60.0,10.0
2186.5934708398963,90.0,0.0,8.0,6.0,14.0,1.5,1.0,60.0,10.0
2186.594137506563,90.0,0.0,8.0,6.0,14.0,1.5,1.0,60.0,10.0
2186.994137506563,90.0,0.0,8.0,6.0,14.0,1.5,1.0,60.0,10.0
2186.99480417323,90.0,0.0,8.0,6.0,14.0,1.5,1.0,60.0,10.0
2187.39480417323,90.0,0.0,8.0,6.0,14.0,1.5,1.0,60.0,10.0
2187.395470839897,90.0,0.0,8.0,6.0,14.0,1.5,1.0,60.0,10.0
2187.795470839897,90.0,0.0,8.0,6.0,14.0,1.5,1.0,60.0,10.0
2187.796137506564,90.0,0.0,8.0,6.0,14.0,1.5,1.0,60.0,10.0
2188.196137506564,90.0,0.0,8.0,6.0,14.0,1.5,1.0,60.0,10.0
2188.1968041732307,90.0,0.0,8.0,6.0,14.0,1.5,1.0,60.0,10.0
2188.596804173231,90.0,0.0,8.0,6.0,14.0,1.5,1.0,60.0,10.0
2188.5974708398976,90.0,0.0,8.0,6.0,14.0,1.5,1.0,60.0,10.0
2188.9974708398977,90.0,0.0,8.0,6.0,14.0,1.5,1.0,60.0,10.0
2188.9981375065645,90.0,0.0,8.0,6.0,14.0,1.5,1.0,60.0,10.0
2189.3981375065646,90.0,0.0,8.0,6.0,14.0,1.5,1.0,60.0,10.0
2189.3988041732314,90.0,0.0,8.0,6.0,14.0,1.5,1.0,60.0,10.0
2189.7988041732315,90.0,0.0,8.0,6.0,14.0,1.5,1.0,60.0,10.0
2189.7994708398983,90.0,0.0,8.0,6.0,14.0,1.5,1.0,60.0,10.0
2190.1994708398984,90.0,0.0,8.0,6.0,14.0,1.5,1.0,60.0,10.0
2190.200137506565,90.0,0.0,8.0,6.0,14.0,1.5,1.0,60.0,10.0
2190.6001375065653,90.0,0.0,8.0,6.0,14.0,1.5,1.0,60.0,10.0
2190.600804173232,90.0,0.0,8.0,6.0,14.0,1.5,1.0,60.0,10.0
2191.000804173232,90.0,0.0,8.0,6.0,14.0,1.5,1.0,60.0,10.0
2191.001470839899,90.0,0.0,8.0,6.0,14.0,1.5,1.0,60.0,10.0
2191.401470839899,90.0,0.0,8.0,6.0,14.0,1.5,1.0,60.0,10.0
2191.402137506566,90.0,0.0,8.0,6.0,14.0,1.5,1.0,60.0,10.0
2191.802137506566,90.0,0.0,8.0,6.0,14.0,1.5,1.0,60.0,10.0
2191.8028041732327,90.0,0.0,8.0,6.0,14.0,1.5,1.0,60.0,10.0
2192.202804173233,90.0,0.0,8.0,6.0,14.0,1.5,1.0,60.0,10.0
2192.2034708398996,90.0,0.0,8.0,6.0,14.0,1.5,1.0,60.0,10.0
2192.6034708398997,90.0,0.0,8.0,6.0,14.0,1.5,1.0,60.0,10.0
2192.6041375065665,90.0,0.0,8.0,6.0,14.0,1.5,1.0,60.0,10.0
2193.0041375065666,90.0,0.0,8.0,6.0,14.0,1.5,1.0,60.0,10.0
2193.0048041732334,90.0,0.0,8.0,6.0,14.0,1.5,1.0,60.0,10.0
2193.4048041732335,90.0,0.0,8.0,6.0,14.0,1.5,1.0,60.0,10.0
2193.4054708399003,90.0,0.0,8.0,6.0,14.0,1.5,1.0,60.0,10.0
2193.8054708399004,90.0,0.0,8.0,6.0,14.0,1.5,1.0,60.0,10.0
2193.806137506567,90.0,0.0,8.0,6.0,14.0,1.5,1.0,60.0,10.0
2194.2061375065673,90.0,0.0,8.0,6.0,14.0,1.5,1.0,60.0,10.0
2194.206804173234,90.0,0.0,8.0,6.0,14.0,1.5,1.0,60.0,10.0
2194.606804173234,90.0,0.0,8.0,6.0,14.0,1.5,1.0,60.0,10.0
2194.607470839901,90.0,0.0,8.0,6.0,14.0,1.5,1.0,60.0,10.0
2195.007470839901,90.0,0.0,8.0,6.0,14.0,1.5,1.0,60.0,10.0
2195.008137506568,90.0,0.0,8.0,6.0,14.0,1.5,1.0,60.0,10.0
2195.408137506568,90.0,0.0,8.0,6.0,14.0,1.5,1.0,60.0,10.0
2195.408804173235,90.0,0.0,8.0,6.0,14.0,1.5,1.0,60.0,10.0
2195.808804173235,90.0,0.0,8.0,6.0,14.0,1.5,1.0,60.0,10.0
2195.8094708399017,90.0,0.0,8.0,6.0,14.0,1.5,1.0,60.0,10.0
2196.2094708399018,90.0,0.0,8.0,6.0,14.0,1.5,1.0,60.0,10.0
2196.2101375065686,90.0,0.0,8.0,6.0,14.0,1.5,1.0,60.0,10.0
2196.6101375065687,90.0,0.0,8.0,6.0,14.0,1.5,1.0,60.0,10.0
2196.6108041732355,90.0,0.0,8.0,6.0,14.0,1.5,1.0,60.0,10.0
2197.0108041732356,90.0,0.0,8.0,6.0,14.0,1.5,1.0,60.0,10.0
2197.0114708399024,90.0,0.0,8.0,6.0,14.0,1.5,1.0,60.0,10.0
2197.4114708399024,90.0,0.0,8.0,6.0,14.0,1.5,1.0,60.0,10.0
2197.4121375065693,90.0,0.0,8.0,6.0,14.0,1.5,1.0,60.0,10.0
2197.8121375065693,90.0,0.0,8.0,6.0,14.0,1.5,1.0,60.0,10.0
2197.812804173236,90.0,0.0,8.0,6.0,14.0,1.5,1.0,60.0,10.0
2198.2128041732362,90.0,0.0,8.0,6.0,14.0,1.5,1.0,60.0,10.0
2198.213470839903,90.0,0.0,8.0,6.0,14.0,1.5,1.0,60.0,10.0
2198.613470839903,90.0,0.0,8.0,6.0,14.0,1.5,1.0,60.0,10.0
2198.61413750657,90.0,0.0,8.0,6.0,14.0,1.5,1.0,60.0,10.0
2199.01413750657,90.0,0.0,8.0,6.0,14.0,1.5,1.0,60.0,10.0
2199.014804173237,90.0,0.0,8.0,6.0,14.0,1.5,1.0,60.0,10.0
2199.414804173237,90.0,0.0,8.0,6.0,14.0,1.5,1.0,60.0,10.0
2199.4154708399037,90.0,0.0,8.0,6.0,14.0,1.5,1.0,60.0,10.0
2199.815470839904,90.0,0.0,8.0,6.0,14.0,1.5,1.0,60.0,10.0
2199.8161375065706,90.0,0.0,8.0,6.0,14.0,1.5,1.0,60.0,10.0
2200.2161375065707,90.0,0.0,8.0,6.0,14.0,1.5,1.0,60.0,10.0
2200.2168041732375,90.0,0.0,8.0,6.0,14.0,1.5,1.0,60.0,10.0
2200.6168041732376,90.0,0.0,8.0,6.0,14.0,1.5,1.0,60.0,10.0
2200.6174708399044,90.0,0.0,8.0,6.0,14.0,1.5,1.0,60.0,10.0
2201.0174708399045,90.0,0.0,8.0,6.0,14.0,1.5,1.0,60.0,10.0
2201.0181375065713,90.0,0.0,8.0,6.0,14.0,1.5,1.0,60.0,10.0
2201.4181375065714,90.0,0.0,8.0,6.0,14.0,1.5,1.0,60.0,10.0
2201.418804173238,90.0,0.0,8.0,6.0,14.0,1.5,1.0,60.0,10.0
2201.8188041732383,90.0,0.0,8.0,6.0,14.0,1.5,1.0,60.0,10.0
2201.819470839905,90.0,0.0,8.0,6.0,14.0,1.5,1.0,60.0,10.0
2202.219470839905,90.0,0.0,8.0,6.0,14.0,1.5,1.0,60.0,10.0
2202.220137506572,90.0,0.0,8.0,6.0,14.0,1.5,1.0,60.0,10.0
2202.620137506572,90.0,0.0,8.0,6.0,14.0,1.5,1.0,60.0,10.0
2202.620804173239,90.0,0.0,8.0,6.0,14.0,1.5,1.0,60.0,10.0
2203.020804173239,90.0,0.0,8.0,6.0,14.0,1.5,1.0,60.0,10.0
2203.0214708399058,80.0,0.0,8.0,6.0,14.0,1.5,1.0,60.0,10.0
2203.421470839906,80.0,0.0,8.0,6.0,14.0,1.5,1.0,60.0,10.0
2203.422220839906,80.0,0.0,8.0,6.0,14.0,1.5,1.0,60.0,10.0
2203.822220839906,80.0,0.0,8.0,6.0,14.0,1.5,1.0,60.0,10.0
2203.8229708399062,80.0,0.0,8.0,6.0,14.0,1.5,1.0,60.0,10.0
2204.2229708399063,80.0,0.0,8.0,6.0,14.0,1.5,1.0,60.0,10.0
2204.2237208399065,80.0,0.0,8.0,6.0,14.0,1.5,1.0,60.0,10.0
2204.6237208399066,80.0,0.0,8.0,6.0,14.0,1.5,1.0,60.0,10.0
2204.6244708399067,80.0,0.0,8.0,6.0,14.0,1.5,1.0,60.0,10.0
2205.024470839907,80.0,0.0,8.0,6.0,14.0,1.5,1.0,60.0,10.0
2205.025220839907,80.0,0.0,8.0,6.0,14.0,1.5,1.0,60.0,10.0
2205.425220839907,80.0,0.0,8.0,6.0,14.0,1.5,1.0,60.0,10.0
2205.425970839907,80.0,0.0,8.0,6.0,14.0,1.5,1.0,60.0,10.0
2205.8259708399073,80.0,0.0,8.0,6.0,14.0,1.5,1.0,60.0,10.0
2205.8267208399075,80.0,0.0,8.0,6.0,14.0,1.5,1.0,60.0,10.0
2206.2267208399076,80.0,0.0,8.0,6.0,14.0,1.5,1.0,60.0,10.0
2206.2274708399077,80.0,0.0,8.0,6.0,14.0,1.5,1.0,60.0,10.0
2206.627470839908,80.0,0.0,8.0,6.0,14.0,1.5,1.0,60.0,10.0
2206.628220839908,80.0,0.0,8.0,6.0,14.0,1.5,1.0,60.0,10.0
2207.028220839908,80.0,0.0,8.0,6.0,14.0,1.5,1.0,60.0,10.0
2207.028970839908,80.0,0.0,8.0,6.0,14.0,1.5,1.0,60.0,10.0
2207.4289708399083,80.0,0.0,8.0,6.0,14.0,1.5,1.0,60.0,10.0
2207.4297208399084,80.0,0.0,8.0,6.0,14.0,1.5,1.0,60.0,10.0
2207.8297208399085,80.0,0.0,8.0,6.0,14.0,1.5,1.0,60.0,10.0
2207.8304708399087,80.0,0.0,8.0,6.0,14.0,1.5,1.0,60.0,10.0
2208.230470839909,80.0,0.0,8.0,6.0,14.0,1.5,1.0,60.0,10.0
2208.231220839909,70.0,0.0,8.0,6.0,14.0,1.5,1.0,60.0,10.0
2208.631220839909,70.0,0.0,8.0,6.0,14.0,1.5,1.0,60.0,10.0
2208.632077982766,70.0,0.0,8.0,6.0,14.0,1.5,1.0,60.0,10.0
2209.032077982766,70.0,0.0,8.0,6.0,14.0,1.5,1.0,60.0,10.0
2209.032935125623,70.0,0.0,8.0,6.0,14.0,1.5,1.0,60.0,10.0
2209.4329351256233,70.0,0.0,8.0,6.0,14.0,1.5,1.0,60.0,10.0
2209.4337922684804,70.0,0.0,8.0,6.0,14.0,1.5,1.0,60.0,10.0
2209.8337922684805,70.0,0.0,8.0,6.0,14.0,1.5,1.0,60.0,10.0
2209.8346494113375,70.0,0.0,9.0,6.0,14.0,1.5,1.0,60.0,10.0
2210.2346494113376,70.0,0.0,9.0,6.0,14.0,1.5,1.0,60.0,10.0
2210.2355065541947,70.0,0.0,9.0,6.0,14.0,1.5,1.0,60.0,10.0
2210.6355065541948,70.0,0.0,9.0,6.0,14.0,1.5,1.0,60.0,10.0
2210.636363697052,70.0,0.0,9.0,6.0,14.0,1.5,1.0,60.0,10.0
2211.036363697052,70.0,0.0,9.0,6.0,14.0,1.5,1.0,60.0,10.0
2211.037220839909,70.0,0.0,9.0,6.0,14.0,1.5,1.0,60.0,10.0
2211.437220839909,70.0,0.0,9.0,6.0,14.0,1.5,1.0,60.0,10.0
2211.438077982766,70.0,0.0,9.0,6.0,14.0,1.5,1.0,60.0,10.0
2211.838077982766,70.0,0.0,9.0,6.0,14.0,1.5,1.0,60.0,10.0
2211.8389351256233,70.0,0.0,9.0,6.0,14.0,1.5,1.0,60.0,10.0
2212.2389351256234,70.0,0.0,9.0,6.0,14.0,1.5,1.0,60.0,10.0
2212.2397922684804,70.0,0.0,9.0,6.0,14.0,1.5,1.0,60.0,10.0
2212.6397922684805,70.0,0.0,9.0,6.0,14.0,1.5,1.0,60.0,10.0
2212.6406494113376,70.0,0.0,9.0,6.0,14.0,1.5,1.0,60.0,10.0
2213.0406494113377,70.0,0.0,9.0,6.0,14.0,1.5,1.0,60.0,10.0
2213.0415065541947,70.0,0.0,9.0,6.0,14.0,1.5,1.0,60.0,10.0
2213.441506554195,70.0,0.0,9.0,6.0,14.0,1.5,1.0,60.0,10.0
2213.442363697052,70.0,0.0,9.0,6.0,14.0,1.5,1.0,60.0,10.0
2213.842363697052,70.0,0.0,9.0,6.0,14.0,1.5,1.0,60.0,10.0
2213.843220839909,70.0,0.0,9.0,6.0,14.0,1.5,1.0,60.0,10.0
2214.243220839909,70.0,0.0,9.0,6.0,14.0,1.5,1.0,60.0,10.0
2214.244077982766,60.0,0.0,9.0,6.0,14.0,1.5,1.0,60.0,10.0
2214.6440779827662,60.0,0.0,9.0,6.0,14.0,1.5,1.0,60.0,10.0
2214.6450779827665,60.0,0.0,9.0,6.0,14.0,1.5,1.0,60.0,10.0
2215.0450779827665,60.0,0.0,9.0,6.0,14.0,1.5,1.0,60.0,10.0
2215.0460779827667,60.0,0.0,9.0,6.0,14.0,1.5,1.0,60.0,10.0
2215.446077982767,60.0,0.0,9.0,6.0,14.0,1.5,1.0,60.0,10.0
2215.447077982767,60.0,0.0,9.0,6.0,14.0,1.5,1.0,60.0,10.0
2215.847077982767,60.0,0.0,9.0,6.0,14.0,1.5,1.0,60.0,10.0
2215.8480779827673,60.0,0.0,9.0,6.0,14.0,1.5,1.0,60.0,10.0
2216.2480779827674,60.0,0.0,9.0,6.0,14.0,1.5,1.0,60.0,10.0
2216.2490779827676,60.0,0.0,9.0,6.0,14.0,1.5,1.0,60.0,10.0
2216.6490779827677,60.0,0.0,9.0,6.0,14.0,1.5,1.0,60.0,10.0
2216.650077982768,60.0,0.0,9.0,6.0,14.0,1.5,1.0,60.0,10.0
2217.050077982768,60.0,0.0,9.0,6.0,14.0,1.5,1.0,60.0,10.0
2217.051077982768,60.0,0.0,9.0,6.0,14.0,1.5,1.0,60.0,10.0
2217.4510779827683,60.0,0.0,9.0,6.0,14.0,1.5,1.0,60.0,10.0
2217.4520779827685,60.0,0.0,9.0,6.0,14.0,1.5,1.0,60.0,10.0
2217.8520779827686,60.0,0.0,9.0,6.0,14.0,1.5,1.0,60.0,10.0
2217.853077982769,60.0,0.0,9.0,6.0,14.0,1.5,1.0,60.0,10.0
2218.253077982769,60.0,0.0,9.0,6.0,14.0,1.5,1.0,60.0,10.0
2218.254077982769,60.0,0.0,9.0,6.0,14.0,1.5,1.0,60.0,10.0
2218.654077982769,60.0,0.0,9.0,6.0,14.0,1.5,1.0,60.0,10.0
2218.6550779827694,60.0,0.0,9.0,6.0,14.0,1.5,1.0,60.0,10.0
2219.0550779827695,60.0,0.0,9.0,6.0,14.0,1.5,1.0,60.0,10.0
2219.0560779827697,60.0,0.0,9.0,6.0,14.0,1.5,1.0,60.0,10.0
2219.45607798277,60.0,0.0,9.0,6.0,14.0,1.5,1.0,60.0,10.0
2219.45707798277,60.0,0.0,9.0,6.0,14.0,1.5,1.0,60.0,10.0
2219.85707798277,60.0,0.0,9.0,6.0,14.0,1.5,1.0,60.0,10.0
2219.8580779827703,60.0,0.0,9.0,6.0,14.0,1.5,1.0,60.0,10.0
2220.2580779827704,60.0,0.0,9.0,6.0,14.0,1.5,1.0,60.0,10.0
2220.2590779827706,60.0,0.0,9.0,6.0,14.0,1.5,1.0,60.0,10.0
2220.6590779827707,60.0,0.0,9.0,6.0,14.0,1.5,1.0,60.0,10.0
2220.660077982771,60.0,0.0,9.0,6.0,14.0,1.5,1.0,60.0,10.0
2221.060077982771,60.0,0.0,9.0,6.0,14.0,1.5,1.0,60.0,10.0
2221.061077982771,60.0,0.0,9.0,6.0,14.0,1.5,1.0,60.0,10.0
2221.4610779827713,60.0,0.0,9.0,6.0,14.0,1.5,1.0,60.0,10.0
2221.4620779827715,60.0,0.0,9.0,6.0,14.0,1.5,1.0,60.0,10.0
2221.8620779827716,60.0,0.0,9.0,6.0,14.0,1.5,1.0,60.0,10.0
2221.8630779827718,60.0,0.0,9.0,6.0,14.0,1.5,1.0,60.0,10.0
2222.263077982772,60.0,0.0,9.0,6.0,14.0,1.5,1.0,60.0,10.0
2222.264077982772,60.0,0.0,9.0,6.0,14.0,1.5,1.0,60.0,10.0
2222.664077982772,60.0,0.0,9.0,6.0,14.0,1.5,1.0,60.0,10.0
2222.6650779827723,60.0,0.0,9.0,6.0,14.0,1.5,1.0,60.0,10.0
2223.0650779827724,60.0,0.0,9.0,6.0,14.0,1.5,1.0,60.0,10.0
2223.0660779827726,60.0,0.0,9.0,6.0,14.0,1.5,1.0,60.0,10.0
2223.4660779827727,60.0,0.0,9.0,6.0,14.0,1.5,1.0,60.0,10.0
2223.467077982773,60.0,0.0,9.0,6.0,14.0,1.5,1.0,60.0,10.0
2223.867077982773,60.0,0.0,9.0,6.0,14.0,1.5,1.0,60.0,10.0
2223.8680779827732,60.0,0.0,9.0,6.0,14.0,1.5,1.0,60.0,10.0
2224.2680779827733,60.0,0.0,9.0,6.0,14.0,1.5,1.0,60.0,10.0
2224.2690779827735,60.0,0.0,9.0,6.0,14.0,1.5,1.0,60.0,10.0
2224.6690779827736,60.0,0.0,9.0,6.0,14.0,1.5,1.0,60.0,10.0
2224.670077982774,60.0,0.0,9.0,6.0,14.0,1.5,1.0,60.0,10.0
2225.070077982774,60.0,0.0,9.0,6.0,14.0,1.5,1.0,60.0,10.0
2225.071077982774,60.0,0.0,9.0,6.0,14.0,1.5,1.0,60.0,10.0
2225.471077982774,60.0,0.0,9.0,6.0,14.0,1.5,1.0,60.0,10.0
2225.4720779827744,60.0,0.0,9.0,6.0,14.0,1.5,1.0,60.0,10.0
2225.8720779827745,60.0,0.0,9.0,6.0,14.0,1.5,1.0,60.0,10.0
2225.8730779827747,60.0,0.0,9.0,6.0,14.0,1.5,1.0,60.0,10.0
2226.273077982775,60.0,0.0,9.0,6.0,14.0,1.5,1.0,60.0,10.0
2226.274077982775,60.0,0.0,9.0,6.0,14.0,1.5,1.0,60.0,10.0
2226.674077982775,60.0,0.0,9.0,6.0,14.0,1.5,1.0,60.0,10.0
2226.6750779827753,60.0,0.0,9.0,6.0,14.0,1.5,1.0,60.0,10.0
2227.0750779827754,60.0,0.0,9.0,6.0,14.0,1.5,1.0,60.0,10.0
2227.0760779827756,60.0,0.0,9.0,6.0,14.0,1.5,1.0,60.0,10.0
2227.4760779827757,60.0,0.0,9.0,6.0,14.0,1.5,1.0,60.0,10.0
2227.477077982776,60.0,0.0,9.0,6.0,14.0,1.5,1.0,60.0,10.0
2227.877077982776,60.0,0.0,9.0,6.0,14.0,1.5,1.0,60.0,10.0
2227.878077982776,60.0,0.0,9.0,6.0,14.0,1.5,1.0,60.0,10.0
2228.2780779827763,60.0,0.0,9.0,6.0,14.0,1.5,1.0,60.0,10.0
2228.2790779827765,60.0,0.0,9.0,6.0,14.0,1.5,1.0,60.0,10.0
2228.6790779827766,60.0,0.0,9.0,6.0,14.0,1.5,1.0,60.0,10.0
2228.6800779827768,60.0,0.0,9.0,6.0,14.0,1.5,1.0,60.0,10.0
2229.080077982777,60.0,0.0,9.0,6.0,14.0,1.5,1.0,60.0,10.0
2229.081077982777,60.0,0.0,9.0,6.0,14.0,1.5,1.0,60.0,10.0
2229.481077982777,60.0,0.0,9.0,6.0,14.0,1.5,1.0,60.0,10.0
2229.4820779827774,60.0,0.0,9.0,6.0,14.0,1.5,1.0,60.0,10.0
2229.8820779827774,60.0,0.0,9.0,6.0,14.0,1.5,1.0,60.0,10.0
2229.8830779827776,60.0,0.0,9.0,6.0,14.0,1.5,1.0,60.0,10.0
2230.2830779827777,60.0,0.0,9.0,6.0,14.0,1.5,1.0,60.0,10.0
2230.284077982778,60.0,0.0,9.0,6.0,14.0,1.5,1.0,60.0,10.0
2230.684077982778,60.0,0.0,9.0,6.0,14.0,1.5,1.0,60.0,10.0
2230.6850779827782,60.0,0.0,9.0,6.0,14.0,1.5,1.0,60.0,10.0
2231.0850779827783,60.0,0.0,9.0,6.0,14.0,1.5,1.0,60.0,10.0
2231.0860779827785,60.0,0.0,9.0,6.0,14.0,1.5,1.0,60.0,10.0
2231.4860779827786,60.0,0.0,9.0,6.0,14.0,1.5,1.0,60.0,10.0
2231.487077982779,60.0,0.0,9.0,6.0,14.0,1.5,1.0,59.0,10.0
2231.887077982779,60.0,0.0,9.0,6.0,14.0,1.5,1.0,59.0,10.0
2231.888077982779,60.0,0.0,9.0,6.0,14.0,1.5,1.0,59.0,10.0
2232.288077982779,60.0,0.0,9.0,6.0,14.0,1.5,1.0,59.0,10.0
2232.2890779827794,60.0,0.0,9.0,6.0,14.0,1.5,1.0,59.0,10.0
2232.6890779827795,60.0,0.0,9.0,6.0,14.0,1.5,1.0,59.0,10.0
2232.6900779827797,60.0,0.0,9.0,6.0,14.0,1.5,1.0,59.0,10.0
2233.09007798278,60.0,0.0,9.0,6.0,14.0,1.5,1.0,59.0,10.0
2233.09107798278,60.0,0.0,9.0,6.0,14.0,1.5,1.0,59.0,10.0
2233.49107798278,60.0,0.0,9.0,6.0,14.0,1.5,1.0,59.0,10.0
2233.4920779827803,60.0,0.0,9.0,6.0,14.0,1.5,1.0,59.0,10.0
2233.8920779827804,60.0,0.0,9.0,6.0,14.0,1.5,1.0,59.0,10.0
2233.8930779827806,60.0,0.0,9.0,6.0,14.0,1.5,1.0,59.0,10.0
2234.2930779827807,60.0,0.0,9.0,6.0,14.0,1.5,1.0,59.0,10.0
2234.294077982781,60.0,0.0,9.0,6.0,14.0,1.5,1.0,59.0,10.0
2234.694077982781,60.0,0.0,9.0,6.0,14.0,1.5,1.0,59.0,10.0
2234.695077982781,60.0,0.0,9.0,6.0,14.0,1.5,1.0,59.0,10.0
2235.0950779827813,60.0,0.0,9.0,6.0,14.0,1.5,1.0,59.0,10.0
2235.0960779827815,60.0,0.0,9.0,6.0,14.0,1.5,1.0,59.0,10.0
2235.4960779827816,60.0,0.0,9.0,6.0,14.0,1.5,1.0,59.0,10.0
2235.497077982782,60.0,0.0,9.0,6.0,14.0,1.5,1.0,59.0,10.0
2235.897077982782,60.0,0.0,9.0,6.0,14.0,1.5,1.0,59.0,10.0
2235.898077982782,60.0,0.0,9.0,6.0,14.0,1.5,1.0,59.0,10.0
2236.298077982782,60.0,0.0,9.0,6.0,14.0,1.5,1.0,59.0,10.0
2236.2990779827824,60.0,0.0,9.0,6.0,14.0,1.5,1.0,59.0,10.0
2236.6990779827825,60.0,0.0,9.0,6.0,14.0,1.5,1.0,59.0,10.0
2236.7000779827827,60.0,0.0,9.0,6.0,14.0,1.5,1.0,59.0,10.0
2237.1000779827828,60.0,0.0,9.0,6.0,14.0,1.5,1.0,59.0,10.0
2237.101077982783,60.0,0.0,9.0,6.0,14.0,1.5,1.0,59.0,10.0
2237.501077982783,60.0,0.0,9.0,6.0,14.0,1.5,1.0,59.0,10.0
2237.5020779827832,60.0,0.0,9.0,6.0,14.0,1.5,1.0,59.0,10.0
2237.9020779827833,60.0,0.0,9.0,6.0,14.0,1.5,1.0,59.0,10.0
2237.9030779827835,60.0,0.0,9.0,6.0,14.0,1.5,1.0,59.0,10.0
2238.3030779827836,60.0,0.0,9.0,6.0,14.0,1.5,1.0,59.0,10.0
2238.304077982784,60.0,0.0,9.0,6.0,14.0,1.5,1.0,59.0,10.0
2238.704077982784,60.0,0.0,9.0,6.0,14.0,1.5,1.0,59.0,10.0
2238.705077982784,60.0,0.0,9.0,6.0,14.0,1.5,1.0,59.0,10.0
2239.105077982784,60.0,0.0,9.0,6.0,14.0,1.5,1.0,59.0,10.0
2239.1060779827844,60.0,0.0,9.0,6.0,14.0,1.5,1.0,59.0,10.0
2239.5060779827845,60.0,0.0,9.0,6.0,14.0,1.5,1.0,59.0,10.0
2239.5070779827847,60.0,0.0,9.0,6.0,14.0,1.5,1.0,59.0,10.0
2239.907077982785,60.0,0.0,9.0,6.0,14.0,1.5,1.0,59.0,10.0
2239.908077982785,60.0,0.0,9.0,6.0,14.0,1.5,1.0,59.0,10.0
2240.308077982785,60.0,0.0,9.0,6.0,14.0,1.5,1.0,59.0,10.0
2240.3090779827853,60.0,0.0,9.0,6.0,14.0,1.5,1.0,59.0,10.0
2240.7090779827854,60.0,0.0,9.0,6.0,14.0,1.5,1.0,59.0,10.0
2240.7100779827856,60.0,0.0,9.0,6.0,14.0,1.5,1.0,59.0,10.0
2241.1100779827857,60.0,0.0,9.0,6.0,14.0,1.5,1.0,59.0,10.0
2241.111077982786,60.0,0.0,9.0,6.0,14.0,1.5,1.0,59.0,10.0
2241.511077982786,60.0,0.0,9.0,6.0,14.0,1.5,1.0,59.0,10.0
2241.512077982786,60.0,0.0,9.0,6.0,14.0,1.5,1.0,59.0,10.0
2241.9120779827863,60.0,0.0,9.0,6.0,14.0,1.5,1.0,59.0,10.0
2241.9130779827865,60.0,0.0,9.0,6.0,14.0,1.5,1.0,59.0,10.0
2242.3130779827866,60.0,0.0,9.0,6.0,14.0,1.5,1.0,59.0,10.0
2242.314077982787,60.0,0.0,9.0,6.0,14.0,1.5,1.0,59.0,10.0
2242.714077982787,60.0,0.0,9.0,6.0,14.0,1.5,1.0,59.0,10.0
2242.715077982787,50.0,0.0,9.0,6.0,14.0,1.5,1.0,59.0,10.0
2243.115077982787,50.0,0.0,9.0,6.0,14.0,1.5,1.0,59.0,10.0
2243.1160779827874,50.0,0.0,9.0,6.0,14.0,1.5,1.0,59.0,10.0
2243.5160779827875,50.0,0.0,9.0,6.0,14.0,1.5,1.0,59.0,10.0
2243.5170779827877,50.0,0.0,9.0,6.0,14.0,1.5,1.0,59.0,10.0
2243.9170779827878,50.0,0.0,9.0,6.0,14.0,1.5,1.0,59.0,10.0
2243.918077982788,50.0,0.0,9.0,6.0,14.0,1.5,1.0,59.0,10.0
2244.318077982788,50.0,0.0,9.0,6.0,14.0,1.5,1.0,59.0,10.0
2244.3190779827883,50.0,0.0,9.0,6.0,14.0,1.5,1.0,59.0,10.0
2244.7190779827883,50.0,0.0,9.0,6.0,14.0,1.5,1.0,59.0,10.0
2244.7200779827886,50.0,0.0,9.0,6.0,14.0,1.5,1.0,59.0,10.0
2245.1200779827886,50.0,0.0,9.0,6.0,14.0,1.5,1.0,59.0,10.0
2245.121077982789,50.0,0.0,9.0,6.0,14.0,1.5,1.0,59.0,10.0
2245.521077982789,50.0,0.0,9.0,6.0,14.0,1.5,1.0,59.0,10.0
2245.522077982789,50.0,0.0,9.0,6.0,14.0,1.5,1.0,59.0,10.0
2245.9220779827892,50.0,0.0,9.0,6.0,14.0,1.5,1.0,59.0,10.0
2245.9230779827894,50.0,0.0,9.0,6.0,14.0,1.5,1.0,59.0,10.0
2246.3230779827895,50.0,0.0,9.0,6.0,14.0,1.5,1.0,59.0,10.0
2246.3240779827897,50.0,0.0,9.0,6.0,14.0,1.5,1.0,59.0,10.0
2246.72407798279,50.0,0.0,9.0,6.0,14.0,1.5,1.0,59.0,10.0
2246.72507798279,50.0,0.0,9.0,6.0,14.0,1.5,1.0,59.0,10.0
2247.12507798279,50.0,0.0,9.0,6.0,14.0,1.5,1.0,59.0,10.0
2247.1260779827903,50.0,0.0,9.0,6.0,14.0,1.5,1.0,59.0,10.0
2247.5260779827904,50.0,0.0,9.0,6.0,14.0,1.5,1.0,59.0,10.0
2247.5270779827906,50.0,0.0,9.0,6.0,14.0,1.5,1.0,59.0,10.0
2247.9270779827907,50.0,0.0,9.0,6.0,14.0,1.5,1.0,59.0,10.0
2247.928077982791,50.0,0.0,9.0,6.0,14.0,1.5,1.0,59.0,10.0
2248.328077982791,50.0,0.0,9.0,6.0,14.0,1.5,1.0,59.0,10.0
2248.329077982791,50.0,0.0,9.0,6.0,14.0,1.5,1.0,59.0,10.0
2248.7290779827913,50.0,0.0,9.0,6.0,14.0,1.5,1.0,59.0,10.0
2248.7300779827915,50.0,0.0,9.0,6.0,14.0,1.5,1.0,59.0,10.0
2249.1300779827916,50.0,0.0,9.0,6.0,14.0,1.5,1.0,59.0,10.0
2249.131077982792,50.0,0.0,9.0,6.0,14.0,1.5,1.0,59.0,10.0
2249.531077982792,50.0,0.0,9.0,6.0,14.0,1.5,1.0,59.0,10.0
2249.532077982792,40.0,0.0,9.0,6.0,14.0,1.5,1.0,59.0,10.0
2249.932077982792,40.0,0.0,9.0,6.0,14.0,1.5,1.0,59.0,10.0
2249.9330779827924,40.0,0.0,9.0,6.0,14.0,1.5,1.0,59.0,10.0
2250.3330779827925,40.0,0.0,9.0,6.0,14.0,1.5,1.0,59.0,10.0
2250.3340779827927,40.0,0.0,9.0,6.0,14.0,1.5,1.0,59.0,10.0
2250.7340779827928,40.0,0.0,9.0,6.0,14.0,1.5,1.0,59.0,10.0
2250.735077982793,40.0,0.0,9.0,6.0,14.0,1.5,1.0,59.0,10.0
2251.135077982793,40.0,0.0,9.0,6.0,14.0,1.5,1.0,59.0,10.0
2251.1360779827933,40.0,0.0,9.0,6.0,14.0,1.5,1.0,59.0,10.0
2251.5360779827934,40.0,0.0,9.0,6.0,14.0,1.5,1.0,59.0,10.0
2251.5370779827936,40.0,0.0,9.0,6.0,14.0,1.5,1.0,59.0,10.0
2251.9370779827937,40.0,0.0,9.0,6.0,14.0,1.5,1.0,59.0,10.0
2251.938077982794,40.0,0.0,9.0,6.0,14.0,1.5,1.0,59.0,10.0
2252.338077982794,40.0,0.0,9.0,6.0,14.0,1.5,1.0,59.0,10.0
2252.339077982794,40.0,0.0,9.0,6.0,14.0,1.5,1.0,59.0,10.0
2252.7390779827942,40.0,0.0,9.0,6.0,14.0,1.5,1.0,59.0,10.0
2252.7400779827944,40.0,0.0,9.0,6.0,14.0,1.5,1.0,59.0,10.0
2253.1400779827945,40.0,0.0,9.0,6.0,14.0,1.5,1.0,59.0,10.0
2253.1410779827947,40.0,0.0,9.0,6.0,14.0,1.5,1.0,59.0,10.0
2253.541077982795,40.0,0.0,9.0,6.0,14.0,1.5,1.0,59.0,10.0
2253.542077982795,40.0,0.0,9.0,6.0,14.0,1.5,1.0,59.0,10.0
2253.942077982795,40.0,0.0,9.0,6.0,14.0,1.5,1.0,59.0,10.0
2253.9430779827953,40.0,0.0,9.0,6.0,14.0,1.5,1.0,59.0,10.0
2254.3430779827954,40.0,0.0,9.0,6.0,14.0,1.5,1.0,59.0,10.0
2254.3440779827956,40.0,0.0,9.0,6.0,14.0,1.5,1.0,59.0,10.0
2254.7440779827957,40.0,0.0,9.0,6.0,14.0,1.5,1.0,59.0,10.0
2254.745077982796,40.0,0.0,9.0,6.0,14.0,1.5,1.0,59.0,10.0
2255.145077982796,40.0,0.0,9.0,6.0,14.0,1.5,1.0,59.0,10.0
2255.146077982796,40.0,0.0,9.0,6.0,14.0,1.5,1.0,59.0,10.0
2255.5460779827963,40.0,0.0,9.0,6.0,14.0,1.5,1.0,59.0,10.0
2255.5470779827965,30.0,0.0,9.0,6.0,14.0,1.5,1.0,59.0,10.0
2255.9470779827966,30.0,0.0,9.0,6.0,14.0,1.5,1.0,59.0,10.0
2255.948077982797,30.0,0.0,9.0,6.0,14.0,1.5,1.0,59.0,10.0
2256.348077982797,30.0,0.0,9.0,6.0,14.0,1.5,1.0,59.0,10.0
2256.349077982797,30.0,0.0,9.0,6.0,14.0,1.5,1.0,59.0,10.0
2256.749077982797,30.0,0.0,9.0,6.0,14.0,1.5,1.0,59.0,10.0
2256.7500779827974,30.0,0.0,9.0,6.0,14.0,1.5,1.0,59.0,10.0
2257.1500779827975,30.0,0.0,9.0,6.0,14.0,1.5,1.0,59.0,10.0
2257.1510779827977,30.0,0.0,9.0,6.0,14.0,1.5,1.0,59.0,10.0
2257.551077982798,30.0,0.0,9.0,6.0,14.0,1.5,1.0,59.0,10.0
2257.552077982798,30.0,0.0,9.0,6.0,14.0,1.5,1.0,59.0,10.0
2257.952077982798,30.0,0.0,9.0,6.0,14.0,1.5,1.0,59.0,10.0
2257.9530779827983,30.0,0.0,10.0,6.0,14.0,1.5,1.0,59.0,10.0
2258.3530779827984,30.0,0.0,10.0,6.0,14.0,1.5,1.0,59.0,10.0
2258.3540779827986,30.0,0.0,10.0,6.0,14.0,1.5,1.0,59.0,10.0
2258.7540779827987,30.0,0.0,10.0,6.0,14.0,1.5,1.0,59.0,10.0
2258.755077982799,30.0,0.0,10.0,6.0,14.0,1.5,1.0,59.0,10.0
2259.155077982799,30.0,0.0,10.0,6.0,14.0,1.5,1.0,59.0,10.0
2259.156077982799,30.0,0.0,10.0,6.0,14.0,1.5,1.0,59.0,10.0
2259.5560779827993,30.0,0.0,10.0,6.0,14.0,1.5,1.0,59.0,10.0
2259.5570779827995,30.0,0.0,9.0,6.0,14.0,1.5,1.0,59.0,10.0
2259.9570779827995,30.0,0.0,9.0,6.0,14.0,1.5,1.0,59.0,10.0
2259.9580779827998,30.0,0.0,9.0,6.0,14.0,1.5,1.0,59.0,10.0
2260.3580779828,30.0,0.0,9.0,6.0,14.0,1.5,1.0,59.0,10.0
2260.3590779828,30.0,0.0,9.0,6.0,14.0,1.5,1.0,59.0,10.0
2260.7590779828,30.0,0.0,9.0,6.0,14.0,1.5,1.0,59.0,10.0
2260.7600779828003,30.0,0.0,9.0,6.0,14.0,1.5,1.0,59.0,10.0
2261.1600779828004,30.0,0.0,9.0,6.0,14.0,1.5,1.0,59.0,10.0
2261.1610779828006,30.0,0.0,9.0,6.0,14.0,1.5,1.0,59.0,10.0
2261.5610779828007,30.0,0.0,9.0,6.0,14.0,1.5,1.0,59.0,10.0
2261.562077982801,30.0,0.0,9.0,6.0,14.0,1.5,1.0,59.0,10.0
2261.962077982801,30.0,0.0,9.0,6.0,14.0,1.5,1.0,59.0,10.0
2261.963077982801,30.0,0.0,9.0,6.0,14.0,1.5,1.0,59.0,10.0
2262.3630779828013,30.0,0.0,9.0,6.0,14.0,1.5,1.0,59.0,10.0
2262.3640779828015,30.0,0.0,9.0,6.0,14.0,1.5,1.0,59.0,10.0
2262.7640779828016,30.0,0.0,9.0,6.0,14.0,1.5,1.0,59.0,10.0
2262.765077982802,30.0,0.0,9.0,6.0,14.0,1.5,1.0,59.0,10.0
2263.165077982802,30.0,0.0,9.0,6.0,14.0,1.5,1.0,59.0,10.0
2263.166077982802,30.0,0.0,9.0,6.0,14.0,1.5,1.0,59.0,10.0
2263.566077982802,30.0,0.0,9.0,6.0,14.0,1.5,1.0,59.0,10.0
2263.5670779828024,30.0,0.0,9.0,6.0,14.0,1.5,1.0,59.0,10.0
2263.9670779828025,30.0,0.0,9.0,6.0,14.0,1.5,1.0,59.0,10.0
2263.9680779828027,40.0,0.0,9.0,6.0,14.0,1.5,1.0,59.0,10.0
2264.368077982803,40.0,0.0,9.0,6.0,14.0,1.5,1.0,59.0,10.0
2264.369077982803,40.0,0.0,9.0,6.0,14.0,1.5,1.0,59.0,10.0
2264.769077982803,40.0,0.0,9.0,6.0,14.0,1.5,1.0,59.0,10.0
2264.7700779828033,40.0,0.0,9.0,6.0,14.0,1.5,1.0,59.0,10.0
2265.1700779828034,40.0,0.0,9.0,6.0,14.0,1.5,1.0,59.0,10.0
2265.1710779828036,40.0,0.0,9.0,6.0,14.0,1.5,1.0,59.0,10.0
2265.5710779828037,40.0,0.0,9.0,6.0,14.0,1.5,1.0,59.0,10.0
2265.572077982804,40.0,0.0,9.0,6.0,14.0,1.5,1.0,59.0,10.0
2265.972077982804,40.0,0.0,9.0,6.0,14.0,1.5,1.0,59.0,10.0
2265.973077982804,40.0,0.0,9.0,6.0,14.0,1.5,1.0,59.0,10.0
2266.3730779828043,40.0,0.0,9.0,6.0,14.0,1.5,1.0,59.0,10.0
2266.3740779828045,40.0,0.0,9.0,6.0,14.0,1.5,1.0,59.0,10.0
2266.7740779828046,40.0,0.0,9.0,6.0,14.0,1.5,1.0,59.0,10.0
2266.7750779828048,40.0,0.0,9.0,6.0,14.0,1.5,1.0,59.0,10.0
2267.175077982805,40.0,0.0,9.0,6.0,14.0,1.5,1.0,59.0,10.0
2267.176077982805,40.0,0.0,9.0,6.0,14.0,1.5,1.0,59.0,10.0
2267.576077982805,40.0,0.0,9.0,6.0,14.0,1.5,1.0,59.0,10.0
2267.5770779828053,40.0,0.0,9.0,6.0,14.0,1.5,1.0,59.0,10.0
2267.9770779828054,40.0,0.0,9.0,6.0,14.0,1.5,1.0,59.0,10.0
2267.9780779828056,40.0,0.0,9.0,6.0,14.0,1.5,1.0,59.0,10.0
2268.3780779828057,40.0,0.0,9.0,6.0,14.0,1.5,1.0,59.0,10.0
2268.379077982806,40.0,0.0,9.0,6.0,14.0,1.5,1.0,59.0,10.0
2268.779077982806,40.0,0.0,9.0,6.0,14.0,1.5,1.0,59.0,10.0
2268.7800779828062,40.0,0.0,9.0,6.0,14.0,1.5,1.0,59.0,10.0
2269.1800779828063,40.0,0.0,9.0,6.0,14.0,1.5,1.0,59.0,10.0
2269.1810779828065,40.0,0.0,9.0,6.0,14.0,1.5,1.0,59.0,10.0
2269.5810779828066,40.0,0.0,9.0,6.0,14.0,1.5,1.0,59.0,10.0
2269.582077982807,40.0,0.0,9.0,6.0,14.0,1.5,1.0,59.0,10.0
2269.982077982807,40.0,0.0,9.0,6.0,14.0,1.5,1.0,59.0,10.0
2269.983077982807,40.0,0.0,9.0,6.0,14.0,1.5,1.0,59.0,10.0
2270.383077982807,40.0,0.0,9.0,6.0,14.0,1.5,1.0,59.0,10.0
2270.3840779828074,40.0,0.0,9.0,6.0,14.0,1.5,1.0,59.0,10.0
2270.7840779828075,40.0,0.0,9.0,6.0,14.0,1.5,1.0,59.0,10.0
2270.7850779828077,40.0,0.0,9.0,6.0,14.0,1.5,1.0,59.0,10.0
2271.185077982808,40.0,0.0,9.0,6.0,14.0,1.5,1.0,59.0,10.0
2271.186077982808,50.0,0.0,9.0,6.0,14.0,6.5,1.0,59.0,10.0
2271.586077982808,50.0,0.0,9.0,6.0,14.0,6.5,1.0,59.0,10.0
2271.5870779828083,50.0,0.0,9.0,6.0,14.0,6.5,1.0,59.0,10.0
2271.9870779828084,50.0,0.0,9.0,6.0,14.0,6.5,1.0,59.0,10.0
2271.9880779828086,50.0,0.0,9.0,6.0,14.0,6.5,1.0,59.0,10.0
2272.3880779828087,50.0,0.0,9.0,6.0,14.0,6.5,1.0,59.0,10.0
2272.389077982809,50.0,0.0,9.0,6.0,14.0,6.5,1.0,59.0,10.0
2272.789077982809,50.0,0.0,9.0,6.0,14.0,6.5,1.0,59.0,10.0
2272.790077982809,50.0,0.0,9.0,6.0,14.0,6.5,1.0,59.0,10.0
2273.1900779828093,50.0,0.0,9.0,6.0,14.0,6.5,1.0,59.0,10.0
2273.1910779828095,50.0,0.0,9.0,6.0,14.0,6.5,1.0,59.0,10.0
2273.5910779828096,50.0,0.0,9.0,6.0,14.0,6.5,1.0,59.0,10.0
2273.5920779828098,50.0,0.0,9.0,6.0,14.0,6.5,1.0,59.0,10.0
2273.99207798281,50.0,0.0,9.0,6.0,14.0,6.5,1.0,59.0,10.0
2273.99307798281,50.0,0.0,9.0,6.0,14.0,6.5,1.0,59.0,10.0
2274.39307798281,50.0,0.0,9.0,6.0,14.0,6.5,1.0,59.0,10.0
2274.3940779828104,50.0,0.0,9.0,6.0,14.0,6.5,1.0,59.0,10.0
2274.7940779828104,50.0,0.0,9.0,6.0,14.0,6.5,1.0,59.0,10.0
2274.7950779828107,50.0,0.0,9.0,6.0,14.0,6.5,1.0,59.0,10.0
2275.1950779828107,50.0,0.0,9.0,6.0,14.0,6.5,1.0,59.0,10.0
2275.196077982811,50.0,0.0,9.0,6.0,14.0,6.5,1.0,59.0,10.0
2275.596077982811,50.0,0.0,9.0,6.0,14.0,6.5,1.0,59.0,10.0
2275.5970779828112,50.0,0.0,9.0,6.0,14.0,6.5,1.0,59.0,10.0
2275.9970779828113,50.0,0.0,9.0,6.0,14.0,6.5,1.0,59.0,10.0
2275.9980779828115,50.0,0.0,9.0,6.0,14.0,6.5,1.0,59.0,10.0
2276.3980779828116,50.0,0.0,9.0,6.0,14.0,6.5,1.0,59.0,10.0
2276.399077982812,50.0,0.0,9.0,6.0,14.0,6.5,1.0,59.0,10.0
2276.799077982812,50.0,0.0,9.0,6.0,14.0,6.5,1.0,59.0,10.0
2276.800077982812,50.0,0.0,9.0,6.0,14.0,6.5,1.0,59.0,10.0
2277.200077982812,50.0,0.0,9.0,6.0,14.0,6.5,1.0,59.0,10.0
2277.2010779828124,50.0,0.0,9.0,6.0,14.0,6.5,1.0,59.0,10.0
2277.6010779828125,50.0,0.0,9.0,6.0,14.0,6.5,1.0,59.0,10.0
2277.6020779828127,50.0,0.0,9.0,6.0,14.0,6.5,1.0,59.0,10.0
2278.002077982813,50.0,0.0,9.0,6.0,14.0,6.5,1.0,59.0,10.0
2278.003077982813,50.0,0.0,9.0,6.0,14.0,6.5,1.0,59.0,10.0
2278.403077982813,50.0,0.0,9.0,6.0,14.0,6.5,1.0,59.0,10.0
2278.4040779828133,50.0,0.0,9.0,6.0,14.0,6.5,1.0,59.0,10.0
2278.8040779828134,50.0,0.0,9.0,6.0,14.0,6.5,1.0,59.0,10.0
2278.8050779828136,50.0,0.0,9.0,6.0,14.0,6.5,1.0,59.0,10.0
2279.2050779828137,50.0,0.0,9.0,6.0,14.0,6.5,1.0,59.0,10.0
2279.206077982814,50.0,0.0,9.0,6.0,14.0,6.5,1.0,59.0,10.0
2279.606077982814,50.0,0.0,9.0,6.0,14.0,6.5,1.0,59.0,10.0
2279.607077982814,50.0,0.0,9.0,6.0,14.0,6.5,1.0,59.0,10.0
2280.0070779828143,50.0,0.0,9.0,6.0,14.0,6.5,1.0,59.0,10.0
2280.0080779828145,50.0,0.0,9.0,6.0,14.0,6.5,1.0,59.0,10.0
2280.4080779828146,50.0,0.0,9.0,6.0,14.0,6.5,1.0,59.0,10.0
2280.409077982815,50.0,0.0,9.0,6.0,14.0,6.5,1.0,59.0,10.0
2280.809077982815,50.0,0.0,9.0,6.0,14.0,6.5,1.0,59.0,10.0
2280.810077982815,50.0,0.0,9.0,6.0,14.0,6.5,1.0,59.0,10.0
2281.210077982815,50.0,0.0,9.0,6.0,14.0,6.5,1.0,59.0,10.0
2281.2110779828154,50.0,0.0,9.0,6.0,14.0,6.5,1.0,59.0,10.0
2281.6110779828155,50.0,0.0,9.0,6.0,14.0,6.5,1.0,59.0,10.0
2281.6120779828157,50.0,0.0,9.0,6.0,14.0,6.5,1.0,59.0,10.0
2282.0120779828158,50.0,0.0,9.0,6.0,14.0,6.5,1.0,59.0,10.0
2282.013077982816,50.0,0.0,9.0,6.0,14.0,6.5,1.0,59.0,10.0
2282.413077982816,50.0,0.0,9.0,6.0,14.0,6.5,1.0,59.0,10.0
2282.4140779828163,60.0,0.0,9.0,6.0,14.0,6.5,1.0,59.0,10.0
2282.8140779828163,60.0,0.0,9.0,6.0,14.0,6.5,1.0,59.0,10.0
2282.8150779828165,60.0,0.0,9.0,6.0,14.0,6.5,1.0,59.0,10.0
2283.2150779828166,60.0,0.0,9.0,6.0,14.0,6.5,1.0,59.0,10.0
2283.216077982817,60.0,0.0,9.0,6.0,14.0,6.5,1.0,59.0,10.0
2283.616077982817,60.0,0.0,9.0,6.0,14.0,6.5,1.0,59.0,10.0
2283.617077982817,60.0,0.0,9.0,6.0,14.0,6.5,1.0,59.0,10.0
2284.017077982817,60.0,0.0,9.0,6.0,14.0,6.5,1.0,59.0,10.0
2284.0180779828174,60.0,0.0,9.0,6.0,14.0,6.5,1.0,59.0,10.0
2284.4180779828175,60.0,0.0,9.0,6.0,14.0,6.5,1.0,59.0,10.0
2284.4190779828177,60.0,0.0,9.0,6.0,14.0,6.5,1.0,59.0,10.0
2284.819077982818,60.0,0.0,9.0,6.0,14.0,6.5,1.0,59.0,10.0
2284.820077982818,60.0,0.0,9.0,6.0,14.0,6.5,1.0,59.0,10.0
2285.220077982818,60.0,0.0,9.0,6.0,14.0,6.5,1.0,59.0,10.0
2285.2210779828183,70.0,0.0,9.0,6.0,14.0,6.5,1.0,59.0,10.0
2285.6210779828184,70.0,0.0,9.0,6.0,14.0,6.5,1.0,59.0,10.0
2285.6219351256755,70.0,0.0,9.0,6.0,14.0,6.5,1.0,59.0,10.0
2286.0219351256756,70.0,0.0,9.0,6.0,14.0,6.5,1.0,59.0,10.0
2286.0227922685326,70.0,0.0,9.0,6.0,14.0,6.5,1.0,59.0,10.0
2286.4227922685327,70.0,0.0,9.0,6.0,14.0,6.5,1.0,59.0,10.0
2286.4236494113898,70.0,0.0,9.0,6.0,14.0,6.5,1.0,59.0,10.0
2286.82364941139,70.0,0.0,9.0,6.0,14.0,6.5,1.0,59.0,10.0
2286.824506554247,70.0,0.0,9.0,6.0,14.0,6.5,1.0,59.0,10.0
2287.224506554247,70.0,0.0,9.0,6.0,14.0,6.5,1.0,59.0,10.0
2287.225363697104,70.0,0.0,9.0,6.0,14.0,6.5,1.0,59.0,10.0
2287.625363697104,70.0,0.0,9.0,6.0,14.0,6.5,1.0,59.0,10.0
2287.626220839961,70.0,0.0,9.0,6.0,14.0,6.5,1.0,59.0,10.0
2288.0262208399613,70.0,0.0,9.0,6.0,14.0,6.5,1.0,59.0,10.0
2288.0270779828184,70.0,0.0,9.0,6.0,14.0,6.5,1.0,59.0,10.0
2288.4270779828184,70.0,0.0,9.0,6.0,14.0,6.5,1.0,59.0,10.0
2288.4279351256755,70.0,0.0,9.0,6.0,14.0,6.5,1.0,59.0,10.0
2288.8279351256756,70.0,0.0,9.0,6.0,14.0,6.5,1.0,59.0,10.0
2288.8287922685327,70.0,0.0,9.0,6.0,14.0,6.5,1.0,59.0,10.0
2289.2287922685327,70.0,0.0,9.0,6.0,14.0,6.5,1.0,59.0,10.0
2289.22964941139,70.0,0.0,9.0,6.0,14.0,6.5,1.0,59.0,10.0
2289.62964941139,70.0,0.0,9.0,6.0,14.0,6.5,1.0,59.0,10.0
2289.630506554247,70.0,0.0,9.0,6.0,14.0,6.5,1.0,59.0,10.0
2290.030506554247,70.0,0.0,9.0,6.0,14.0,6.5,1.0,59.0,10.0
2290.031363697104,70.0,0.0,9.0,6.0,14.0,6.5,1.0,59.0,10.0
2290.431363697104,70.0,0.0,9.0,6.0,14.0,6.5,1.0,59.0,10.0
2290.4322208399612,70.0,0.0,9.0,6.0,14.0,6.5,1.0,59.0,10.0
2290.8322208399613,70.0,0.0,9.0,6.0,14.0,6.5,1.0,59.0,10.0
2290.8330779828184,70.0,0.0,9.0,6.0,14.0,6.5,1.0,59.0,10.0
2291.2330779828185,70.0,0.0,9.0,6.0,14.0,6.5,1.0,59.0,10.0
2291.2339351256755,70.0,0.0,9.0,6.0,14.0,6.5,1.0,59.0,10.0
2291.6339351256756,70.0,0.0,9.0,6.0,14.0,6.5,1.0,59.0,10.0
2291.6347922685327,70.0,0.0,9.0,6.0,14.0,6.5,1.0,59.0,10.0
2292.034792268533,70.0,0.0,9.0,6.0,14.0,6.5,1.0,59.0,10.0
2292.03564941139,70.0,0.0,9.0,6.0,14.0,6.5,1.0,59.0,10.0
2292.43564941139,70.0,0.0,9.0,6.0,14.0,6.5,1.0,59.0,10.0
2292.436506554247,70.0,0.0,9.0,6.0,14.0,6.5,1.0,59.0,10.0
2292.836506554247,70.0,0.0,9.0,6.0,14.0,6.5,1.0,59.0,10.0
2292.837363697104,70.0,0.0,9.0,6.0,14.0,6.5,1.0,59.0,10.0
2293.2373636971042,70.0,0.0,9.0,6.0,14.0,6.5,1.0,59.0,10.0
2293.2382208399613,70.0,0.0,9.0,6.0,14.0,6.5,1.0,59.0,10.0
2293.6382208399614,70.0,0.0,9.0,6.0,14.0,6.5,1.0,59.0,10.0
2293.6390779828184,70.0,0.0,9.0,6.0,14.0,6.5,1.0,59.0,10.0
2294.0390779828185,70.0,0.0,9.0,6.0,14.0,6.5,1.0,59.0,10.0
2294.0399351256756,70.0,0.0,9.0,6.0,14.0,4.5,1.0,60.0,10.0
2294.4399351256757,70.0,0.0,9.0,6.0,14.0,4.5,1.0,60.0,10.0
2294.4407922685327,70.0,0.0,9.0,6.0,14.0,4.5,1.0,60.0,10.0
2294.840792268533,70.0,0.0,9.0,6.0,14.0,4.5,1.0,60.0,10.0
2294.84164941139,70.0,0.0,9.0,6.0,14.0,4.5,1.0,60.0,10.0
2295.24164941139,70.0,0.0,9.0,6.0,14.0,4.5,1.0,60.0,10.0
2295.242506554247,70.0,0.0,9.0,6.0,14.0,4.5,1.0,60.0,10.0
2295.642506554247,70.0,0.0,9.0,6.0,14.0,4.5,1.0,60.0,10.0
2295.643363697104,70.0,0.0,9.0,6.0,14.0,4.5,1.0,60.0,10.0
2296.0433636971043,70.0,0.0,9.0,6.0,14.0,4.5,1.0,60.0,10.0
2296.0442208399613,70.0,0.0,9.0,6.0,14.0,4.5,1.0,60.0,10.0
2296.4442208399614,70.0,0.0,9.0,6.0,14.0,4.5,1.0,60.0,10.0
2296.4450779828185,70.0,0.0,9.0,6.0,14.0,4.5,1.0,60.0,10.0
2296.8450779828186,70.0,0.0,9.0,6.0,14.0,4.5,1.0,60.0,10.0
2296.8459351256756,70.0,0.0,9.0,6.0,14.0,4.5,1.0,60.0,10.0
2297.2459351256757,70.0,0.0,9.0,6.0,14.0,4.5,1.0,60.0,10.0
2297.2467922685328,70.0,0.0,9.0,6.0,14.0,4.5,1.0,60.0,10.0
2297.646792268533,70.0,0.0,9.0,6.0,14.0,4.5,1.0,60.0,10.0
2297.64764941139,70.0,0.0,9.0,6.0,14.0,4.5,1.0,60.0,10.0
2298.04764941139,70.0,0.0,9.0,6.0,14.0,4.5,1.0,60.0,10.0
2298.048506554247,70.0,0.0,9.0,6.0,14.0,4.5,1.0,60.0,10.0
2298.448506554247,70.0,0.0,9.0,6.0,14.0,4.5,1.0,60.0,10.0
2298.449363697104,70.0,0.0,9.0,6.0,14.0,4.5,1.0,60.0,10.0
2298.8493636971043,70.0,0.0,9.0,6.0,14.0,4.5,1.0,60.0,10.0
2298.8502208399614,70.0,0.0,9.0,6.0,14.0,4.5,1.0,60.0,10.0
2299.2502208399615,70.0,0.0,9.0,6.0,14.0,4.5,1.0,60.0,10.0
2299.2510779828185,70.0,0.0,9.0,6.0,14.0,4.5,1.0,60.0,10.0
2299.6510779828186,70.0,0.0,9.0,6.0,14.0,4.5,1.0,60.0,10.0
2299.6519351256757,70.0,0.0,9.0,6.0,14.0,4.5,1.0,60.0,10.0
2300.0519351256758,70.0,0.0,9.0,6.0,14.0,4.5,1.0,60.0,10.0
2300.052792268533,70.0,0.0,9.0,6.0,14.0,4.5,1.0,60.0,10.0
2300.452792268533,70.0,0.0,9.0,6.0,14.0,4.5,1.0,60.0,10.0
2300.45364941139,70.0,0.0,9.0,6.0,14.0,4.5,1.0,60.0,10.0
2300.85364941139,70.0,0.0,9.0,6.0,14.0,4.5,1.0,60.0,10.0
2300.854506554247,70.0,0.0,9.0,6.0,14.0,4.5,1.0,60.0,10.0
2301.254506554247,70.0,0.0,9.0,6.0,14.0,4.5,1.0,60.0,10.0
2301.2553636971043,70.0,0.0,9.0,6.0,14.0,4.5,1.0,60.0,10.0
2301.6553636971043,70.0,0.0,9.0,6.0,14.0,4.5,1.0,60.0,10.0
2301.6562208399614,70.0,0.0,9.0,6.0,14.0,4.5,1.0,60.0,10.0
2302.0562208399615,70.0,0.0,9.0,6.0,14.0,4.5,1.0,60.0,10.0
2302.0570779828186,70.0,0.0,9.0,6.0,14.0,4.5,1.0,60.0,10.0
2302.4570779828186,70.0,0.0,9.0,6.0,14.0,4.5,1.0,60.0,10.0
2302.4579351256757,70.0,0.0,9.0,6.0,14.0,4.5,1.0,60.0,10.0
2302.857935125676,70.0,0.0,9.0,6.0,14.0,4.5,1.0,60.0,10.0
2302.858792268533,70.0,0.0,9.0,6.0,14.0,4.5,1.0,60.0,10.0
2303.258792268533,70.0,0.0,9.0,6.0,14.0,4.5,1.0,60.0,10.0
2303.25964941139,70.0,0.0,9.0,6.0,14.0,4.5,1.0,60.0,10.0
2303.65964941139,70.0,0.0,9.0,6.0,14.0,4.5,1.0,60.0,10.0
2303.660506554247,70.0,0.0,9.0,6.0,14.0,4.5,1.0,60.0,10.0
2304.0605065542472,70.0,0.0,9.0,6.0,14.0,4.5,1.0,60.0,10.0
2304.0613636971043,70.0,0.0,9.0,6.0,14.0,4.5,1.0,60.0,10.0
2304.4613636971044,70.0,0.0,9.0,6.0,14.0,4.5,1.0,60.0,10.0
2304.4622208399614,70.0,0.0,9.0,6.0,14.0,4.5,1.0,60.0,10.0
2304.8622208399615,70.0,0.0,9.0,6.0,14.0,4.5,1.0,60.0,10.0
2304.8630779828186,70.0,0.0,9.0,6.0,14.0,4.5,1.0,60.0,10.0
2305.2630779828187,70.0,0.0,9.0,6.0,14.0,4.5,1.0,60.0,10.0
2305.2639351256757,70.0,0.0,9.0,6.0,14.0,4.5,1.0,60.0,10.0
2305.663935125676,70.0,0.0,9.0,6.0,14.0,4.5,1.0,60.0,10.0
2305.664792268533,70.0,0.0,9.0,6.0,14.0,4.5,1.0,60.0,10.0
2306.064792268533,70.0,0.0,9.0,6.0,14.0,4.5,1.0,60.0,10.0
2306.06564941139,70.0,0.0,9.0,6.0,14.0,4.5,1.0,60.0,10.0
2306.46564941139,70.0,0.0,9.0,6.0,14.0,4.5,1.0,60.0,10.0
2306.466506554247,70.0,0.0,9.0,6.0,14.0,4.5,1.0,60.0,10.0
2306.8665065542473,70.0,0.0,9.0,6.0,14.0,4.5,1.0,60.0,10.0
2306.8673636971043,70.0,0.0,9.0,6.0,14.0,4.5,1.0,60.0,10.0
2307.2673636971044,70.0,0.0,9.0,6.0,14.0,4.5,1.0,60.0,10.0
2307.2682208399615,70.0,0.0,9.0,6.0,14.0,4.5,1.0,60.0,10.0
2307.6682208399616,70.0,0.0,9.0,6.0,14.0,4.5,1.0,60.0,10.0
2307.6690779828186,70.0,0.0,9.0,6.0,14.0,4.5,1.0,60.0,10.0
2308.0690779828187,70.0,0.0,9.0,6.0,14.0,4.5,1.0,60.0,10.0
2308.069935125676,70.0,0.0,9.0,6.0,14.0,4.5,1.0,60.0,10.0
2308.469935125676,70.0,0.0,9.0,6.0,14.0,4.5,1.0,60.0,10.0
2308.470792268533,70.0,0.0,9.0,6.0,14.0,4.5,1.0,60.0,10.0
2308.870792268533,70.0,0.0,9.0,6.0,14.0,4.5,1.0,60.0,10.0
2308.87164941139,70.0,0.0,9.0,6.0,14.0,4.5,1.0,60.0,10.0
2309.27164941139,70.0,0.0,9.0,6.0,14.0,4.5,1.0,60.0,10.0
2309.2725065542472,70.0,0.0,9.0,6.0,14.0,4.5,1.0,60.0,10.0
2309.6725065542473,70.0,0.0,9.0,6.0,14.0,4.5,1.0,60.0,10.0
2309.6733636971044,70.0,0.0,9.0,6.0,15.0,4.5,1.0,60.0,10.0
2310.0733636971045,70.0,0.0,9.0,6.0,15.0,4.5,1.0,60.0,10.0
2310.0742208399615,70.0,0.0,9.0,6.0,15.0,4.5,1.0,60.0,10.0
2310.4742208399616,70.0,0.0,9.0,6.0,15.0,4.5,1.0,60.0,10.0
2310.4750779828187,70.0,0.0,9.0,6.0,15.0,4.5,1.0,60.0,10.0
2310.8750779828188,70.0,0.0,9.0,6.0,15.0,4.5,1.0,60.0,10.0
2310.875935125676,70.0,0.0,9.0,6.0,15.0,4.5,1.0,60.0,10.0
2311.275935125676,70.0,0.0,9.0,6.0,15.0,4.5,1.0,60.0,10.0
2311.276792268533,70.0,0.0,9.0,6.0,15.0,4.5,1.0,60.0,10.0
2311.676792268533,70.0,0.0,9.0,6.0,15.0,4.5,1.0,60.0,10.0
2311.67764941139,70.0,0.0,9.0,6.0,15.0,4.5,1.0,60.0,10.0
2312.07764941139,70.0,0.0,9.0,6.0,15.0,4.5,1.0,60.0,10.0
2312.0785065542473,70.0,0.0,9.0,6.0,15.0,4.5,1.0,60.0,10.0
2312.4785065542474,70.0,0.0,9.0,6.0,15.0,4.5,1.0,60.0,10.0
2312.4793636971044,70.0,0.0,9.0,6.0,15.0,4.5,1.0,60.0,10.0
2312.8793636971045,70.0,0.0,9.0,6.0,15.0,4.5,1.0,60.0,10.0
2312.8802208399616,70.0,0.0,9.0,6.0,15.0,4.5,1.0,60.0,10.0
2313.2802208399617,70.0,0.0,9.0,6.0,15.0,4.5,1.0,60.0,10.0
2313.2810779828187,70.0,0.0,9.0,6.0,15.0,4.5,1.0,60.0,10.0
2313.681077982819,70.0,0.0,9.0,6.0,15.0,4.5,1.0,60.0,10.0
2313.681935125676,70.0,0.0,9.0,6.0,15.0,4.5,1.0,60.0,10.0
2314.081935125676,70.0,0.0,9.0,6.0,15.0,4.5,1.0,60.0,10.0
2314.082792268533,70.0,0.0,9.0,6.0,15.0,4.5,1.0,60.0,10.0
2314.482792268533,70.0,0.0,9.0,6.0,15.0,4.5,1.0,60.0,10.0
2314.48364941139,70.0,0.0,9.0,6.0,15.0,4.5,1.0,60.0,10.0
2314.8836494113903,70.0,0.0,9.0,6.0,15.0,4.5,1.0,60.0,10.0
2314.8845065542473,70.0,0.0,9.0,6.0,15.0,4.5,1.0,60.0,10.0
2315.2845065542474,70.0,0.0,9.0,6.0,15.0,4.5,1.0,60.0,10.0
2315.2853636971045,80.0,0.0,9.0,6.0,15.0,4.5,1.0,60.0,10.0
2315.6853636971045,80.0,0.0,9.0,6.0,15.0,4.5,1.0,60.0,10.0
2315.6861136971047,80.0,0.0,9.0,6.0,15.0,4.5,1.0,60.0,10.0
2316.086113697105,80.0,0.0,9.0,6.0,15.0,4.5,1.0,60.0,10.0
2316.086863697105,80.0,0.0,9.0,6.0,15.0,4.5,1.0,60.0,10.0
2316.486863697105,80.0,0.0,9.0,6.0,15.0,4.5,1.0,60.0,10.0
2316.487613697105,80.0,0.0,9.0,6.0,15.0,4.5,1.0,60.0,10.0
2316.8876136971053,80.0,0.0,9.0,6.0,15.0,4.5,1.0,60.0,10.0
2316.8883636971054,80.0,0.0,10.0,6.0,15.0,4.5,1.0,60.0,10.0
2317.2883636971055,80.0,0.0,10.0,6.0,15.0,4.5,1.0,60.0,10.0
2317.2891136971057,80.0,0.0,10.0,6.0,15.0,4.5,1.0,60.0,10.0
2317.6891136971058,80.0,0.0,10.0,6.0,15.0,4.5,1.0,60.0,10.0
2317.689863697106,80.0,0.0,10.0,6.0,15.0,4.5,1.0,60.0,10.0
2318.089863697106,80.0,0.0,10.0,6.0,15.0,4.5,1.0,60.0,10.0
2318.090613697106,80.0,0.0,10.0,6.0,15.0,4.5,1.0,60.0,10.0
2318.4906136971063,80.0,0.0,10.0,6.0,15.0,4.5,1.0,60.0,10.0
2318.4913636971064,80.0,0.0,11.0,6.0,15.0,4.5,1.0,60.0,10.0
2318.8913636971065,80.0,0.0,11.0,6.0,15.0,4.5,1.0,60.0,10.0
2318.8921136971067,80.0,0.0,11.0,6.0,15.0,4.5,1.0,60.0,10.0
2319.2921136971067,80.0,0.0,11.0,6.0,15.0,4.5,1.0,60.0,10.0
2319.292863697107,80.0,0.0,11.0,6.0,15.0,4.5,1.0,60.0,10.0
2319.692863697107,80.0,0.0,11.0,6.0,15.0,4.5,1.0,60.0,10.0
2319.693613697107,80.0,0.0,11.0,6.0,15.0,4.5,1.0,60.0,10.0
2320.0936136971072,80.0,0.0,11.0,6.0,15.0,4.5,1.0,60.0,10.0
2320.0943636971074,80.0,0.0,11.0,6.0,15.0,4.5,1.0,60.0,10.0
2320.4943636971075,80.0,0.0,11.0,6.0,15.0,4.5,1.0,60.0,10.0
2320.4951136971076,80.0,0.0,11.0,6.0,15.0,4.5,1.0,60.0,10.0
2320.8951136971077,80.0,0.0,11.0,6.0,15.0,4.5,1.0,60.0,10.0
2320.895863697108,80.0,0.0,11.0,6.0,15.0,4.5,1.0,60.0,10.0
2321.295863697108,80.0,0.0,11.0,6.0,15.0,4.5,1.0,60.0,10.0
2321.296613697108,80.0,0.0,11.0,6.0,15.0,4.5,1.0,60.0,10.0
2321.696613697108,80.0,0.0,11.0,6.0,15.0,4.5,1.0,60.0,10.0
2321.6973636971084,80.0,0.0,11.0,6.0,15.0,4.5,1.0,60.0,10.0
2322.0973636971084,80.0,0.0,11.0,6.0,15.0,4.5,1.0,60.0,10.0
2322.0981136971086,80.0,0.0,11.0,6.0,15.0,4.5,1.0,60.0,10.0
2322.4981136971087,80.0,0.0,11.0,6.0,15.0,4.5,1.0,60.0,10.0
2322.498863697109,80.0,0.0,11.0,6.0,15.0,4.5,1.0,60.0,10.0
2322.898863697109,80.0,0.0,11.0,6.0,15.0,4.5,1.0,60.0,10.0
2322.899613697109,80.0,0.0,11.0,6.0,15.0,4.5,1.0,60.0,10.0
2323.299613697109,80.0,0.0,11.0,6.0,15.0,4.5,1.0,60.0,10.0
2323.3003636971093,80.0,0.0,11.0,6.0,15.0,4.5,1.0,60.0,10.0
2323.7003636971094,80.0,0.0,11.0,6.0,15.0,4.5,1.0,60.0,10.0
2323.7011136971096,80.0,0.0,11.0,6.0,15.0,4.5,1.0,60.0,10.0
2324.1011136971097,80.0,0.0,11.0,6.0,15.0,4.5,1.0,60.0,10.0
2324.10186369711,80.0,0.0,11.0,6.0,15.0,4.5,1.0,60.0,10.0
2324.50186369711,80.0,0.0,11.0,6.0,15.0,4.5,1.0,60.0,10.0
2324.50261369711,80.0,0.0,11.0,6.0,15.0,4.5,1.0,60.0,10.0
2324.90261369711,80.0,0.0,11.0,6.0,15.0,4.5,1.0,60.0,10.0
2324.9033636971103,80.0,0.0,11.0,6.0,15.0,4.5,1.0,60.0,10.0
2325.3033636971104,80.0,0.0,11.0,6.0,15.0,4.5,1.0,60.0,10.0
2325.3041136971106,80.0,0.0,11.0,6.0,15.0,4.5,1.0,60.0,10.0
2325.7041136971106,80.0,0.0,11.0,6.0,15.0,4.5,1.0,60.0,10.0
2325.704863697111,80.0,0.0,11.0,6.0,15.0,4.5,1.0,60.0,10.0
2326.104863697111,80.0,0.0,11.0,6.0,15.0,4.5,1.0,60.0,10.0
2326.105613697111,80.0,0.0,11.0,6.0,15.0,4.5,1.0,60.0,10.0
2326.505613697111,80.0,0.0,11.0,6.0,15.0,4.5,1.0,60.0,10.0
2326.5063636971113,80.0,0.0,11.0,6.0,15.0,4.5,1.0,60.0,10.0
2326.9063636971114,80.0,0.0,11.0,6.0,15.0,4.5,1.0,60.0,10.0
2326.9071136971115,80.0,0.0,11.0,6.0,15.0,4.5,1.0,60.0,10.0
2327.3071136971116,80.0,0.0,11.0,6.0,15.0,4.5,1.0,60.0,10.0
2327.3078636971118,80.0,0.0,11.0,6.0,15.0,4.5,1.0,60.0,10.0
2327.707863697112,80.0,0.0,11.0,6.0,15.0,4.5,1.0,60.0,10.0
2327.708613697112,80.0,0.0,11.0,6.0,15.0,4.5,1.0,60.0,10.0
2328.108613697112,80.0,0.0,11.0,6.0,15.0,4.5,1.0,60.0,10.0
2328.1093636971123,80.0,0.0,11.0,6.0,15.0,4.5,1.0,60.0,10.0
2328.5093636971123,80.0,0.0,11.0,6.0,15.0,4.5,1.0,60.0,10.0
2328.5101136971125,80.0,0.0,11.0,6.0,15.0,4.5,1.0,60.0,10.0
2328.9101136971126,80.0,0.0,11.0,6.0,15.0,4.5,1.0,60.0,10.0
2328.9108636971127,80.0,0.0,11.0,6.0,15.0,4.5,1.0,60.0,10.0
2329.310863697113,80.0,0.0,11.0,6.0,15.0,4.5,1.0,60.0,10.0
2329.311613697113,80.0,0.0,11.0,6.0,15.0,4.5,1.0,60.0,10.0
2329.711613697113,80.0,0.0,11.0,6.0,15.0,4.5,1.0,60.0,10.0
2329.7123636971132,80.0,0.0,11.0,6.0,15.0,4.5,1.0,60.0,10.0
2330.1123636971133,80.0,0.0,11.0,6.0,15.0,4.5,1.0,60.0,10.0
2330.1131136971135,80.0,0.0,11.0,6.0,15.0,4.5,1.0,60.0,10.0
2330.5131136971136,80.0,0.0,11.0,6.0,15.0,4.5,1.0,60.0,10.0
2330.5138636971137,90.0,0.0,11.0,6.0,15.0,4.5,1.0,60.0,10.0
2330.913863697114,90.0,0.0,11.0,6.0,15.0,4.5,1.0,60.0,10.0
2330.9145303637806,90.0,0.0,11.0,6.0,15.0,4.5,1.0,60.0,10.0
2331.3145303637807,90.0,0.0,11.0,6.0,15.0,4.5,1.0,60.0,10.0
2331.3151970304475,90.0,0.0,11.0,6.0,15.0,4.5,1.0,60.0,10.0
2331.7151970304476,90.0,0.0,11.0,6.0,15.0,4.5,1.0,60.0,10.0
2331.7158636971144,90.0,0.0,11.0,6.0,15.0,4.5,1.0,60.0,10.0
2332.1158636971145,90.0,0.0,11.0,6.0,15.0,4.5,1.0,60.0,10.0
2332.1165303637813,90.0,0.0,11.0,6.0,15.0,4.5,1.0,60.0,10.0
2332.5165303637814,90.0,0.0,11.0,6.0,15.0,4.5,1.0,60.0,10.0
2332.517197030448,90.0,0.0,11.0,6.0,15.0,4.5,1.0,60.0,10.0
2332.9171970304483,90.0,0.0,11.0,6.0,15.0,4.5,1.0,60.0,10.0
2332.917863697115,90.0,0.0,11.0,6.0,15.0,4.5,1.0,60.0,10.0
2333.317863697115,90.0,0.0,11.0,6.0,15.0,4.5,1.0,60.0,10.0
2333.318530363782,90.0,0.0,11.0,6.0,15.0,4.5,1.0,60.0,10.0
2333.718530363782,90.0,0.0,11.0,6.0,15.0,4.5,1.0,60.0,10.0
2333.719197030449,90.0,0.0,11.0,6.0,15.0,4.5,1.0,60.0,10.0
2334.119197030449,90.0,0.0,11.0,6.0,15.0,4.5,1.0,60.0,10.0
2334.1198636971158,90.0,0.0,11.0,6.0,15.0,4.5,1.0,60.0,10.0
2334.519863697116,90.0,0.0,11.0,6.0,15.0,4.5,1.0,60.0,10.0
2334.5205303637827,90.0,0.0,11.0,6.0,15.0,4.5,1.0,60.0,10.0
2334.9205303637827,90.0,0.0,11.0,6.0,15.0,4.5,1.0,60.0,10.0
2334.9211970304495,90.0,0.0,11.0,6.0,15.0,4.5,1.0,60.0,10.0
2335.3211970304496,90.0,0.0,11.0,6.0,15.0,4.5,1.0,60.0,10.0
2335.3218636971164,90.0,0.0,11.0,6.0,15.0,4.5,1.0,60.0,10.0
2335.7218636971165,90.0,0.0,11.0,6.0,15.0,4.5,1.0,60.0,10.0
2335.7225303637833,90.0,0.0,11.0,6.0,15.0,4.5,1.0,60.0,10.0
2336.1225303637834,90.0,0.0,11.0,6.0,15.0,4.5,1.0,60.0,10.0
2336.1231970304502,90.0,0.0,11.0,6.0,15.0,4.5,1.0,60.0,10.0
2336.5231970304503,90.0,0.0,11.0,6.0,15.0,4.5,1.0,60.0,10.0
2336.523863697117,90.0,0.0,11.0,6.0,15.0,4.5,1.0,60.0,10.0
2336.923863697117,90.0,0.0,11.0,6.0,15.0,4.5,1.0,60.0,10.0
2336.924530363784,90.0,0.0,11.0,6.0,15.0,4.5,1.0,60.0,10.0
2337.324530363784,90.0,0.0,11.0,6.0,15.0,4.5,1.0,60.0,10.0
2337.325197030451,90.0,0.0,11.0,6.0,15.0,4.5,1.0,60.0,10.0
2337.725197030451,90.0,0.0,11.0,6.0,15.0,4.5,1.0,60.0,10.0
2337.725863697118,90.0,0.0,11.0,6.0,15.0,4.5,1.0,60.0,10.0
2338.125863697118,90.0,0.0,11.0,6.0,15.0,4.5,1.0,60.0,10.0
2338.1265303637847,90.0,0.0,11.0,6.0,15.0,4.5,1.0,60.0,10.0
2338.526530363785,90.0,0.0,11.0,6.0,15.0,4.5,1.0,60.0,10.0
2338.5271970304516,90.0,0.0,11.0,6.0,15.0,4.5,1.0,60.0,10.0
2338.9271970304517,90.0,0.0,11.0,6.0,15.0,4.5,1.0,60.0,10.0
2338.9278636971185,90.0,0.0,11.0,6.0,15.0,4.5,1.0,60.0,10.0
2339.3278636971186,90.0,0.0,11.0,6.0,15.0,4.5,1.0,60.0,10.0
2339.3285303637854,90.0,0.0,11.0,6.0,15.0,4.5,1.0,60.0,10.0
2339.7285303637855,90.0,0.0,11.0,6.0,15.0,4.5,1.0,60.0,10.0
2339.7291970304523,90.0,0.0,11.0,6.0,15.0,4.5,1.0,60.0,10.0
2340.1291970304524,90.0,0.0,11.0,6.0,15.0,4.5,1.0,60.0,10.0
2340.129863697119,90.0,0.0,11.0,6.0,15.0,4.5,1.0,60.0,10.0
2340.5298636971193,90.0,0.0,11.0,6.0,15.0,4.5,1.0,60.0,10.0
2340.530530363786,90.0,0.0,11.0,6.0,15.0,4.5,1.0,60.0,10.0
2340.930530363786,90.0,0.0,11.0,6.0,15.0,4.5,1.0,60.0,10.0
2340.931197030453,90.0,0.0,11.0,6.0,15.0,4.5,1.0,60.0,10.0
2341.331197030453,90.0,0.0,11.0,6.0,15.0,4.5,1.0,60.0,10.0
2341.33186369712,90.0,0.0,11.0,6.0,15.0,4.5,1.0,60.0,10.0
2341.73186369712,90.0,0.0,11.0,6.0,15.0,4.5,1.0,60.0,10.0
2341.7325303637867,90.0,0.0,11.0,6.0,15.0,4.5,1.0,60.0,10.0
2342.132530363787,90.0,0.0,11.0,6.0,15.0,4.5,1.0,60.0,10.0
2342.1331970304536,90.0,0.0,11.0,6.0,15.0,4.5,1.0,60.0,10.0
2342.5331970304537,90.0,0.0,11.0,6.0,15.0,4.5,1.0,60.0,10.0
2342.5338636971205,90.0,0.0,11.0,6.0,15.0,4.5,1.0,60.0,10.0
2342.9338636971206,90.0,0.0,11.0,6.0,15.0,4.5,1.0,60.0,10.0
2342.9345303637874,90.0,0.0,11.0,6.0,15.0,4.5,1.0,60.0,10.0
2343.3345303637875,90.0,0.0,11.0,6.0,15.0,4.5,1.0,60.0,10.0
2343.3351970304543,90.0,0.0,11.0,6.0,15.0,4.5,1.0,60.0,10.0
2343.7351970304544,90.0,0.0,11.0,6.0,15.0,4.5,1.0,60.0,10.0
2343.735863697121,90.0,0.0,11.0,6.0,15.0,4.5,1.0,60.0,10.0
2344.1358636971213,90.0,0.0,11.0,6.0,15.0,4.5,1.0,60.0,10.0
2344.136530363788,90.0,0.0,11.0,6.0,15.0,2.5,1.0,61.0,10.0
2344.536530363788,90.0,0.0,11.0,6.0,15.0,2.5,1.0,61.0,10.0
2344.537197030455,90.0,0.0,11.0,6.0,15.0,2.5,1.0,61.0,10.0
2344.937197030455,90.0,0.0,11.0,6.0,15.0,2.5,1.0,61.0,10.0
2344.937863697122,90.0,0.0,11.0,6.0,15.0,2.5,1.0,61.0,10.0
2345.337863697122,90.0,0.0,11.0,6.0,15.0,2.5,1.0,61.0,10.0
2345.338530363789,90.0,0.0,11.0,6.0,15.0,2.5,1.0,61.0,10.0
2345.738530363789,90.0,0.0,11.0,6.0,15.0,2.5,1.0,61.0,10.0
2345.7391970304557,90.0,0.0,11.0,6.0,15.0,2.5,1.0,61.0,10.0
2346.1391970304558,90.0,0.0,11.0,6.0,15.0,2.5,1.0,61.0,10.0
2346.1398636971226,90.0,0.0,11.0,6.0,15.0,2.5,1.0,61.0,10.0
2346.5398636971227,90.0,0.0,11.0,6.0,15.0,2.5,1.0,61.0,10.0
2346.5405303637895,90.0,0.0,11.0,6.0,15.0,2.5,1.0,61.0,10.0
2346.9405303637895,90.0,0.0,11.0,6.0,15.0,2.5,1.0,61.0,10.0
2346.9411970304564,90.0,0.0,11.0,6.0,15.0,2.5,1.0,61.0,10.0
2347.3411970304564,90.0,0.0,11.0,6.0,15.0,2.5,1.0,61.0,10.0
2347.3418636971232,90.0,0.0,11.0,6.0,15.0,2.5,1.0,61.0,10.0
2347.7418636971233,90.0,0.0,11.0,6.0,15.0,2.5,1.0,61.0,10.0
2347.74253036379,90.0,0.0,11.0,6.0,15.0,2.5,1.0,61.0,10.0
2348.1425303637902,90.0,0.0,11.0,6.0,15.0,2.5,1.0,61.0,10.0
2348.143197030457,90.0,0.0,11.0,6.0,15.0,2.5,1.0,61.0,10.0
2348.543197030457,90.0,0.0,11.0,6.0,15.0,2.5,1.0,61.0,10.0
2348.543863697124,90.0,0.0,11.0,6.0,15.0,2.5,1.0,61.0,10.0
2348.943863697124,90.0,0.0,11.0,6.0,15.0,2.5,1.0,61.0,10.0
2348.944530363791,90.0,0.0,11.0,6.0,15.0,2.5,1.0,61.0,10.0
2349.344530363791,90.0,0.0,11.0,6.0,15.0,2.5,1.0,61.0,10.0
2349.3451970304577,90.0,0.0,11.0,6.0,15.0,2.5,1.0,61.0,10.0
2349.745197030458,90.0,0.0,11.0,6.0,15.0,2.5,1.0,61.0,10.0
2349.7458636971246,100.0,0.0,11.0,6.0,15.0,2.5,1.0,61.0,10.0
2350.1458636971247,100.0,0.0,11.0,6.0,15.0,2.5,1.0,61.0,10.0
2350.1464636971245,100.0,0.0,11.0,6.0,15.0,2.5,1.0,61.0,10.0
2350.5464636971246,100.0,0.0,11.0,6.0,15.0,2.5,1.0,61.0,10.0
2350.5470636971245,100.0,0.0,11.0,6.0,15.0,2.5,1.0,61.0,10.0
2350.9470636971246,100.0,0.0,11.0,6.0,15.0,2.5,1.0,61.0,10.0
2350.9476636971244,100.0,0.0,11.0,6.0,15.0,2.5,1.0,61.0,10.0
2351.3476636971245,100.0,0.0,11.0,6.0,15.0,2.5,1.0,61.0,10.0
2351.3482636971244,100.0,0.0,11.0,6.0,15.0,2.5,1.0,61.0,10.0
2351.7482636971245,100.0,0.0,11.0,6.0,15.0,2.5,1.0,61.0,10.0
2351.7488636971243,100.0,0.0,11.0,6.0,15.0,2.5,1.0,61.0,10.0
2352.1488636971244,100.0,0.0,11.0,6.0,15.0,2.5,1.0,61.0,10.0
2352.1494636971242,100.0,0.0,11.0,6.0,15.0,2.5,1.0,61.0,10.0
2352.5494636971243,100.0,0.0,11.0,6.0,15.0,2.5,1.0,61.0,10.0
2352.550063697124,100.0,0.0,11.0,6.0,15.0,2.5,1.0,61.0,10.0
2352.9500636971243,100.0,0.0,11.0,6.0,15.0,2.5,1.0,61.0,10.0
2352.950663697124,110.0,0.0,11.0,6.0,15.0,2.5,1.0,61.0,10.0
2353.350663697124,110.0,0.0,11.0,6.0,15.0,2.5,1.0,61.0,10.0
2353.3512091516695,110.0,0.0,11.0,6.0,15.0,2.5,1.0,61.0,10.0
2353.7512091516696,110.0,0.0,11.0,6.0,15.0,2.5,1.0,61.0,10.0
2353.751754606215,110.0,0.0,11.0,6.0,15.0,2.5,1.0,61.0,10.0
2354.151754606215,110.0,0.0,11.0,6.0,15.0,2.5,1.0,61.0,10.0
2354.1523000607604,110.0,0.0,11.0,6.0,15.0,2.5,1.0,61.0,10.0
2354.5523000607604,110.0,0.0,11.0,6.0,15.0,2.5,1.0,61.0,10.0
2354.5528455153058,110.0,0.0,11.0,6.0,15.0,2.5,1.0,61.0,10.0
2354.952845515306,110.0,0.0,11.0,6.0,15.0,2.5,1.0,61.0,10.0
2354.953390969851,120.0,0.0,11.0,6.0,15.0,2.5,1.0,61.0,10.0
2355.3533909698513,120.0,0.0,11.0,6.0,15.0,2.5,1.0,61.0,10.0
2355.3538909698514,120.0,0.0,11.0,6.0,15.0,2.5,1.0,61.0,10.0
2355.7538909698515,120.0,0.0,11.0,6.0,15.0,2.5,1.0,61.0,10.0
2355.7543909698516,120.0,0.0,11.0,6.0,15.0,2.5,1.0,61.0,10.0
2356.1543909698516,120.0,0.0,11.0,6.0,15.0,2.5,1.0,61.0,10.0
2356.1548909698517,120.0,0.0,11.0,6.0,15.0,2.5,1.0,61.0,10.0
2356.554890969852,120.0,0.0,11.0,6.0,15.0,2.5,1.0,61.0,10.0
2356.555390969852,120.0,0.0,11.0,6.0,15.0,2.5,1.0,61.0,10.0
2356.955390969852,120.0,0.0,11.0,6.0,15.0,2.5,1.0,61.0,10.0
2356.955890969852,120.0,0.0,11.0,6.0,15.0,2.5,1.0,61.0,10.0
2357.355890969852,120.0,0.0,11.0,6.0,15.0,2.5,1.0,61.0,10.0
2357.3563909698523,120.0,0.0,11.0,6.0,15.0,2.5,1.0,61.0,10.0
2357.7563909698524,120.0,0.0,11.0,6.0,15.0,2.5,1.0,61.0,10.0
2357.7568909698525,120.0,0.0,11.0,6.0,15.0,2.5,1.0,61.0,10.0
2358.1568909698526,120.0,0.0,11.0,6.0,15.0,2.5,1.0,61.0,10.0
2358.1573909698527,120.0,0.0,11.0,6.0,15.0,2.5,1.0,61.0,10.0
2358.557390969853,120.0,0.0,11.0,6.0,15.0,2.5,1.0,61.0,10.0
2358.557890969853,120.0,0.0,11.0,6.0,15.0,2.5,1.0,61.0,10.0
2358.957890969853,120.0,0.0,11.0,6.0,15.0,2.5,1.0,61.0,10.0
2358.958390969853,120.0,0.0,11.0,6.0,15.0,2.5,1.0,61.0,10.0
2359.358390969853,120.0,0.0,11.0,6.0,15.0,2.5,1.0,61.0,10.0
2359.3588909698533,120.0,0.0,11.0,6.0,15.0,2.5,1.0,61.0,10.0
2359.7588909698534,120.0,0.0,11.0,6.0,15.0,2.5,1.0,61.0,10.0
2359.7593909698535,120.0,0.0,11.0,6.0,15.0,2.5,1.0,61.0,10.0
2360.1593909698536,120.0,0.0,11.0,6.0,15.0,2.5,1.0,61.0,10.0
2360.1598909698537,120.0,0.0,11.0,6.0,15.0,2.5,1.0,61.0,10.0
2360.5598909698538,120.0,0.0,11.0,6.0,15.0,2.5,1.0,61.0,10.0
2360.560390969854,120.0,0.0,11.0,6.0,15.0,2.5,1.0,61.0,10.0
2360.960390969854,120.0,0.0,11.0,6.0,15.0,2.5,1.0,61.0,10.0
2360.960890969854,120.0,0.0,11.0,6.0,15.0,2.5,1.0,61.0,10.0
2361.360890969854,120.0,0.0,11.0,6.0,15.0,2.5,1.0,61.0,10.0
2361.3613909698543,120.0,0.0,11.0,6.0,15.0,2.5,1.0,61.0,10.0
2361.7613909698543,120.0,0.0,11.0,6.0,15.0,2.5,1.0,61.0,10.0
2361.7618909698544,120.0,0.0,11.0,6.0,15.0,2.5,1.0,61.0,10.0
2362.1618909698545,120.0,0.0,11.0,6.0,15.0,2.5,1.0,61.0,10.0
2362.1623909698546,120.0,0.0,11.0,6.0,15.0,2.5,1.0,61.0,10.0
2362.5623909698547,120.0,0.0,11.0,6.0,15.0,2.5,1.0,61.0,10.0
2362.562890969855,120.0,0.0,11.0,6.0,15.0,2.5,1.0,61.0,10.0
2362.962890969855,120.0,0.0,11.0,6.0,15.0,2.5,1.0,61.0,10.0
2362.963390969855,120.0,0.0,11.0,6.0,15.0,2.5,1.0,61.0,10.0
2363.363390969855,120.0,0.0,11.0,6.0,15.0,2.5,1.0,61.0,10.0
2363.363890969855,120.0,0.0,11.0,6.0,15.0,2.5,1.0,61.0,10.0
2363.7638909698553,120.0,0.0,11.0,6.0,15.0,2.5,1.0,61.0,10.0
2363.7643909698554,120.0,0.0,11.0,6.0,15.0,2.5,1.0,61.0,10.0
2364.1643909698555,120.0,0.0,11.0,6.0,15.0,2.5,1.0,61.0,10.0
2364.1648909698556,120.0,0.0,11.0,6.0,15.0,2.5,1.0,61.0,10.0
2364.5648909698557,120.0,0.0,11.0,6.0,15.0,2.5,1.0,61.0,10.0
2364.565390969856,120.0,0.0,11.0,6.0,15.0,2.5,1.0,61.0,10.0
2364.965390969856,120.0,0.0,11.0,6.0,15.0,2.5,1.0,61.0,10.0
2364.965890969856,120.0,0.0,11.0,6.0,15.0,2.5,1.0,61.0,10.0
2365.365890969856,120.0,0.0,11.0,6.0,15.0,2.5,1.0,61.0,10.0
2365.366390969856,120.0,0.0,11.0,6.0,15.0,2.5,1.0,61.0,10.0
2365.7663909698563,120.0,0.0,11.0,6.0,15.0,2.5,1.0,61.0,10.0
2365.7668909698564,120.0,0.0,11.0,6.0,15.0,2.5,1.0,61.0,10.0
2366.1668909698565,120.0,0.0,11.0,6.0,15.0,2.5,1.0,61.0,10.0
2366.1673909698566,120.0,0.0,11.0,6.0,15.0,2.5,1.0,61.0,10.0
2366.5673909698567,120.0,0.0,11.0,6.0,15.0,2.5,1.0,61.0,10.0
2366.5678909698568,120.0,0.0,11.0,6.0,15.0,2.5,1.0,61.0,10.0
2366.967890969857,120.0,0.0,11.0,6.0,15.0,2.5,1.0,61.0,10.0
2366.968390969857,120.0,0.0,11.0,6.0,15.0,2.5,1.0,61.0,10.0
2367.368390969857,120.0,0.0,11.0,6.0,15.0,2.5,1.0,61.0,10.0
2367.368890969857,120.0,0.0,11.0,6.0,15.0,2.5,1.0,61.0,10.0
2367.7688909698572,120.0,0.0,11.0,6.0,15.0,2.5,1.0,61.0,10.0
2367.7693909698573,120.0,0.0,11.0,6.0,15.0,2.5,1.0,61.0,10.0
2368.1693909698574,120.0,0.0,11.0,6.0,15.0,2.5,1.0,61.0,10.0
2368.1698909698575,120.0,0.0,11.0,6.0,15.0,2.5,1.0,61.0,10.0
2368.5698909698576,120.0,0.0,11.0,6.0,15.0,2.5,1.0,61.0,10.0
2368.5703909698577,120.0,0.0,11.0,6.0,15.0,2.5,1.0,61.0,10.0
2368.970390969858,120.0,0.0,11.0,6.0,15.0,2.5,1.0,61.0,10.0
2368.970890969858,120.0,0.0,11.0,6.0,15.0,2.5,1.0,61.0,10.0
2369.370890969858,120.0,0.0,11.0,6.0,15.0,2.5,1.0,61.0,10.0
2369.371390969858,110.0,0.0,11.0,6.0,15.0,2.5,1.0,61.0,10.0
2369.771390969858,110.0,0.0,11.0,6.0,15.0,2.5,1.0,61.0,10.0
2369.7719364244035,110.0,0.0,11.0,6.0,15.0,2.5,1.0,61.0,10.0
2370.1719364244036,110.0,0.0,11.0,6.0,15.0,2.5,1.0,61.0,10.0
2370.172481878949,110.0,0.0,11.0,6.0,15.0,2.5,1.0,61.0,10.0
2370.572481878949,110.0,0.0,11.0,6.0,15.0,2.5,1.0,61.0,10.0
2370.5730273334943,110.0,0.0,11.0,6.0,15.0,2.5,1.0,61.0,10.0
2370.9730273334944,110.0,0.0,11.0,6.0,15.0,2.5,1.0,61.0,10.0
2370.9735727880397,110.0,0.0,11.0,6.0,15.0,2.5,1.0,61.0,10.0
2371.37357278804,110.0,0.0,11.0,6.0,15.0,2.5,1.0,61.0,10.0
2371.374118242585,110.0,0.0,11.0,6.0,15.0,2.5,1.0,61.0,10.0
2371.7741182425852,110.0,0.0,11.0,6.0,15.0,2.5,1.0,61.0,10.0
2371.7746636971306,110.0,0.0,11.0,6.0,15.0,2.5,1.0,61.0,10.0
2372.1746636971307,110.0,0.0,11.0,6.0,15.0,2.5,1.0,61.0,10.0
2372.175209151676,110.0,0.0,11.0,6.0,15.0,2.5,1.0,61.0,10.0
2372.575209151676,110.0,0.0,11.0,6.0,15.0,2.5,1.0,61.0,10.0
2372.5757546062214,110.0,0.0,11.0,6.0,15.0,2.5,1.0,61.0,10.0
2372.9757546062215,110.0,0.0,11.0,6.0,15.0,2.5,1.0,61.0,10.0
2372.976300060767,110.0,0.0,11.0,6.0,15.0,2.5,1.0,61.0,10.0
2373.376300060767,110.0,0.0,11.0,6.0,15.0,2.5,1.0,61.0,10.0
2373.376845515312,110.0,0.0,11.0,6.0,15.0,2.5,1.0,61.0,10.0
2373.7768455153123,110.0,0.0,11.0,6.0,15.0,2.5,1.0,61.0,10.0
2373.7773909698576,110.0,0.0,11.0,6.0,15.0,2.5,1.0,61.0,10.0
2374.1773909698577,110.0,0.0,11.0,6.0,15.0,2.5,1.0,61.0,10.0
2374.177936424403,110.0,0.0,11.0,6.0,15.0,2.5,1.0,61.0,10.0
2374.577936424403,110.0,0.0,11.0,6.0,15.0,2.5,1.0,61.0,10.0
2374.5784818789484,110.0,0.0,11.0,6.0,15.0,2.5,1.0,61.0,10.0
2374.9784818789485,110.0,0.0,11.0,6.0,15.0,2.5,1.0,61.0,10.0
2374.979027333494,110.0,0.0,11.0,6.0,15.0,2.5,1.0,61.0,10.0
2375.379027333494,110.0,0.0,11.0,6.0,15.0,2.5,1.0,61.0,10.0
2375.3795727880392,100.0,0.0,11.0,6.0,15.0,2.5,1.0,61.0,10.0
2375.7795727880393,100.0,0.0,11.0,6.0,15.0,2.5,1.0,61.0,10.0
2375.780172788039,100.0,0.0,11.0,6.0,15.0,2.5,1.0,61.0,10.0
2376.1801727880393,100.0,0.0,11.0,6.0,15.0,2.5,1.0,61.0,10.0
2376.180772788039,100.0,0.0,11.0,6.0,15.0,2.5,1.0,61.0,10.0
2376.580772788039,100.0,0.0,11.0,6.0,15.0,2.5,1.0,61.0,10.0
2376.581372788039,100.0,0.0,11.0,6.0,15.0,2.5,1.0,61.0,10.0
2376.981372788039,100.0,0.0,11.0,6.0,15.0,2.5,1.0,61.0,10.0
2376.981972788039,100.0,0.0,11.0,6.0,15.0,2.5,1.0,61.0,10.0
2377.381972788039,100.0,0.0,11.0,6.0,15.0,2.5,1.0,61.0,10.0
2377.382572788039,100.0,0.0,11.0,6.0,15.0,2.5,1.0,61.0,10.0
2377.782572788039,100.0,0.0,11.0,6.0,15.0,2.5,1.0,61.0,10.0
2377.783172788039,100.0,0.0,11.0,6.0,15.0,2.5,1.0,61.0,10.0
2378.183172788039,100.0,0.0,11.0,6.0,15.0,2.5,1.0,61.0,10.0
2378.183772788039,100.0,0.0,11.0,6.0,15.0,2.5,1.0,61.0,10.0
2378.583772788039,100.0,0.0,11.0,6.0,15.0,2.5,1.0,61.0,10.0
2378.5843727880388,100.0,0.0,11.0,6.0,15.0,2.5,1.0,61.0,10.0
2378.984372788039,100.0,0.0,11.0,6.0,15.0,2.5,1.0,61.0,10.0
2378.9849727880387,100.0,0.0,11.0,6.0,15.0,2.5,1.0,61.0,10.0
2379.384972788039,100.0,0.0,11.0,6.0,15.0,2.5,1.0,61.0,10.0
2379.3855727880386,100.0,0.0,11.0,6.0,15.0,2.5,1.0,61.0,10.0
2379.7855727880387,100.0,0.0,11.0,6.0,15.0,2.5,1.0,61.0,10.0
2379.7861727880386,100.0,0.0,11.0,6.0,15.0,2.5,1.0,61.0,10.0
2380.1861727880387,100.0,0.0,11.0,6.0,15.0,2.5,1.0,61.0,10.0
2380.1867727880385,100.0,0.0,11.0,6.0,15.0,2.5,1.0,61.0,10.0
2380.5867727880386,100.0,0.0,11.0,6.0,15.0,2.5,1.0,61.0,10.0
2380.5873727880385,100.0,0.0,11.0,6.0,15.0,2.5,1.0,61.0,10.0
2380.9873727880386,100.0,0.0,11.0,6.0,15.0,2.5,1.0,61.0,10.0
2380.9879727880384,100.0,0.0,11.0,6.0,15.0,2.5,1.0,61.0,10.0
2381.3879727880385,100.0,0.0,11.0,6.0,15.0,2.5,1.0,61.0,10.0
2381.3885727880383,100.0,0.0,11.0,6.0,15.0,2.5,1.0,61.0,10.0
2381.7885727880384,100.0,0.0,11.0,6.0,15.0,2.5,1.0,61.0,10.0
2381.7891727880383,100.0,0.0,11.0,6.0,15.0,2.5,1.0,61.0,10.0
2382.1891727880384,100.0,0.0,11.0,6.0,15.0,2.5,1.0,61.0,10.0
2382.189772788038,100.0,0.0,11.0,6.0,15.0,2.5,1.0,61.0,10.0
2382.5897727880383,100.0,0.0,11.0,6.0,15.0,2.5,1.0,61.0,10.0
2382.590372788038,100.0,0.0,11.0,6.0,15.0,2.5,1.0,61.0,10.0
2382.9903727880383,100.0,0.0,11.0,6.0,15.0,2.5,1.0,61.0,10.0
2382.990972788038,100.0,0.0,11.0,6.0,15.0,2.5,1.0,61.0,10.0
2383.390972788038,100.0,0.0,11.0,6.0,15.0,2.5,1.0,61.0,10.0
2383.391572788038,100.0,0.0,11.0,6.0,15.0,2.5,1.0,61.0,10.0
2383.791572788038,100.0,0.0,11.0,6.0,15.0,2.5,1.0,61.0,10.0
2383.792172788038,100.0,0.0,11.0,6.0,15.0,2.5,1.0,61.0,10.0
2384.192172788038,100.0,0.0,11.0,6.0,15.0,2.5,1.0,61.0,10.0
2384.192772788038,100.0,0.0,11.0,6.0,15.0,2.5,1.0,61.0,10.0
2384.592772788038,100.0,0.0,11.0,6.0,15.0,2.5,1.0,61.0,10.0
2384.593372788038,100.0,0.0,11.0,6.0,15.0,2.5,1.0,61.0,10.0
2384.993372788038,100.0,0.0,11.0,6.0,15.0,2.5,1.0,61.0,10.0
2384.993972788038,100.0,0.0,11.0,6.0,15.0,2.5,1.0,61.0,10.0
2385.393972788038,100.0,0.0,11.0,6.0,15.0,2.5,1.0,61.0,10.0
2385.3945727880377,100.0,0.0,11.0,6.0,15.0,2.5,1.0,61.0,10.0
2385.794572788038,100.0,0.0,11.0,6.0,15.0,2.5,1.0,61.0,10.0
2385.7951727880377,100.0,0.0,11.0,6.0,15.0,2.5,1.0,61.0,10.0
2386.195172788038,100.0,0.0,11.0,6.0,15.0,2.5,1.0,61.0,10.0
2386.1957727880376,100.0,0.0,11.0,6.0,15.0,2.5,1.0,61.0,10.0
2386.5957727880377,100.0,0.0,11.0,6.0,15.0,2.5,1.0,61.0,10.0
2386.5963727880376,100.0,0.0,11.0,6.0,15.0,2.5,1.0,61.0,10.0
2386.9963727880377,100.0,0.0,11.0,6.0,15.0,2.5,1.0,61.0,10.0
2386.9969727880375,100.0,0.0,11.0,6.0,15.0,2.5,1.0,61.0,10.0
2387.3969727880376,100.0,0.0,11.0,6.0,15.0,2.5,1.0,61.0,10.0
2387.3975727880375,100.0,0.0,11.0,6.0,15.0,2.5,1.0,61.0,10.0
2387.7975727880375,100.0,0.0,11.0,6.0,15.0,2.5,1.0,61.0,10.0
2387.7981727880374,100.0,0.0,11.0,6.0,15.0,2.5,1.0,61.0,10.0
2388.1981727880375,100.0,0.0,11.0,6.0,15.0,2.5,1.0,61.0,10.0
2388.1987727880373,100.0,0.0,11.0,6.0,15.0,2.5,1.0,61.0,10.0
2388.5987727880374,100.0,0.0,11.0,6.0,15.0,2.5,1.0,61.0,10.0
2388.5993727880373,100.0,0.0,11.0,6.0,15.0,2.5,1.0,61.0,10.0
2388.9993727880374,100.0,0.0,11.0,6.0,15.0,2.5,1.0,61.0,10.0
2388.999972788037,100.0,0.0,11.0,6.0,15.0,2.5,1.0,61.0,10.0
2389.3999727880373,100.0,0.0,11.0,6.0,15.0,2.5,1.0,61.0,10.0
2389.400572788037,100.0,0.0,11.0,6.0,15.0,2.5,1.0,61.0,10.0
2389.8005727880372,100.0,0.0,11.0,6.0,15.0,2.5,1.0,61.0,10.0
2389.801172788037,100.0,0.0,11.0,6.0,15.0,2.5,1.0,61.0,10.0
2390.201172788037,100.0,0.0,11.0,6.0,15.0,2.5,1.0,61.0,10.0
2390.201772788037,100.0,0.0,11.0,6.0,15.0,2.5,1.0,61.0,10.0
2390.601772788037,100.0,0.0,11.0,6.0,15.0,2.5,1.0,61.0,10.0
2390.602372788037,100.0,0.0,11.0,6.0,15.0,2.5,1.0,61.0,10.0
2391.002372788037,100.0,0.0,11.0,6.0,15.0,2.5,1.0,61.0,10.0
2391.002972788037,100.0,0.0,11.0,6.0,15.0,2.5,1.0,61.0,10.0
2391.402972788037,100.0,0.0,11.0,6.0,15.0,2.5,1.0,61.0,10.0
2391.403572788037,100.0,0.0,11.0,6.0,15.0,2.5,1.0,61.0,10.0
2391.803572788037,100.0,0.0,11.0,6.0,15.0,2.5,1.0,61.0,10.0
2391.804172788037,100.0,0.0,11.0,6.0,15.0,2.5,1.0,61.0,10.0
2392.204172788037,100.0,0.0,11.0,6.0,15.0,2.5,1.0,61.0,10.0
2392.2047727880367,100.0,0.0,11.0,6.0,15.0,2.5,1.0,61.0,10.0
2392.604772788037,100.0,0.0,11.0,6.0,15.0,2.5,1.0,61.0,10.0
2392.6053727880367,100.0,0.0,11.0,6.0,15.0,2.5,1.0,61.0,10.0
2393.0053727880368,100.0,0.0,11.0,6.0,15.0,2.5,1.0,61.0,10.0
2393.0059727880366,100.0,0.0,11.0,6.0,15.0,2.5,1.0,61.0,10.0
2393.4059727880367,100.0,0.0,11.0,6.0,15.0,2.5,1.0,61.0,10.0
2393.4065727880366,100.0,0.0,11.0,6.0,15.0,2.5,1.0,61.0,10.0
2393.8065727880366,100.0,0.0,11.0,6.0,15.0,2.5,1.0,61.0,10.0
2393.8071727880365,100.0,0.0,11.0,6.0,15.0,2.5,1.0,61.0,10.0
2394.2071727880366,100.0,0.0,11.0,6.0,15.0,2.5,1.0,61.0,10.0
2394.2077727880364,100.0,0.0,11.0,6.0,15.0,2.5,1.0,61.0,10.0
2394.6077727880365,100.0,0.0,11.0,6.0,15.0,2.5,1.0,61.0,10.0
2394.6083727880364,100.0,0.0,11.0,6.0,15.0,2.5,1.0,61.0,10.0
2395.0083727880365,100.0,0.0,11.0,6.0,15.0,2.5,1.0,61.0,10.0
2395.0089727880363,100.0,0.0,11.0,6.0,15.0,2.5,1.0,61.0,10.0
2395.4089727880364,100.0,0.0,11.0,6.0,15.0,2.5,1.0,61.0,10.0
2395.4095727880363,100.0,0.0,11.0,6.0,15.0,2.5,1.0,61.0,10.0
2395.8095727880363,100.0,0.0,11.0,6.0,15.0,2.5,1.0,61.0,10.0
2395.810172788036,100.0,0.0,11.0,6.0,15.0,2.5,1.0,61.0,10.0
2396.2101727880363,100.0,0.0,11.0,6.0,15.0,2.5,1.0,61.0,10.0
2396.210772788036,100.0,0.0,11.0,6.0,15.0,2.5,1.0,61.0,10.0
2396.6107727880362,100.0,0.0,11.0,6.0,15.0,2.5,1.0,61.0,10.0
2396.611372788036,100.0,0.0,11.0,6.0,15.0,2.5,1.0,61.0,10.0
2397.011372788036,100.0,0.0,11.0,6.0,15.0,2.5,1.0,61.0,10.0
2397.011972788036,100.0,0.0,11.0,6.0,15.0,2.5,1.0,61.0,10.0
2397.411972788036,100.0,0.0,11.0,6.0,15.0,2.5,1.0,61.0,10.0
2397.412572788036,90.0,0.0,11.0,6.0,15.0,2.5,1.0,61.0,10.0
2397.812572788036,90.0,0.0,11.0,6.0,15.0,2.5,1.0,61.0,10.0
2397.813239454703,90.0,0.0,11.0,6.0,15.0,2.5,1.0,61.0,10.0
2398.213239454703,90.0,0.0,11.0,6.0,15.0,2.5,1.0,61.0,10.0
2398.2139061213697,90.0,0.0,11.0,6.0,15.0,2.5,1.0,61.0,10.0
2398.61390612137,90.0,0.0,11.0,6.0,15.0,2.5,1.0,61.0,10.0
2398.6145727880366,90.0,0.0,11.0,6.0,15.0,2.5,1.0,61.0,10.0
2399.0145727880367,90.0,0.0,11.0,6.0,15.0,2.5,1.0,61.0,10.0
2399.0152394547035,90.0,0.0,11.0,6.0,15.0,2.5,1.0,61.0,10.0
2399.4152394547036,90.0,0.0,11.0,6.0,15.0,2.5,1.0,61.0,10.0
2399.4159061213704,90.0,0.0,11.0,6.0,15.0,2.5,1.0,61.0,10.0
2399.8159061213705,90.0,0.0,11.0,6.0,15.0,2.5,1.0,61.0,10.0
2399.8165727880373,90.0,0.0,11.0,6.0,15.0,2.5,1.0,61.0,10.0
2400.2165727880374,90.0,0.0,11.0,6.0,15.0,2.5,1.0,61.0,10.0
2400.217239454704,90.0,0.0,11.0,6.0,15.0,2.5,1.0,61.0,10.0
2400.6172394547043,90.0,0.0,11.0,6.0,15.0,2.5,1.0,61.0,10.0
2400.617906121371,90.0,0.0,11.0,6.0,15.0,2.5,1.0,61.0,10.0
2401.017906121371,90.0,0.0,11.0,6.0,15.0,2.5,1.0,61.0,10.0
2401.018572788038,90.0,0.0,11.0,6.0,15.0,2.5,1.0,61.0,10.0
2401.418572788038,90.0,0.0,11.0,6.0,15.0,2.5,1.0,61.0,10.0
2401.419239454705,90.0,0.0,11.0,6.0,15.0,2.5,1.0,61.0,10.0
2401.819239454705,90.0,0.0,11.0,6.0,15.0,2.5,1.0,61.0,10.0
2401.819906121372,90.0,0.0,11.0,6.0,15.0,2.5,1.0,61.0,10.0
2402.219906121372,90.0,0.0,11.0,6.0,15.0,2.5,1.0,61.0,10.0
2402.2205727880387,90.0,0.0,11.0,6.0,15.0,2.5,1.0,61.0,10.0
2402.6205727880388,90.0,0.0,11.0,6.0,15.0,2.5,1.0,61.0,10.0
2402.6212394547056,90.0,0.0,11.0,6.0,15.0,2.5,1.0,61.0,10.0
2403.0212394547057,90.0,0.0,11.0,6.0,15.0,2.5,1.0,61.0,10.0
2403.0219061213725,90.0,0.0,11.0,6.0,15.0,2.5,1.0,61.0,10.0
2403.4219061213726,90.0,0.0,11.0,6.0,15.0,2.5,1.0,61.0,10.0
2403.4225727880394,90.0,0.0,11.0,6.0,15.0,2.5,1.0,61.0,10.0
2403.8225727880395,90.0,0.0,11.0,6.0,15.0,2.5,1.0,61.0,10.0
2403.8232394547063,90.0,0.0,11.0,6.0,15.0,2.5,1.0,61.0,10.0
2404.2232394547063,90.0,0.0,11.0,6.0,15.0,2.5,1.0,61.0,10.0
2404.223906121373,90.0,0.0,11.0,6.0,15.0,2.5,1.0,61.0,10.0
2404.6239061213732,90.0,0.0,11.0,6.0,15.0,2.5,1.0,61.0,10.0
2404.62457278804,90.0,0.0,11.0,6.0,15.0,2.5,1.0,61.0,10.0
2405.02457278804,90.0,0.0,11.0,6.0,15.0,2.5,1.0,61.0,10.0
2405.025239454707,90.0,0.0,11.0,6.0,15.0,2.5,1.0,61.0,10.0
2405.425239454707,90.0,0.0,11.0,6.0,15.0,2.5,1.0,61.0,10.0
2405.425906121374,90.0,0.0,11.0,6.0,15.0,2.5,1.0,61.0,10.0
2405.825906121374,90.0,0.0,11.0,6.0,15.0,2.5,1.0,61.0,10.0
2405.8265727880407,90.0,0.0,11.0,6.0,15.0,2.5,1.0,61.0,10.0
2406.226572788041,90.0,0.0,11.0,6.0,15.0,2.5,1.0,61.0,10.0
2406.2272394547076,90.0,0.0,11.0,6.0,15.0,2.5,1.0,61.0,10.0
2406.6272394547077,90.0,0.0,11.0,6.0,15.0,2.5,1.0,61.0,10.0
2406.6279061213745,90.0,0.0,11.0,6.0,15.0,2.5,1.0,61.0,10.0
2407.0279061213746,90.0,0.0,11.0,6.0,15.0,2.5,1.0,61.0,10.0
2407.0285727880414,90.0,0.0,11.0,6.0,15.0,2.5,1.0,61.0,10.0
2407.4285727880415,90.0,0.0,11.0,6.0,15.0,2.5,1.0,61.0,10.0
2407.4292394547083,90.0,0.0,11.0,6.0,15.0,2.5,1.0,61.0,10.0
2407.8292394547084,90.0,0.0,11.0,6.0,15.0,2.5,1.0,61.0,10.0
2407.829906121375,90.0,0.0,11.0,6.0,15.0,2.5,1.0,61.0,10.0
2408.2299061213753,90.0,0.0,11.0,6.0,15.0,2.5,1.0,61.0,10.0
2408.230572788042,90.0,0.0,11.0,6.0,15.0,2.5,1.0,61.0,10.0
2408.630572788042,90.0,0.0,11.0,6.0,15.0,2.5,1.0,61.0,10.0
2408.631239454709,90.0,0.0,11.0,6.0,15.0,2.5,1.0,61.0,10.0
2409.031239454709,90.0,0.0,11.0,6.0,15.0,2.5,1.0,61.0,10.0
2409.031906121376,90.0,0.0,11.0,6.0,15.0,2.5,1.0,61.0,10.0
2409.431906121376,90.0,0.0,11.0,6.0,15.0,2.5,1.0,61.0,10.0
2409.4325727880428,90.0,0.0,11.0,6.0,15.0,2.5,1.0,61.0,10.0
2409.832572788043,90.0,0.0,11.0,6.0,15.0,2.5,1.0,61.0,10.0
2409.8332394547097,90.0,0.0,11.0,6.0,15.0,2.5,1.0,61.0,10.0
2410.2332394547097,90.0,0.0,11.0,6.0,15.0,2.5,1.0,61.0,10.0
2410.2339061213765,80.0,0.0,11.0,6.0,15.0,2.5,1.0,61.0,10.0
2410.6339061213766,80.0,0.0,11.0,6.0,15.0,2.5,1.0,61.0,10.0
2410.634656121377,80.0,0.0,11.0,6.0,15.0,2.5,1.0,61.0,10.0
2411.034656121377,80.0,0.0,11.0,6.0,15.0,2.5,1.0,61.0,10.0
2411.035406121377,80.0,0.0,11.0,6.0,15.0,2.5,1.0,61.0,10.0
2411.435406121377,80.0,0.0,11.0,6.0,15.0,2.5,1.0,61.0,10.0
2411.4361561213773,80.0,0.0,11.0,6.0,15.0,2.5,1.0,61.0,10.0
2411.8361561213774,80.0,0.0,11.0,6.0,15.0,2.5,1.0,61.0,10.0
2411.8369061213775,80.0,0.0,11.0,6.0,15.0,2.5,1.0,61.0,10.0
2412.2369061213776,80.0,0.0,11.0,6.0,15.0,2.5,1.0,61.0,10.0
2412.2376561213778,90.0,0.0,11.0,6.0,15.0,2.5,1.0,61.0,10.0
2412.637656121378,90.0,0.0,11.0,6.0,15.0,2.5,1.0,61.0,10.0
2412.6383227880447,90.0,0.0,11.0,6.0,15.0,2.5,1.0,61.0,10.0
2413.0383227880448,90.0,0.0,11.0,6.0,15.0,2.5,1.0,61.0,10.0
2413.0389894547116,90.0,0.0,11.0,6.0,15.0,2.5,1.0,61.0,10.0
2413.4389894547116,90.0,0.0,11.0,6.0,15.0,2.5,1.0,61.0,10.0
2413.4396561213784,90.0,0.0,11.0,6.0,15.0,2.5,1.0,61.0,10.0
2413.8396561213785,90.0,0.0,11.0,6.0,15.0,2.5,1.0,61.0,10.0
2413.8403227880453,80.0,0.0,11.0,6.0,15.0,2.5,1.0,61.0,10.0
2414.2403227880454,80.0,0.0,11.0,6.0,15.0,2.5,1.0,61.0,10.0
2414.2410727880456,90.0,0.0,11.0,6.0,15.0,2.5,1.0,61.0,10.0
2414.6410727880457,90.0,0.0,11.0,6.0,15.0,2.5,1.0,61.0,10.0
2414.6417394547125,90.0,0.0,11.0,6.0,15.0,2.5,1.0,61.0,10.0
2415.0417394547126,90.0,0.0,11.0,6.0,15.0,2.5,1.0,61.0,10.0
2415.0424061213794,90.0,0.0,11.0,6.0,15.0,2.5,1.0,61.0,10.0
2415.4424061213795,90.0,0.0,11.0,6.0,15.0,2.5,1.0,61.0,10.0
2415.4430727880463,90.0,0.0,11.0,6.0,15.0,2.5,1.0,61.0,10.0
2415.8430727880464,90.0,0.0,11.0,6.0,15.0,2.5,1.0,61.0,10.0
2415.843739454713,90.0,0.0,11.0,6.0,15.0,2.5,1.0,61.0,10.0
2416.2437394547132,90.0,0.0,11.0,6.0,15.0,2.5,1.0,61.0,10.0
2416.24440612138,90.0,0.0,11.0,6.0,15.0,2.5,1.0,61.0,10.0
2416.64440612138,90.0,0.0,11.0,6.0,15.0,2.5,1.0,61.0,10.0
2416.645072788047,90.0,0.0,11.0,6.0,15.0,2.5,1.0,61.0,10.0
2417.045072788047,90.0,0.0,11.0,6.0,15.0,2.5,1.0,61.0,10.0
2417.045739454714,90.0,0.0,11.0,6.0,15.0,2.5,1.0,61.0,10.0
2417.445739454714,90.0,0.0,11.0,6.0,15.0,2.5,1.0,61.0,10.0
2417.4464061213807,90.0,0.0,11.0,6.0,15.0,2.5,1.0,61.0,10.0
2417.846406121381,90.0,0.0,11.0,6.0,15.0,2.5,1.0,61.0,10.0
2417.8470727880476,90.0,0.0,11.0,6.0,15.0,2.5,1.0,61.0,10.0
2418.2470727880477,90.0,0.0,11.0,6.0,15.0,2.5,1.0,61.0,10.0
2418.2477394547145,90.0,0.0,11.0,6.0,15.0,2.5,1.0,61.0,10.0
2418.6477394547146,90.0,0.0,11.0,6.0,15.0,2.5,1.0,61.0,10.0
2418.6484061213814,90.0,0.0,11.0,6.0,15.0,2.5,1.0,61.0,10.0
2419.0484061213815,90.0,0.0,11.0,6.0,15.0,2.5,1.0,61.0,10.0
2419.0490727880483,90.0,0.0,11.0,6.0,15.0,2.5,1.0,61.0,10.0
2419.4490727880484,90.0,0.0,11.0,6.0,15.0,2.5,1.0,61.0,10.0
2419.449739454715,90.0,0.0,11.0,6.0,15.0,2.5,1.0,61.0,10.0
2419.8497394547153,90.0,0.0,11.0,6.0,15.0,2.5,1.0,61.0,10.0
2419.850406121382,90.0,0.0,11.0,6.0,15.0,2.5,1.0,61.0,10.0
2420.250406121382,90.0,0.0,11.0,6.0,15.0,2.5,1.0,61.0,10.0
2420.251072788049,90.0,0.0,11.0,6.0,15.0,2.5,1.0,61.0,10.0
2420.651072788049,90.0,0.0,11.0,6.0,15.0,2.5,1.0,61.0,10.0
2420.651739454716,90.0,0.0,11.0,6.0,15.0,2.5,1.0,61.0,10.0
2421.051739454716,90.0,0.0,11.0,6.0,15.0,2.5,1.0,61.0,10.0
2421.052406121383,90.0,0.0,11.0,6.0,15.0,2.5,1.0,61.0,10.0
2421.452406121383,90.0,0.0,11.0,6.0,15.0,2.5,1.0,61.0,10.0
2421.4530727880497,90.0,0.0,11.0,6.0,15.0,2.5,1.0,61.0,10.0
2421.8530727880498,90.0,0.0,11.0,6.0,15.0,2.5,1.0,61.0,10.0
2421.8537394547166,90.0,0.0,11.0,6.0,15.0,2.5,1.0,61.0,10.0
2422.2537394547167,90.0,0.0,11.0,6.0,15.0,2.5,1.0,61.0,10.0
2422.2544061213835,90.0,0.0,11.0,6.0,15.0,2.5,1.0,61.0,10.0
2422.6544061213835,90.0,0.0,11.0,6.0,15.0,2.5,1.0,61.0,10.0
2422.6550727880503,90.0,0.0,11.0,6.0,15.0,2.5,1.0,61.0,10.0
2423.0550727880504,90.0,0.0,11.0,6.0,15.0,2.5,1.0,61.0,10.0
2423.0557394547172,90.0,0.0,11.0,6.0,15.0,2.5,1.0,61.0,10.0
2423.4557394547173,90.0,0.0,11.0,6.0,15.0,2.5,1.0,61.0,10.0
2423.456406121384,90.0,0.0,11.0,6.0,15.0,2.5,1.0,61.0,10.0
2423.856406121384,90.0,0.0,11.0,6.0,15.0,2.5,1.0,61.0,10.0
2423.857072788051,90.0,0.0,11.0,6.0,15.0,2.5,1.0,61.0,10.0
2424.257072788051,90.0,0.0,11.0,6.0,15.0,2.5,1.0,61.0,10.0
2424.257739454718,90.0,0.0,11.0,6.0,15.0,2.5,1.0,61.0,10.0
2424.657739454718,90.0,0.0,11.0,6.0,15.0,2.5,1.0,61.0,10.0
2424.658406121385,90.0,0.0,11.0,6.0,15.0,2.5,1.0,61.0,10.0
2425.058406121385,90.0,0.0,11.0,6.0,15.0,2.5,1.0,61.0,10.0
2425.0590727880517,90.0,0.0,11.0,6.0,15.0,2.5,1.0,61.0,10.0
2425.459072788052,90.0,0.0,11.0,6.0,15.0,2.5,1.0,61.0,10.0
2425.4597394547186,90.0,0.0,11.0,6.0,15.0,2.5,1.0,61.0,10.0
2425.8597394547187,90.0,0.0,11.0,6.0,15.0,2.5,1.0,61.0,10.0
2425.8604061213855,90.0,0.0,11.0,6.0,15.0,2.5,1.0,61.0,10.0
2426.2604061213856,90.0,0.0,11.0,6.0,15.0,2.5,1.0,61.0,10.0
2426.2610727880524,90.0,0.0,11.0,6.0,15.0,2.5,1.0,61.0,10.0
2426.6610727880525,90.0,0.0,11.0,6.0,15.0,2.5,1.0,61.0,10.0
2426.6617394547193,90.0,0.0,11.0,6.0,15.0,2.5,1.0,61.0,10.0
2427.0617394547194,90.0,0.0,11.0,6.0,15.0,2.5,1.0,61.0,10.0
2427.062406121386,90.0,0.0,11.0,6.0,15.0,2.5,1.0,61.0,10.0
2427.4624061213863,90.0,0.0,11.0,6.0,15.0,2.5,1.0,61.0,10.0
2427.463072788053,90.0,0.0,11.0,6.0,15.0,2.5,1.0,61.0,10.0
2427.863072788053,90.0,0.0,11.0,6.0,15.0,2.5,1.0,61.0,10.0
2427.86373945472,90.0,0.0,11.0,6.0,15.0,2.5,1.0,61.0,10.0
2428.26373945472,90.0,0.0,11.0,6.0,15.0,2.5,1.0,61.0,10.0
2428.264406121387,80.0,0.0,11.0,6.0,15.0,0.5,1.0,62.0,10.0
2428.664406121387,80.0,0.0,11.0,6.0,15.0,0.5,1.0,62.0,10.0
2428.665156121387,80.0,0.0,11.0,6.0,15.0,0.5,1.0,62.0,10.0
2429.065156121387,80.0,0.0,11.0,6.0,15.0,0.5,1.0,62.0,10.0
2429.0659061213873,80.0,0.0,11.0,6.0,15.0,0.5,1.0,62.0,10.0
2429.4659061213874,80.0,0.0,11.0,6.0,15.0,0.5,1.0,62.0,10.0
2429.4666561213876,80.0,0.0,11.0,6.0,15.0,0.5,1.0,62.0,10.0
2429.8666561213877,80.0,0.0,11.0,6.0,15.0,0.5,1.0,62.0,10.0
2429.867406121388,80.0,0.0,11.0,6.0,15.0,0.5,1.0,62.0,10.0
2430.267406121388,80.0,0.0,11.0,6.0,15.0,0.5,1.0,62.0,10.0
2430.268156121388,80.0,0.0,11.0,6.0,15.0,0.5,1.0,62.0,10.0
2430.668156121388,80.0,0.0,11.0,6.0,15.0,0.5,1.0,62.0,10.0
2430.6689061213883,80.0,0.0,11.0,6.0,15.0,0.5,1.0,62.0,10.0
2431.0689061213884,80.0,0.0,11.0,6.0,15.0,0.5,1.0,62.0,10.0
2431.0696561213886,90.0,0.0,11.0,6.0,15.0,0.5,1.0,62.0,10.0
2431.4696561213887,90.0,0.0,11.0,6.0,15.0,0.5,1.0,62.0,10.0
2431.4703227880555,90.0,0.0,11.0,6.0,15.0,0.5,1.0,62.0,10.0
2431.8703227880555,90.0,0.0,11.0,6.0,15.0,0.5,1.0,62.0,10.0
2431.8709894547223,90.0,0.0,11.0,6.0,15.0,0.5,1.0,62.0,10.0
2432.2709894547224,90.0,0.0,11.0,6.0,15.0,0.5,1.0,62.0,10.0
2432.2716561213892,90.0,0.0,11.0,6.0,15.0,0.5,1.0,62.0,10.0
2432.6716561213893,90.0,0.0,11.0,6.0,15.0,0.5,1.0,62.0,10.0
2432.672322788056,90.0,0.0,11.0,6.0,15.0,0.5,1.0,62.0,10.0
2433.072322788056,90.0,0.0,11.0,6.0,15.0,0.5,1.0,62.0,10.0
2433.072989454723,90.0,0.0,11.0,6.0,15.0,0.5,1.0,62.0,10.0
2433.472989454723,90.0,0.0,11.0,6.0,15.0,0.5,1.0,62.0,10.0
2433.47365612139,90.0,0.0,11.0,6.0,15.0,0.5,1.0,62.0,10.0
2433.87365612139,90.0,0.0,11.0,6.0,15.0,0.5,1.0,62.0,10.0
2433.874322788057,90.0,0.0,11.0,6.0,15.0,0.5,1.0,62.0,10.0
2434.274322788057,90.0,0.0,11.0,6.0,15.0,0.5,1.0,62.0,10.0
2434.2749894547237,90.0,0.0,11.0,6.0,15.0,0.5,1.0,62.0,10.0
2434.674989454724,90.0,0.0,11.0,6.0,15.0,0.5,1.0,62.0,10.0
2434.6756561213906,90.0,0.0,11.0,6.0,15.0,0.5,1.0,62.0,10.0
2435.0756561213907,90.0,0.0,11.0,6.0,15.0,0.5,1.0,62.0,10.0
2435.0763227880575,90.0,0.0,11.0,6.0,15.0,0.5,1.0,62.0,10.0
2435.4763227880576,90.0,0.0,11.0,6.0,15.0,0.5,1.0,62.0,10.0
2435.4769894547244,90.0,0.0,11.0,6.0,15.0,0.5,1.0,62.0,10.0
2435.8769894547245,90.0,0.0,11.0,6.0,15.0,0.5,1.0,62.0,10.0
2435.8776561213913,90.0,0.0,11.0,6.0,15.0,0.5,1.0,62.0,10.0
2436.2776561213914,90.0,0.0,11.0,6.0,15.0,0.5,1.0,62.0,10.0
2436.278322788058,80.0,0.0,11.0,6.0,15.0,0.5,1.0,62.0,10.0
2436.6783227880583,80.0,0.0,11.0,6.0,15.0,0.5,1.0,62.0,10.0
2436.6790727880584,80.0,0.0,11.0,6.0,15.0,0.5,1.0,62.0,10.0
2437.0790727880585,80.0,0.0,11.0,6.0,15.0,0.5,1.0,62.0,10.0
2437.0798227880587,80.0,0.0,11.0,6.0,15.0,0.5,1.0,62.0,10.0
2437.4798227880588,80.0,0.0,11.0,6.0,15.0,0.5,1.0,62.0,10.0
2437.480572788059,80.0,0.0,11.0,6.0,15.0,0.5,1.0,62.0,10.0
2437.880572788059,80.0,0.0,11.0,6.0,15.0,0.5,1.0,62.0,10.0
2437.881322788059,80.0,0.0,11.0,6.0,15.0,0.5,1.0,62.0,10.0
2438.2813227880592,80.0,0.0,11.0,6.0,15.0,0.5,1.0,62.0,10.0
2438.2820727880594,80.0,0.0,11.0,6.0,15.0,0.5,1.0,62.0,10.0
2438.6820727880595,80.0,0.0,11.0,6.0,15.0,0.5,1.0,62.0,10.0
2438.6828227880596,80.0,0.0,11.0,6.0,15.0,0.5,1.0,62.0,10.0
2439.0828227880597,80.0,0.0,11.0,6.0,15.0,0.5,1.0,62.0,10.0
2439.08357278806,70.0,0.0,11.0,6.0,15.0,0.5,1.0,62.0,10.0
2439.48357278806,70.0,0.0,11.0,6.0,15.0,0.5,1.0,62.0,10.0
2439.484429930917,70.0,0.0,11.0,6.0,15.0,0.5,1.0,62.0,10.0
2439.884429930917,70.0,0.0,11.0,6.0,15.0,0.5,1.0,62.0,10.0
2439.885287073774,70.0,0.0,11.0,7.0,15.0,0.5,1.0,62.0,10.0
2440.2852870737743,70.0,0.0,11.0,7.0,15.0,0.5,1.0,62.0,10.0
2440.2861442166313,70.0,0.0,11.0,7.0,15.0,0.5,1.0,62.0,10.0
2440.6861442166314,70.0,0.0,11.0,7.0,15.0,0.5,1.0,62.0,10.0
2440.6870013594885,70.0,0.0,11.0,7.0,15.0,0.5,1.0,62.0,10.0
2441.0870013594886,70.0,0.0,11.0,7.0,15.0,0.5,1.0,62.0,10.0
2441.0878585023456,70.0,0.0,11.0,7.0,15.0,0.5,1.0,62.0,10.0
2441.4878585023457,70.0,0.0,11.0,7.0,15.0,0.5,1.0,62.0,10.0
2441.488715645203,70.0,0.0,11.0,7.0,15.0,0.5,1.0,62.0,10.0
2441.888715645203,70.0,0.0,11.0,7.0,15.0,0.5,1.0,62.0,10.0
2441.88957278806,70.0,0.0,11.0,7.0,15.0,0.5,1.0,62.0,10.0
2442.28957278806,70.0,0.0,11.0,7.0,15.0,0.5,1.0,62.0,10.0
2442.290429930917,70.0,0.0,11.0,7.0,15.0,0.5,1.0,62.0,10.0
2442.690429930917,70.0,0.0,11.0,7.0,15.0,0.5,1.0,62.0,10.0
2442.691287073774,70.0,0.0,11.0,7.0,15.0,0.5,1.0,62.0,10.0
2443.0912870737743,70.0,0.0,11.0,7.0,15.0,0.5,1.0,62.0,10.0
2443.0921442166314,70.0,0.0,11.0,7.0,15.0,0.5,1.0,62.0,10.0
2443.4921442166315,70.0,0.0,11.0,7.0,15.0,0.5,1.0,62.0,10.0
2443.4930013594885,70.0,0.0,11.0,7.0,15.0,0.5,1.0,62.0,10.0
2443.8930013594886,70.0,0.0,11.0,7.0,15.0,0.5,1.0,62.0,10.0
2443.8938585023457,70.0,0.0,11.0,7.0,15.0,0.5,1.0,62.0,10.0
2444.2938585023458,70.0,0.0,11.0,7.0,15.0,0.5,1.0,62.0,10.0
2444.294715645203,70.0,0.0,11.0,7.0,15.0,0.5,1.0,62.0,10.0
2444.694715645203,70.0,0.0,11.0,7.0,15.0,0.5,1.0,62.0,10.0
2444.69557278806,70.0,0.0,11.0,7.0,15.0,0.5,1.0,62.0,10.0
2445.09557278806,70.0,0.0,11.0,7.0,15.0,0.5,1.0,62.0,10.0
2445.096429930917,70.0,0.0,11.0,7.0,15.0,0.5,1.0,62.0,10.0
2445.496429930917,70.0,0.0,11.0,7.0,15.0,0.5,1.0,62.0,10.0
2445.4972870737743,70.0,0.0,11.0,7.0,15.0,0.5,1.0,62.0,10.0
2445.8972870737744,70.0,0.0,11.0,7.0,15.0,0.5,1.0,62.0,10.0
2445.8981442166314,70.0,0.0,11.0,7.0,15.0,0.5,1.0,62.0,10.0
2446.2981442166315,70.0,0.0,11.0,7.0,15.0,0.5,1.0,62.0,10.0
2446.2990013594886,70.0,0.0,11.0,7.0,15.0,0.5,1.0,62.0,10.0
2446.6990013594886,70.0,0.0,11.0,7.0,15.0,0.5,1.0,62.0,10.0
2446.6998585023457,70.0,0.0,11.0,7.0,15.0,0.5,1.0,62.0,10.0
2447.099858502346,70.0,0.0,11.0,7.0,15.0,0.5,1.0,62.0,10.0
2447.100715645203,70.0,0.0,11.0,7.0,15.0,0.5,1.0,62.0,10.0
2447.500715645203,70.0,0.0,11.0,7.0,15.0,0.5,1.0,62.0,10.0
2447.50157278806,70.0,0.0,11.0,7.0,15.0,0.5,1.0,62.0,10.0
2447.90157278806,70.0,0.0,11.0,7.0,15.0,0.5,1.0,62.0,10.0
2447.902429930917,70.0,0.0,11.0,7.0,15.0,0.5,1.0,62.0,10.0
2448.3024299309172,70.0,0.0,11.0,7.0,15.0,0.5,1.0,62.0,10.0
2448.3032870737743,70.0,0.0,11.0,7.0,15.0,0.5,1.0,62.0,10.0
2448.7032870737744,70.0,0.0,11.0,7.0,15.0,0.5,1.0,62.0,10.0
2448.7041442166314,70.0,0.0,11.0,7.0,15.0,0.5,1.0,62.0,10.0
2449.1041442166315,70.0,0.0,11.0,7.0,15.0,0.5,1.0,62.0,10.0
2449.1050013594886,70.0,0.0,11.0,7.0,15.0,0.5,1.0,62.0,10.0
2449.5050013594887,70.0,0.0,11.0,7.0,15.0,0.5,1.0,62.0,10.0
2449.5058585023457,70.0,0.0,11.0,7.0,15.0,0.5,1.0,62.0,10.0
2449.905858502346,70.0,0.0,11.0,7.0,15.0,0.5,1.0,62.0,10.0
2449.906715645203,70.0,0.0,11.0,7.0,15.0,0.5,1.0,62.0,10.0
2450.306715645203,70.0,0.0,11.0,7.0,15.0,0.5,1.0,62.0,10.0
2450.30757278806,70.0,0.0,11.0,7.0,15.0,0.5,1.0,62.0,10.0
2450.70757278806,70.0,0.0,11.0,7.0,15.0,0.5,1.0,62.0,10.0
2450.708429930917,70.0,0.0,11.0,7.0,15.0,0.5,1.0,62.0,10.0
2451.1084299309173,70.0,0.0,11.0,7.0,15.0,0.5,1.0,62.0,10.0
2451.1092870737743,70.0,0.0,11.0,7.0,15.0,0.5,1.0,62.0,10.0
2451.5092870737744,70.0,0.0,11.0,7.0,15.0,0.5,1.0,62.0,10.0
2451.5101442166315,80.0,0.0,11.0,7.0,15.0,0.5,1.0,62.0,10.0
2451.9101442166316,80.0,0.0,11.0,7.0,15.0,0.5,1.0,62.0,10.0
2451.9108942166317,80.0,0.0,11.0,7.0,15.0,0.5,1.0,62.0,10.0
2452.310894216632,80.0,0.0,11.0,7.0,15.0,0.5,1.0,62.0,10.0
2452.311644216632,80.0,0.0,11.0,7.0,15.0,0.5,1.0,62.0,10.0
2452.711644216632,80.0,0.0,11.0,7.0,15.0,0.5,1.0,62.0,10.0
2452.712394216632,80.0,0.0,11.0,7.0,15.0,0.5,1.0,62.0,10.0
2453.1123942166323,80.0,0.0,11.0,7.0,15.0,0.5,1.0,62.0,10.0
2453.1131442166325,80.0,0.0,11.0,7.0,15.0,0.5,1.0,62.0,10.0
2453.5131442166326,80.0,0.0,11.0,7.0,15.0,0.5,1.0,62.0,10.0
2453.5138942166327,80.0,0.0,11.0,7.0,15.0,0.5,1.0,62.0,10.0
2453.913894216633,80.0,0.0,11.0,7.0,15.0,0.5,1.0,62.0,10.0
2453.914644216633,80.0,0.0,11.0,7.0,15.0,0.5,1.0,62.0,10.0
2454.314644216633,80.0,0.0,11.0,7.0,15.0,0.5,1.0,62.0,10.0
2454.315394216633,80.0,0.0,11.0,7.0,15.0,0.5,1.0,62.0,10.0
2454.7153942166333,80.0,0.0,11.0,7.0,15.0,0.5,1.0,62.0,10.0
2454.7161442166334,80.0,0.0,11.0,7.0,15.0,0.5,1.0,62.0,10.0
2455.1161442166335,80.0,0.0,11.0,7.0,15.0,0.5,1.0,62.0,10.0
2455.1168942166337,90.0,0.0,11.0,7.0,15.0,0.5,1.0,62.0,10.0
2455.516894216634,90.0,0.0,11.0,7.0,15.0,0.5,1.0,62.0,10.0
2455.5175608833006,90.0,0.0,11.0,7.0,15.0,0.5,1.0,62.0,10.0
2455.9175608833007,90.0,0.0,11.0,7.0,15.0,0.5,1.0,62.0,10.0
2455.9182275499675,90.0,0.0,11.0,7.0,15.0,0.5,1.0,62.0,10.0
2456.3182275499676,90.0,0.0,11.0,7.0,15.0,0.5,1.0,62.0,10.0
2456.3188942166344,90.0,0.0,11.0,7.0,15.0,0.5,1.0,62.0,10.0
2456.7188942166345,90.0,0.0,11.0,7.0,15.0,0.5,1.0,62.0,10.0
2456.7195608833013,90.0,0.0,11.0,7.0,15.0,0.5,1.0,62.0,10.0
2457.1195608833013,90.0,0.0,11.0,7.0,15.0,0.5,1.0,62.0,10.0
2457.120227549968,90.0,0.0,11.0,7.0,15.0,0.5,1.0,62.0,10.0
2457.5202275499682,90.0,0.0,11.0,7.0,15.0,0.5,1.0,62.0,10.0
2457.520894216635,90.0,0.0,11.0,7.0,15.0,0.5,1.0,62.0,10.0
2457.920894216635,90.0,0.0,11.0,7.0,15.0,0.5,1.0,62.0,10.0
2457.921560883302,90.0,0.0,11.0,7.0,15.0,0.5,1.0,62.0,10.0
2458.321560883302,90.0,0.0,11.0,7.0,15.0,0.5,1.0,62.0,10.0
2458.322227549969,90.0,0.0,11.0,7.0,15.0,0.5,1.0,62.0,10.0
2458.722227549969,90.0,0.0,11.0,7.0,15.0,0.5,1.0,62.0,10.0
2458.7228942166357,90.0,0.0,11.0,7.0,15.0,0.5,1.0,62.0,10.0
2459.122894216636,90.0,0.0,11.0,7.0,15.0,0.5,1.0,62.0,10.0
2459.1235608833026,90.0,0.0,11.0,7.0,15.0,0.5,1.0,62.0,10.0
2459.5235608833027,90.0,0.0,11.0,7.0,15.0,0.5,1.0,62.0,10.0
2459.5242275499695,90.0,0.0,11.0,7.0,15.0,0.5,1.0,62.0,10.0
2459.9242275499696,90.0,0.0,11.0,7.0,15.0,0.5,1.0,62.0,10.0
2459.9248942166364,90.0,0.0,11.0,7.0,15.0,0.5,1.0,62.0,10.0
2460.3248942166365,90.0,0.0,11.0,7.0,15.0,0.5,1.0,62.0,10.0
2460.3255608833033,90.0,0.0,11.0,7.0,15.0,0.5,1.0,62.0,10.0
2460.7255608833034,90.0,0.0,11.0,7.0,15.0,0.5,1.0,62.0,10.0
2460.72622754997,90.0,0.0,11.0,7.0,15.0,0.5,1.0,62.0,10.0
2461.1262275499703,90.0,0.0,11.0,7.0,15.0,0.5,1.0,62.0,10.0
2461.126894216637,90.0,0.0,11.0,7.0,15.0,0.5,1.0,62.0,10.0
2461.526894216637,90.0,0.0,11.0,7.0,15.0,0.5,1.0,62.0,10.0
2461.527560883304,100.0,0.0,11.0,7.0,15.0,0.5,1.0,62.0,10.0
2461.927560883304,100.0,0.0,11.0,7.0,15.0,0.5,1.0,62.0,10.0
2461.928160883304,100.0,0.0,11.0,7.0,15.0,0.5,1.0,62.0,10.0
2462.328160883304,100.0,0.0,11.0,7.0,15.0,0.5,1.0,62.0,10.0
2462.328760883304,100.0,0.0,11.0,7.0,15.0,0.5,1.0,62.0,10.0
2462.728760883304,100.0,0.0,11.0,7.0,15.0,0.5,1.0,62.0,10.0
2462.729360883304,100.0,0.0,11.0,7.0,15.0,0.5,1.0,62.0,10.0
2463.129360883304,100.0,0.0,11.0,7.0,15.0,0.5,1.0,62.0,10.0
2463.1299608833037,100.0,0.0,11.0,7.0,15.0,0.5,1.0,62.0,10.0
2463.529960883304,100.0,0.0,11.0,7.0,15.0,0.5,1.0,62.0,10.0
2463.5305608833037,100.0,0.0,11.0,7.0,15.0,0.5,1.0,62.0,10.0
2463.9305608833038,100.0,0.0,11.0,7.0,15.0,0.5,1.0,62.0,10.0
2463.9311608833036,100.0,0.0,11.0,7.0,15.0,0.5,1.0,62.0,10.0
2464.3311608833037,100.0,0.0,11.0,7.0,15.0,0.5,1.0,62.0,10.0
2464.3317608833036,100.0,0.0,11.0,7.0,15.0,0.5,1.0,62.0,10.0
2464.7317608833037,100.0,0.0,11.0,7.0,15.0,0.5,1.0,62.0,10.0
2464.7323608833035,100.0,0.0,11.0,7.0,15.0,0.5,1.0,62.0,10.0
2465.1323608833036,100.0,0.0,11.0,7.0,15.0,0.5,1.0,62.0,10.0
2465.1329608833034,100.0,0.0,11.0,7.0,15.0,0.5,1.0,62.0,10.0
2465.5329608833035,100.0,0.0,11.0,7.0,15.0,0.5,1.0,62.0,10.0
2465.5335608833034,100.0,0.0,11.0,7.0,15.0,0.5,1.0,62.0,10.0
2465.9335608833035,100.0,0.0,11.0,7.0,15.0,0.5,1.0,62.0,10.0
2465.9341608833033,100.0,0.0,11.0,7.0,15.0,0.5,1.0,62.0,10.0
2466.3341608833034,100.0,0.0,11.0,7.0,15.0,0.5,1.0,62.0,10.0
2466.3347608833033,100.0,0.0,11.0,7.0,15.0,0.5,1.0,62.0,10.0
2466.7347608833034,100.0,0.0,11.0,7.0,15.0,0.5,1.0,62.0,10.0
2466.735360883303,100.0,0.0,11.0,7.0,15.0,0.5,1.0,62.0,10.0
2467.1353608833033,100.0,0.0,11.0,7.0,15.0,0.5,1.0,62.0,10.0
2467.135960883303,100.0,0.0,11.0,7.0,15.0,0.5,1.0,62.0,10.0
2467.5359608833032,100.0,0.0,11.0,7.0,15.0,0.5,1.0,62.0,10.0
2467.536560883303,100.0,0.0,11.0,7.0,15.0,0.5,1.0,62.0,10.0
2467.936560883303,100.0,0.0,11.0,7.0,15.0,0.5,1.0,62.0,10.0
2467.937160883303,100.0,0.0,11.0,7.0,15.0,0.5,1.0,62.0,10.0
2468.337160883303,100.0,0.0,11.0,7.0,15.0,0.5,1.0,62.0,10.0
2468.337760883303,100.0,0.0,11.0,7.0,15.0,0.5,1.0,62.0,10.0
2468.737760883303,100.0,0.0,11.0,7.0,15.0,0.5,1.0,62.0,10.0
2468.738360883303,100.0,0.0,11.0,7.0,15.0,0.5,1.0,62.0,10.0
2469.138360883303,100.0,0.0,11.0,7.0,15.0,0.5,1.0,62.0,10.0
2469.138960883303,100.0,0.0,11.0,7.0,15.0,0.5,1.0,62.0,10.0
2469.538960883303,100.0,0.0,11.0,7.0,15.0,0.5,1.0,62.0,10.0
2469.539560883303,100.0,0.0,11.0,7.0,15.0,0.5,1.0,62.0,10.0
2469.939560883303,100.0,0.0,11.0,7.0,15.0,0.5,1.0,62.0,10.0
2469.9401608833027,100.0,0.0,11.0,7.0,15.0,0.5,1.0,62.0,10.0
2470.340160883303,100.0,0.0,11.0,7.0,15.0,0.5,1.0,62.0,10.0
2470.3407608833027,100.0,0.0,11.0,7.0,15.0,0.5,1.0,62.0,10.0
2470.7407608833028,100.0,0.0,11.0,7.0,15.0,0.5,1.0,62.0,10.0
2470.7413608833026,100.0,0.0,11.0,7.0,15.0,0.5,1.0,62.0,10.0
2471.1413608833027,100.0,0.0,11.0,7.0,15.0,0.5,1.0,62.0,10.0
2471.1419608833025,110.0,0.0,11.0,7.0,15.0,0.5,1.0,62.0,10.0
2471.5419608833026,110.0,0.0,11.0,7.0,15.0,0.5,1.0,62.0,10.0
2471.542506337848,110.0,0.0,11.0,7.0,15.0,0.5,1.0,62.0,10.0
2471.942506337848,110.0,0.0,11.0,7.0,15.0,0.5,1.0,62.0,10.0
2471.9430517923934,110.0,0.0,11.0,7.0,15.0,0.5,1.0,62.0,10.0
2472.3430517923935,110.0,0.0,11.0,7.0,15.0,0.5,1.0,62.0,10.0
2472.3435972469388,110.0,0.0,11.0,7.0,15.0,0.5,1.0,62.0,10.0
2472.743597246939,110.0,0.0,11.0,7.0,15.0,0.5,1.0,62.0,10.0
2472.744142701484,110.0,0.0,11.0,7.0,15.0,0.5,1.0,62.0,10.0
2473.1441427014843,110.0,0.0,11.0,7.0,15.0,0.5,1.0,62.0,10.0
2473.1446881560296,110.0,0.0,11.0,7.0,15.0,0.5,1.0,62.0,10.0
2473.5446881560297,110.0,0.0,11.0,7.0,15.0,0.5,1.0,62.0,10.0
2473.545233610575,110.0,0.0,11.0,7.0,15.0,0.5,1.0,62.0,10.0
2473.945233610575,110.0,0.0,11.0,7.0,15.0,0.5,1.0,62.0,10.0
2473.9457790651204,110.0,0.0,11.0,7.0,15.0,5.5,1.0,62.0,10.0
2474.3457790651205,110.0,0.0,11.0,7.0,15.0,5.5,1.0,62.0,10.0
2474.346324519666,110.0,0.0,11.0,7.0,15.0,5.5,1.0,62.0,10.0
2474.746324519666,110.0,0.0,11.0,7.0,15.0,5.5,1.0,62.0,10.0
2474.746869974211,110.0,0.0,11.0,7.0,15.0,5.5,1.0,62.0,10.0
2475.1468699742113,110.0,0.0,11.0,7.0,15.0,5.5,1.0,62.0,10.0
2475.1474154287566,110.0,0.0,11.0,7.0,15.0,5.5,1.0,62.0,10.0
2475.5474154287567,110.0,0.0,11.0,7.0,15.0,5.5,1.0,62.0,10.0
2475.547960883302,110.0,0.0,11.0,7.0,15.0,5.5,1.0,62.0,10.0
2475.947960883302,110.0,0.0,11.0,7.0,15.0,5.5,1.0,62.0,10.0
2475.9485063378474,110.0,0.0,11.0,7.0,15.0,5.5,1.0,62.0,10.0
2476.3485063378475,110.0,0.0,11.0,7.0,15.0,5.5,1.0,62.0,10.0
2476.349051792393,110.0,0.0,11.0,7.0,15.0,5.5,1.0,62.0,10.0
2476.749051792393,110.0,0.0,11.0,7.0,15.0,5.5,1.0,62.0,10.0
2476.7495972469383,110.0,0.0,11.0,7.0,15.0,5.5,1.0,62.0,10.0
2477.1495972469384,110.0,0.0,11.0,7.0,15.0,5.5,1.0,62.0,10.0
2477.1501427014837,110.0,0.0,11.0,7.0,15.0,5.5,1.0,62.0,10.0
2477.5501427014838,110.0,0.0,11.0,7.0,15.0,5.5,1.0,62.0,10.0
2477.550688156029,110.0,0.0,11.0,7.0,15.0,5.5,1.0,62.0,10.0
2477.950688156029,110.0,0.0,11.0,7.0,15.0,5.5,1.0,62.0,10.0
2477.9512336105745,110.0,0.0,11.0,7.0,15.0,5.5,1.0,62.0,10.0
2478.3512336105746,110.0,0.0,11.0,7.0,15.0,5.5,1.0,62.0,10.0
2478.35177906512,110.0,0.0,11.0,7.0,15.0,5.5,1.0,62.0,10.0
2478.75177906512,110.0,0.0,11.0,7.0,15.0,5.5,1.0,62.0,10.0
2478.7523245196653,110.0,0.0,11.0,7.0,15.0,5.5,1.0,62.0,10.0
2479.1523245196654,110.0,0.0,11.0,7.0,15.0,5.5,1.0,62.0,10.0
2479.1528699742107,110.0,0.0,11.0,7.0,15.0,5.5,1.0,62.0,10.0
2479.552869974211,110.0,0.0,11.0,7.0,15.0,5.5,1.0,62.0,10.0
2479.553415428756,110.0,0.0,11.0,7.0,15.0,5.5,1.0,62.0,10.0
2479.953415428756,110.0,0.0,11.0,7.0,15.0,5.5,1.0,62.0,10.0
2479.9539608833015,110.0,0.0,11.0,7.0,15.0,5.5,1.0,62.0,10.0
2480.3539608833016,110.0,0.0,11.0,7.0,15.0,5.5,1.0,62.0,10.0
2480.354506337847,110.0,0.0,11.0,7.0,15.0,5.5,1.0,62.0,10.0
2480.754506337847,110.0,0.0,11.0,7.0,15.0,5.5,1.0,62.0,10.0
2480.7550517923924,110.0,0.0,11.0,7.0,15.0,5.5,1.0,62.0,10.0
2481.1550517923924,110.0,0.0,11.0,7.0,15.0,5.5,1.0,62.0,10.0
2481.1555972469378,110.0,0.0,11.0,7.0,15.0,5.5,1.0,62.0,10.0
2481.555597246938,110.0,0.0,11.0,7.0,15.0,5.5,1.0,62.0,10.0
2481.556142701483,110.0,0.0,11.0,7.0,15.0,5.5,1.0,62.0,10.0
2481.9561427014833,110.0,0.0,11.0,7.0,15.0,5.5,1.0,62.0,10.0
2481.9566881560286,110.0,0.0,11.0,7.0,15.0,5.5,1.0,62.0,10.0
2482.3566881560287,110.0,0.0,11.0,7.0,15.0,5.5,1.0,62.0,10.0
2482.357233610574,110.0,0.0,11.0,7.0,15.0,5.5,1.0,62.0,10.0
2482.757233610574,110.0,0.0,11.0,7.0,15.0,5.5,1.0,62.0,10.0
2482.7577790651194,110.0,0.0,11.0,7.0,15.0,5.5,1.0,62.0,10.0
2483.1577790651195,110.0,0.0,11.0,7.0,15.0,5.5,1.0,62.0,10.0
2483.158324519665,110.0,0.0,11.0,7.0,15.0,5.5,1.0,62.0,10.0
2483.558324519665,110.0,0.0,11.0,7.0,15.0,5.5,1.0,62.0,10.0
2483.55886997421,110.0,0.0,11.0,7.0,15.0,5.5,1.0,62.0,10.0
2483.9588699742103,110.0,0.0,11.0,7.0,15.0,5.5,1.0,62.0,10.0
2483.9594154287556,110.0,0.0,11.0,7.0,15.0,5.5,1.0,62.0,10.0
2484.3594154287557,110.0,0.0,11.0,7.0,15.0,5.5,1.0,62.0,10.0
2484.359960883301,110.0,0.0,11.0,7.0,15.0,5.5,1.0,62.0,10.0
2484.759960883301,110.0,0.0,11.0,7.0,15.0,5.5,1.0,62.0,10.0
2484.7605063378464,110.0,0.0,11.0,7.0,15.0,5.5,1.0,62.0,10.0
2485.1605063378465,110.0,0.0,11.0,7.0,15.0,5.5,1.0,62.0,10.0
2485.161051792392,110.0,0.0,11.0,7.0,15.0,5.5,1.0,62.0,10.0
2485.561051792392,110.0,0.0,11.0,7.0,15.0,5.5,1.0,62.0,10.0
2485.5615972469373,110.0,0.0,11.0,7.0,15.0,5.5,1.0,62.0,10.0
2485.9615972469373,110.0,0.0,11.0,7.0,15.0,5.5,1.0,62.0,10.0
2485.9621427014827,110.0,0.0,11.0,7.0,15.0,5.5,1.0,62.0,10.0
2486.3621427014828,110.0,0.0,11.0,7.0,15.0,5.5,1.0,62.0,10.0
2486.362688156028,110.0,0.0,11.0,7.0,15.0,5.5,1.0,62.0,10.0
2486.762688156028,110.0,0.0,11.0,7.0,15.0,5.5,1.0,62.0,10.0
2486.7632336105735,110.0,0.0,11.0,7.0,15.0,5.5,1.0,62.0,10.0
2487.1632336105736,110.0,0.0,11.0,7.0,15.0,5.5,1.0,62.0,10.0
2487.163779065119,110.0,0.0,11.0,7.0,15.0,5.5,1.0,62.0,10.0
2487.563779065119,110.0,0.0,11.0,7.0,15.0,5.5,1.0,62.0,10.0
2487.5643245196643,110.0,0.0,11.0,7.0,15.0,5.5,1.0,62.0,10.0
2487.9643245196644,110.0,0.0,11.0,7.0,15.0,5.5,1.0,62.0,10.0
2487.9648699742097,110.0,0.0,11.0,7.0,15.0,5.5,1.0,62.0,10.0
2488.36486997421,110.0,0.0,11.0,7.0,15.0,5.5,1.0,62.0,10.0
2488.365415428755,110.0,0.0,11.0,7.0,15.0,5.5,1.0,62.0,10.0
2488.765415428755,110.0,0.0,11.0,7.0,15.0,5.5,1.0,62.0,10.0
2488.7659608833005,110.0,0.0,11.0,7.0,15.0,5.5,1.0,62.0,10.0
2489.1659608833006,110.0,0.0,11.0,7.0,15.0,5.5,1.0,62.0,10.0
2489.166506337846,110.0,0.0,11.0,7.0,15.0,10.5,1.0,62.0,10.0
2489.566506337846,110.0,0.0,11.0,7.0,15.0,10.5,1.0,62.0,10.0
2489.567050555533,110.0,0.0,11.0,7.0,15.0,10.5,1.0,62.0,10.0
2489.967050555533,110.0,0.0,11.0,7.0,15.0,10.5,1.0,62.0,10.0
2489.9675947732203,110.0,0.0,11.0,7.0,15.0,10.5,1.0,62.0,10.0
2490.3675947732204,110.0,0.0,11.0,7.0,15.0,10.5,1.0,62.0,10.0
2490.3681389909075,110.0,0.0,11.0,7.0,15.0,10.5,1.0,62.0,10.0
2490.7681389909076,110.0,0.0,11.0,7.0,15.0,10.5,1.0,62.0,10.0
2490.7686832085947,110.0,0.0,11.0,7.0,15.0,10.5,1.0,62.0,10.0
2491.1686832085948,110.0,0.0,11.0,7.0,15.0,10.5,1.0,62.0,10.0
2491.169227426282,110.0,0.0,11.0,7.0,15.0,10.5,1.0,62.0,10.0
2491.569227426282,110.0,0.0,11.0,7.0,15.0,10.5,1.0,62.0,10.0
2491.569771643969,110.0,0.0,11.0,7.0,15.0,10.5,1.0,62.0,10.0
2491.969771643969,110.0,0.0,11.0,7.0,15.0,10.5,1.0,62.0,10.0
2491.970315861656,110.0,0.0,11.0,7.0,15.0,10.5,1.0,62.0,10.0
2492.3703158616563,110.0,0.0,11.0,7.0,15.0,10.5,1.0,62.0,10.0
2492.3708600793434,110.0,0.0,11.0,7.0,15.0,10.5,1.0,62.0,10.0
2492.7708600793435,110.0,0.0,11.0,7.0,15.0,10.5,1.0,62.0,10.0
2492.7714042970306,110.0,0.0,11.0,7.0,15.0,8.5,1.0,63.0,10.0
2493.1714042970307,110.0,0.0,11.0,7.0,15.0,8.5,1.0,63.0,10.0
2493.171949751576,110.0,0.0,11.0,7.0,15.0,8.5,1.0,63.0,10.0
2493.571949751576,110.0,0.0,11.0,7.0,15.0,8.5,1.0,63.0,10.0
2493.5724952061214,100.0,0.0,11.0,7.0,15.0,8.5,1.0,63.0,10.0
2493.9724952061215,100.0,0.0,11.0,7.0,15.0,8.5,1.0,63.0,10.0
2493.9730952061213,100.0,0.0,11.0,7.0,15.0,8.5,1.0,63.0,10.0
2494.3730952061214,100.0,0.0,11.0,7.0,15.0,8.5,1.0,63.0,10.0
2494.3736952061213,100.0,0.0,11.0,7.0,15.0,8.5,1.0,63.0,10.0
2494.7736952061214,100.0,0.0,11.0,7.0,15.0,8.5,1.0,63.0,10.0
2494.774295206121,100.0,0.0,11.0,7.0,15.0,8.5,1.0,63.0,10.0
2495.1742952061213,100.0,0.0,11.0,7.0,15.0,8.5,1.0,63.0,10.0
2495.174895206121,100.0,0.0,11.0,7.0,15.0,8.5,1.0,63.0,10.0
2495.5748952061213,100.0,0.0,11.0,7.0,15.0,8.5,1.0,63.0,10.0
2495.575495206121,100.0,0.0,11.0,7.0,15.0,8.5,1.0,63.0,10.0
2495.975495206121,100.0,0.0,11.0,7.0,15.0,8.5,1.0,63.0,10.0
2495.976095206121,100.0,0.0,11.0,7.0,15.0,8.5,1.0,63.0,10.0
2496.376095206121,100.0,0.0,11.0,7.0,15.0,8.5,1.0,63.0,10.0
2496.376695206121,100.0,0.0,11.0,7.0,15.0,8.5,1.0,63.0,10.0
2496.776695206121,100.0,0.0,11.0,7.0,15.0,8.5,1.0,63.0,10.0
2496.777295206121,100.0,0.0,11.0,7.0,15.0,8.5,1.0,63.0,10.0
2497.177295206121,100.0,0.0,11.0,7.0,15.0,8.5,1.0,63.0,10.0
2497.177895206121,100.0,0.0,11.0,7.0,15.0,8.5,1.0,63.0,10.0
2497.577895206121,100.0,0.0,11.0,7.0,15.0,8.5,1.0,63.0,10.0
2497.578495206121,100.0,0.0,11.0,7.0,15.0,8.5,1.0,63.0,10.0
2497.978495206121,100.0,0.0,11.0,7.0,15.0,8.5,1.0,63.0,10.0
2497.9790952061207,100.0,0.0,11.0,7.0,15.0,8.5,1.0,63.0,10.0
2498.379095206121,100.0,0.0,11.0,7.0,15.0,8.5,1.0,63.0,10.0
2498.3796952061207,100.0,0.0,11.0,7.0,15.0,8.5,1.0,63.0,10.0
2498.779695206121,100.0,0.0,11.0,7.0,15.0,8.5,1.0,63.0,10.0
2498.7802952061206,100.0,0.0,11.0,7.0,15.0,8.5,1.0,63.0,10.0
2499.1802952061207,100.0,0.0,11.0,7.0,15.0,8.5,1.0,63.0,10.0
2499.1808952061206,100.0,0.0,11.0,7.0,15.0,8.5,1.0,63.0,10.0
2499.5808952061207,100.0,0.0,11.0,7.0,15.0,8.5,1.0,63.0,10.0
2499.5814952061205,100.0,0.0,11.0,7.0,15.0,8.5,1.0,63.0,10.0
2499.9814952061206,100.0,0.0,11.0,7.0,15.0,8.5,1.0,63.0,10.0
2499.9820952061204,100.0,0.0,11.0,7.0,15.0,8.5,1.0,63.0,10.0
2500.3820952061205,100.0,0.0,11.0,7.0,15.0,8.5,1.0,63.0,10.0
2500.3826952061204,100.0,0.0,11.0,7.0,15.0,8.5,1.0,63.0,10.0
2500.7826952061205,100.0,0.0,11.0,7.0,15.0,8.5,1.0,63.0,10.0
2500.7832952061203,100.0,0.0,11.0,7.0,15.0,8.5,1.0,63.0,10.0
2501.1832952061204,100.0,0.0,11.0,7.0,15.0,8.5,1.0,63.0,10.0
2501.1838952061203,100.0,0.0,11.0,7.0,15.0,8.5,1.0,63.0,10.0
2501.5838952061204,100.0,0.0,11.0,7.0,15.0,8.5,1.0,63.0,10.0
2501.58449520612,100.0,0.0,11.0,7.0,15.0,8.5,1.0,63.0,10.0
2501.9844952061203,100.0,0.0,11.0,7.0,15.0,8.5,1.0,63.0,10.0
2501.98509520612,100.0,0.0,11.0,7.0,15.0,8.5,1.0,63.0,10.0
2502.3850952061202,100.0,0.0,11.0,7.0,15.0,8.5,1.0,63.0,10.0
2502.38569520612,100.0,0.0,11.0,7.0,15.0,8.5,1.0,63.0,10.0
2502.78569520612,100.0,0.0,11.0,7.0,15.0,8.5,1.0,63.0,10.0
2502.78629520612,100.0,0.0,11.0,7.0,15.0,8.5,1.0,63.0,10.0
2503.18629520612,100.0,0.0,11.0,7.0,15.0,8.5,1.0,63.0,10.0
2503.18689520612,100.0,0.0,11.0,7.0,15.0,8.5,1.0,63.0,10.0
2503.58689520612,100.0,0.0,11.0,7.0,15.0,8.5,1.0,63.0,10.0
2503.58749520612,100.0,0.0,11.0,7.0,15.0,8.5,1.0,63.0,10.0
2503.98749520612,100.0,0.0,11.0,7.0,15.0,8.5,1.0,63.0,10.0
2503.98809520612,100.0,0.0,11.0,7.0,15.0,8.5,1.0,63.0,10.0
2504.38809520612,100.0,0.0,11.0,7.0,15.0,8.5,1.0,63.0,10.0
2504.38869520612,100.0,0.0,11.0,7.0,15.0,6.5,1.0,64.0,10.0
2504.78869520612,100.0,0.0,11.0,7.0,15.0,6.5,1.0,64.0,10.0
2504.7892952061197,100.0,0.0,11.0,7.0,15.0,6.5,1.0,64.0,10.0
2505.18929520612,100.0,0.0,11.0,7.0,15.0,6.5,1.0,64.0,10.0
2505.1898952061197,100.0,0.0,11.0,7.0,15.0,6.5,1.0,64.0,10.0
2505.5898952061198,100.0,0.0,11.0,7.0,15.0,6.5,1.0,64.0,10.0
2505.5904952061196,100.0,0.0,11.0,7.0,15.0,6.5,1.0,64.0,10.0
2505.9904952061197,100.0,0.0,11.0,7.0,15.0,6.5,1.0,64.0,10.0
2505.9910952061196,100.0,0.0,11.0,7.0,15.0,6.5,1.0,64.0,10.0
2506.3910952061196,100.0,0.0,11.0,7.0,15.0,6.5,1.0,64.0,10.0
2506.3916952061195,100.0,0.0,11.0,7.0,15.0,6.5,1.0,64.0,10.0
2506.7916952061196,100.0,0.0,11.0,7.0,15.0,6.5,1.0,64.0,10.0
2506.7922952061194,100.0,0.0,11.0,7.0,15.0,6.5,1.0,64.0,10.0
2507.1922952061195,100.0,0.0,11.0,7.0,15.0,6.5,1.0,64.0,10.0
2507.1928952061194,100.0,0.0,11.0,7.0,15.0,6.5,1.0,64.0,10.0
2507.5928952061195,100.0,0.0,11.0,7.0,15.0,6.5,1.0,64.0,10.0
2507.5934952061193,100.0,0.0,11.0,7.0,15.0,6.5,1.0,64.0,10.0
2507.9934952061194,100.0,0.0,11.0,7.0,15.0,6.5,1.0,64.0,10.0
2507.9940952061193,100.0,0.0,11.0,7.0,15.0,6.5,1.0,64.0,10.0
2508.3940952061193,100.0,0.0,11.0,7.0,15.0,6.5,1.0,64.0,10.0
2508.394695206119,100.0,0.0,11.0,7.0,15.0,6.5,1.0,64.0,10.0
2508.7946952061193,100.0,0.0,11.0,7.0,15.0,6.5,1.0,64.0,10.0
2508.795295206119,100.0,0.0,11.0,7.0,15.0,6.5,1.0,64.0,10.0
2509.195295206119,100.0,0.0,11.0,7.0,15.0,6.5,1.0,64.0,10.0
2509.195895206119,100.0,0.0,11.0,7.0,15.0,6.5,1.0,64.0,10.0
2509.595895206119,100.0,0.0,11.0,7.0,15.0,6.5,1.0,64.0,10.0
2509.596495206119,100.0,0.0,11.0,7.0,15.0,6.5,1.0,64.0,10.0
2509.996495206119,100.0,0.0,11.0,7.0,15.0,6.5,1.0,64.0,10.0
2509.997095206119,100.0,0.0,11.0,7.0,15.0,6.5,1.0,64.0,10.0
2510.397095206119,100.0,0.0,11.0,7.0,15.0,6.5,1.0,64.0,10.0
2510.397695206119,100.0,0.0,11.0,7.0,15.0,6.5,1.0,64.0,10.0
2510.797695206119,100.0,0.0,11.0,7.0,15.0,6.5,1.0,64.0,10.0
2510.798295206119,100.0,0.0,11.0,7.0,15.0,6.5,1.0,64.0,10.0
2511.198295206119,100.0,0.0,11.0,7.0,15.0,6.5,1.0,64.0,10.0
2511.198895206119,100.0,0.0,11.0,7.0,15.0,6.5,1.0,64.0,10.0
2511.598895206119,100.0,0.0,11.0,7.0,15.0,6.5,1.0,64.0,10.0
2511.5994952061187,100.0,0.0,11.0,7.0,15.0,6.5,1.0,64.0,10.0
2511.999495206119,100.0,0.0,11.0,7.0,15.0,6.5,1.0,64.0,10.0
2512.0000952061187,100.0,0.0,11.0,7.0,15.0,6.5,1.0,64.0,10.0
2512.4000952061187,100.0,0.0,11.0,7.0,15.0,6.5,1.0,64.0,10.0
2512.4006952061186,100.0,0.0,11.0,7.0,15.0,6.5,1.0,64.0,10.0
2512.8006952061187,100.0,0.0,11.0,7.0,15.0,6.5,1.0,64.0,10.0
2512.8012952061185,100.0,0.0,11.0,7.0,15.0,6.5,1.0,64.0,10.0
2513.2012952061186,100.0,0.0,11.0,7.0,15.0,6.5,1.0,64.0,10.0
2513.2018952061185,100.0,0.0,11.0,7.0,15.0,6.5,1.0,64.0,10.0
2513.6018952061186,100.0,0.0,11.0,7.0,15.0,6.5,1.0,64.0,10.0
2513.6024952061184,100.0,0.0,11.0,7.0,15.0,6.5,1.0,64.0,10.0
2514.0024952061185,100.0,0.0,11.0,7.0,15.0,6.5,1.0,64.0,10.0
2514.0030952061184,100.0,0.0,12.0,7.0,15.0,6.5,1.0,64.0,10.0
2514.4030952061185,100.0,0.0,12.0,7.0,15.0,6.5,1.0,64.0,10.0
2514.4036952061183,100.0,0.0,12.0,7.0,15.0,6.5,1.0,64.0,10.0
2514.8036952061184,100.0,0.0,12.0,7.0,15.0,6.5,1.0,64.0,10.0
2514.8042952061182,100.0,0.0,12.0,7.0,15.0,6.5,1.0,64.0,10.0
2515.2042952061183,100.0,0.0,12.0,7.0,15.0,6.5,1.0,64.0,10.0
2515.204895206118,100.0,0.0,12.0,7.0,15.0,6.5,1.0,64.0,10.0
2515.6048952061183,100.0,0.0,12.0,7.0,15.0,6.5,1.0,64.0,10.0
2515.605495206118,100.0,0.0,12.0,7.0,15.0,6.5,1.0,64.0,10.0
2516.005495206118,100.0,0.0,12.0,7.0,15.0,6.5,1.0,64.0,10.0
2516.006095206118,100.0,0.0,12.0,7.0,15.0,6.5,1.0,64.0,10.0
2516.406095206118,100.0,0.0,12.0,7.0,15.0,6.5,1.0,64.0,10.0
2516.406695206118,100.0,0.0,12.0,7.0,15.0,11.5,1.0,64.0,10.0
2516.806695206118,100.0,0.0,12.0,7.0,15.0,11.5,1.0,64.0,10.0
2516.8071488923183,100.0,0.0,12.0,7.0,15.0,11.5,1.0,64.0,10.0
2517.2071488923184,100.0,0.0,12.0,7.0,15.0,11.5,1.0,64.0,10.0
2517.2076025785186,100.0,0.0,12.0,7.0,15.0,11.5,1.0,64.0,10.0
2517.6076025785187,100.0,0.0,12.0,7.0,15.0,11.5,1.0,64.0,10.0
2517.608056264719,100.0,0.0,12.0,7.0,15.0,11.5,1.0,64.0,10.0
2518.008056264719,100.0,0.0,12.0,7.0,15.0,11.5,1.0,64.0,10.0
2518.0085099509192,100.0,0.0,12.0,7.0,15.0,11.5,1.0,64.0,10.0
2518.4085099509193,100.0,0.0,12.0,7.0,15.0,11.5,1.0,64.0,10.0
2518.4089636371195,100.0,0.0,12.0,7.0,15.0,11.5,1.0,64.0,10.0
2518.8089636371196,100.0,0.0,12.0,7.0,15.0,11.5,1.0,64.0,10.0
2518.80941732332,100.0,0.0,12.0,7.0,15.0,11.5,1.0,64.0,10.0
2519.20941732332,100.0,0.0,12.0,7.0,15.0,11.5,1.0,64.0,10.0
2519.20987100952,90.0,0.0,12.0,7.0,15.0,11.5,1.0,64.0,10.0
2519.6098710095202,90.0,0.0,12.0,7.0,15.0,11.5,1.0,64.0,10.0
2519.6103246957205,90.0,0.0,12.0,7.0,15.0,11.5,1.0,64.0,10.0
2520.0103246957206,90.0,0.0,12.0,7.0,15.0,11.5,1.0,64.0,10.0
2520.0107783819208,80.0,0.0,12.0,7.0,15.0,11.5,1.0,64.0,10.0
2520.410778381921,80.0,0.0,12.0,7.0,15.0,11.5,1.0,64.0,10.0
2520.411232068121,80.0,0.0,12.0,7.0,15.0,11.5,1.0,64.0,10.0
2520.811232068121,80.0,0.0,12.0,7.0,15.0,11.5,1.0,64.0,10.0
2520.8116857543214,90.0,0.0,12.0,7.0,15.0,11.5,1.0,64.0,10.0
2521.2116857543215,90.0,0.0,12.0,7.0,15.0,11.5,1.0,64.0,10.0
2521.2121394405217,90.0,0.0,12.0,7.0,15.0,11.5,1.0,64.0,10.0
2521.612139440522,90.0,0.0,12.0,7.0,15.0,11.5,1.0,64.0,10.0
2521.612593126722,90.0,0.0,12.0,7.0,15.0,11.5,1.0,64.0,10.0
2522.012593126722,90.0,0.0,12.0,7.0,15.0,11.5,1.0,64.0,10.0
2522.0130468129223,90.0,0.0,12.0,7.0,15.0,11.5,1.0,64.0,10.0
2522.4130468129224,90.0,0.0,12.0,7.0,15.0,11.5,1.0,64.0,10.0
2522.4135004991226,90.0,0.0,12.0,7.0,15.0,11.5,1.0,64.0,10.0
2522.8135004991227,90.0,0.0,12.0,7.0,15.0,11.5,1.0,64.0,10.0
2522.813954185323,90.0,0.0,12.0,7.0,15.0,11.5,1.0,64.0,10.0
2523.213954185323,90.0,0.0,12.0,7.0,15.0,11.5,1.0,64.0,10.0
2523.2144078715232,90.0,0.0,12.0,7.0,15.0,11.5,1.0,64.0,10.0
2523.6144078715233,90.0,0.0,12.0,7.0,15.0,11.5,1.0,64.0,10.0
2523.6148615577235,90.0,0.0,12.0,7.0,15.0,11.5,1.0,64.0,10.0
2524.0148615577236,90.0,0.0,12.0,7.0,15.0,11.5,1.0,64.0,10.0
2524.015315243924,90.0,0.0,12.0,7.0,15.0,9.5,1.0,65.0,10.0
2524.415315243924,90.0,0.0,12.0,7.0,15.0,9.5,1.0,65.0,10.0
2524.4159800638686,90.0,0.0,12.0,7.0,15.0,9.5,1.0,65.0,10.0
2524.8159800638687,90.0,0.0,12.0,7.0,15.0,9.5,1.0,65.0,10.0
2524.8166448838133,90.0,0.0,12.0,7.0,15.0,9.5,1.0,65.0,10.0
2525.2166448838134,90.0,0.0,12.0,7.0,15.0,9.5,1.0,65.0,10.0
2525.217309703758,100.0,0.0,12.0,7.0,15.0,9.5,1.0,65.0,10.0
2525.617309703758,100.0,0.0,12.0,7.0,15.0,9.5,1.0,65.0,10.0
2525.617909703758,100.0,0.0,12.0,7.0,15.0,9.5,1.0,65.0,10.0
2526.017909703758,100.0,0.0,12.0,7.0,15.0,9.5,1.0,65.0,10.0
2526.018509703758,100.0,0.0,12.0,7.0,15.0,9.5,1.0,65.0,10.0
2526.418509703758,100.0,0.0,12.0,7.0,15.0,9.5,1.0,65.0,10.0
2526.419109703758,100.0,0.0,12.0,7.0,15.0,9.5,1.0,65.0,10.0
2526.819109703758,100.0,0.0,12.0,7.0,15.0,9.5,1.0,65.0,10.0
2526.819709703758,100.0,0.0,12.0,7.0,15.0,9.5,1.0,65.0,10.0
2527.219709703758,100.0,0.0,12.0,7.0,15.0,9.5,1.0,65.0,10.0
2527.2203097037577,100.0,0.0,12.0,7.0,15.0,9.5,1.0,65.0,10.0
2527.620309703758,100.0,0.0,12.0,7.0,15.0,9.5,1.0,65.0,10.0
2527.6209097037577,100.0,0.0,12.0,7.0,15.0,9.5,1.0,65.0,10.0
2528.0209097037578,100.0,0.0,12.0,7.0,15.0,9.5,1.0,65.0,10.0
2528.0215097037576,100.0,0.0,12.0,7.0,15.0,9.5,1.0,65.0,10.0
2528.4215097037577,100.0,0.0,12.0,7.0,15.0,9.5,1.0,65.0,10.0
2528.4221097037575,100.0,0.0,12.0,7.0,15.0,9.5,1.0,65.0,10.0
2528.8221097037576,100.0,0.0,12.0,7.0,15.0,9.5,1.0,65.0,10.0
2528.8227097037575,100.0,0.0,12.0,7.0,15.0,9.5,1.0,65.0,10.0
2529.2227097037576,100.0,0.0,12.0,7.0,15.0,9.5,1.0,65.0,10.0
2529.2233097037574,100.0,0.0,12.0,7.0,15.0,9.5,1.0,65.0,10.0
2529.6233097037575,100.0,0.0,12.0,7.0,15.0,9.5,1.0,65.0,10.0
2529.6239097037574,100.0,0.0,12.0,7.0,15.0,9.5,1.0,65.0,10.0
2530.0239097037575,100.0,0.0,12.0,7.0,15.0,9.5,1.0,65.0,10.0
2530.0245097037573,100.0,0.0,12.0,7.0,15.0,9.5,1.0,65.0,10.0
2530.4245097037574,100.0,0.0,12.0,7.0,15.0,9.5,1.0,65.0,10.0
2530.4251097037572,100.0,0.0,12.0,7.0,15.0,9.5,1.0,65.0,10.0
2530.8251097037573,100.0,0.0,12.0,7.0,15.0,9.5,1.0,65.0,10.0
2530.825709703757,100.0,0.0,12.0,7.0,15.0,9.5,1.0,65.0,10.0
2531.2257097037573,100.0,0.0,12.0,7.0,15.0,9.5,1.0,65.0,10.0
2531.226309703757,100.0,0.0,12.0,7.0,15.0,7.5,1.0,66.0,10.0
2531.626309703757,100.0,0.0,12.0,7.0,15.0,7.5,1.0,66.0,10.0
2531.626909703757,100.0,0.0,11.0,7.0,15.0,7.5,1.0,66.0,10.0
2532.026909703757,100.0,0.0,11.0,7.0,15.0,7.5,1.0,66.0,10.0
2532.027509703757,100.0,0.0,11.0,7.0,15.0,7.5,1.0,66.0,10.0
2532.427509703757,100.0,0.0,11.0,7.0,15.0,7.5,1.0,66.0,10.0
2532.428109703757,100.0,0.0,11.0,7.0,15.0,7.5,1.0,66.0,10.0
2532.828109703757,100.0,0.0,11.0,7.0,15.0,7.5,1.0,66.0,10.0
2532.828709703757,100.0,0.0,11.0,7.0,15.0,7.5,1.0,66.0,10.0
2533.228709703757,100.0,0.0,11.0,7.0,15.0,7.5,1.0,66.0,10.0
2533.229309703757,110.0,0.0,11.0,7.0,15.0,7.5,1.0,66.0,10.0
2533.629309703757,110.0,0.0,11.0,7.0,15.0,7.5,1.0,66.0,10.0
2533.6298551583022,110.0,0.0,11.0,7.0,15.0,7.5,1.0,66.0,10.0
2534.0298551583023,110.0,0.0,11.0,7.0,15.0,7.5,1.0,66.0,10.0
2534.0304006128476,110.0,0.0,11.0,7.0,15.0,7.5,1.0,66.0,10.0
2534.4304006128477,110.0,0.0,11.0,7.0,15.0,7.5,1.0,66.0,10.0
2534.430946067393,120.0,0.0,11.0,7.0,15.0,7.5,1.0,66.0,10.0
2534.830946067393,120.0,0.0,11.0,7.0,15.0,7.5,1.0,66.0,10.0
2534.8314460673932,120.0,0.0,11.0,7.0,15.0,7.5,1.0,66.0,10.0
2535.2314460673933,120.0,0.0,11.0,7.0,15.0,7.5,1.0,66.0,10.0
2535.2319460673934,120.0,0.0,11.0,7.0,15.0,7.5,1.0,66.0,10.0
2535.6319460673935,120.0,0.0,11.0,7.0,15.0,7.5,1.0,66.0,10.0
2535.6324460673936,120.0,0.0,11.0,7.0,15.0,7.5,1.0,66.0,10.0
2536.0324460673937,120.0,0.0,11.0,7.0,15.0,7.5,1.0,66.0,10.0
2536.032946067394,120.0,0.0,11.0,7.0,15.0,7.5,1.0,66.0,10.0
2536.432946067394,120.0,0.0,11.0,7.0,15.0,7.5,1.0,66.0,10.0
2536.433446067394,120.0,0.0,11.0,7.0,15.0,7.5,1.0,66.0,10.0
2536.833446067394,120.0,0.0,11.0,7.0,15.0,7.5,1.0,66.0,10.0
2536.833946067394,120.0,0.0,11.0,7.0,15.0,7.5,1.0,66.0,10.0
2537.2339460673943,120.0,0.0,11.0,7.0,15.0,7.5,1.0,66.0,10.0
2537.2344460673944,120.0,0.0,11.0,7.0,15.0,7.5,1.0,66.0,10.0
2537.6344460673945,120.0,0.0,11.0,7.0,15.0,7.5,1.0,66.0,10.0
2537.6349460673946,120.0,0.0,11.0,7.0,15.0,7.5,1.0,66.0,10.0
2538.0349460673947,120.0,0.0,11.0,7.0,15.0,7.5,1.0,66.0,10.0
2538.035446067395,120.0,0.0,11.0,7.0,15.0,7.5,1.0,66.0,10.0
2538.435446067395,120.0,0.0,11.0,7.0,15.0,7.5,1.0,66.0,10.0
2538.435946067395,120.0,0.0,11.0,7.0,15.0,7.5,1.0,66.0,10.0
2538.835946067395,120.0,0.0,11.0,7.0,15.0,7.5,1.0,66.0,10.0
2538.836446067395,120.0,0.0,11.0,7.0,15.0,7.5,1.0,66.0,10.0
2539.2364460673953,120.0,0.0,11.0,7.0,15.0,7.5,1.0,66.0,10.0
2539.2369460673954,120.0,0.0,11.0,7.0,15.0,7.5,1.0,66.0,10.0
2539.6369460673955,120.0,0.0,11.0,7.0,15.0,7.5,1.0,66.0,10.0
2539.6374460673956,120.0,0.0,11.0,7.0,15.0,7.5,1.0,66.0,10.0
2540.0374460673956,120.0,0.0,11.0,7.0,15.0,7.5,1.0,66.0,10.0
2540.0379460673958,120.0,0.0,11.0,7.0,15.0,7.5,1.0,66.0,10.0
2540.437946067396,120.0,0.0,11.0,7.0,15.0,7.5,1.0,66.0,10.0
2540.438446067396,120.0,0.0,11.0,7.0,15.0,7.5,1.0,66.0,10.0
2540.838446067396,120.0,0.0,11.0,7.0,15.0,7.5,1.0,66.0,10.0
2540.838946067396,120.0,0.0,11.0,7.0,15.0,7.5,1.0,66.0,10.0
2541.2389460673962,120.0,0.0,11.0,7.0,15.0,7.5,1.0,66.0,10.0
2541.2394460673963,130.0,0.0,11.0,7.0,15.0,7.5,1.0,66.0,10.0
2541.6394460673964,130.0,0.0,11.0,7.0,15.0,7.5,1.0,66.0,10.0
2541.639907605858,130.0,0.0,11.0,7.0,15.0,7.5,1.0,66.0,10.0
2542.039907605858,130.0,0.0,11.0,7.0,15.0,7.5,1.0,66.0,10.0
2542.0403691443194,130.0,0.0,11.0,7.0,15.0,7.5,1.0,66.0,10.0
2542.4403691443194,130.0,0.0,11.0,7.0,15.0,7.5,1.0,66.0,10.0
2542.440830682781,130.0,0.0,11.0,7.0,15.0,7.5,1.0,66.0,10.0
2542.840830682781,130.0,0.0,11.0,7.0,15.0,7.5,1.0,66.0,10.0
2542.8412922212424,130.0,0.0,11.0,7.0,15.0,7.5,1.0,66.0,10.0
2543.2412922212425,130.0,0.0,11.0,7.0,15.0,7.5,1.0,66.0,10.0
2543.241753759704,130.0,0.0,11.0,7.0,15.0,7.5,1.0,66.0,10.0
2543.641753759704,130.0,0.0,11.0,7.0,15.0,7.5,1.0,66.0,10.0
2543.6422152981654,130.0,0.0,11.0,7.0,15.0,7.5,1.0,66.0,10.0
2544.0422152981655,130.0,0.0,11.0,7.0,15.0,7.5,1.0,66.0,10.0
2544.042676836627,130.0,0.0,11.0,7.0,15.0,7.5,1.0,66.0,10.0
2544.442676836627,130.0,0.0,11.0,7.0,15.0,7.5,1.0,66.0,10.0
2544.4431383750884,130.0,0.0,11.0,7.0,15.0,7.5,1.0,66.0,10.0
2544.8431383750885,130.0,0.0,11.0,7.0,15.0,7.5,1.0,66.0,10.0
2544.84359991355,130.0,0.0,11.0,7.0,15.0,7.5,1.0,66.0,10.0
2545.24359991355,130.0,0.0,11.0,7.0,15.0,7.5,1.0,66.0,10.0
2545.2440614520115,130.0,0.0,11.0,7.0,15.0,7.5,1.0,66.0,10.0
2545.6440614520116,130.0,0.0,11.0,7.0,15.0,7.5,1.0,66.0,10.0
2545.644522990473,130.0,0.0,11.0,7.0,15.0,7.5,1.0,66.0,10.0
2546.044522990473,130.0,0.0,11.0,7.0,15.0,7.5,1.0,66.0,10.0
2546.0449845289345,130.0,0.0,11.0,7.0,15.0,7.5,1.0,66.0,10.0
2546.4449845289346,130.0,0.0,11.0,7.0,15.0,7.5,1.0,66.0,10.0
2546.445446067396,130.0,0.0,11.0,7.0,15.0,7.5,1.0,66.0,10.0
2546.845446067396,130.0,0.0,11.0,7.0,15.0,7.5,1.0,66.0,10.0
2546.8459076058575,130.0,0.0,11.0,7.0,15.0,7.5,1.0,66.0,10.0
2547.2459076058576,130.0,0.0,11.0,7.0,15.0,7.5,1.0,66.0,10.0
2547.246369144319,130.0,0.0,11.0,7.0,15.0,7.5,1.0,66.0,10.0
2547.646369144319,130.0,0.0,11.0,7.0,15.0,7.5,1.0,66.0,10.0
2547.6468306827805,130.0,0.0,11.0,7.0,15.0,7.5,1.0,66.0,10.0
2548.0468306827806,130.0,0.0,11.0,7.0,15.0,7.5,1.0,66.0,10.0
2548.047292221242,130.0,0.0,11.0,7.0,15.0,7.5,1.0,66.0,10.0
2548.447292221242,130.0,0.0,11.0,7.0,15.0,7.5,1.0,66.0,10.0
2548.4477537597036,130.0,0.0,11.0,7.0,15.0,7.5,1.0,66.0,10.0
2548.8477537597037,130.0,0.0,11.0,7.0,15.0,7.5,1.0,66.0,10.0
2548.848215298165,130.0,0.0,11.0,7.0,15.0,5.5,1.0,67.0,10.0
2549.248215298165,130.0,0.0,11.0,7.0,15.0,5.5,1.0,67.0,10.0
2549.2486768366266,130.0,0.0,11.0,7.0,15.0,5.5,1.0,67.0,10.0
2549.6486768366267,130.0,0.0,11.0,7.0,15.0,5.5,1.0,67.0,10.0
2549.649138375088,130.0,0.0,11.0,7.0,15.0,5.5,1.0,67.0,10.0
2550.049138375088,130.0,0.0,11.0,7.0,15.0,5.5,1.0,67.0,10.0
2550.0495999135496,130.0,0.0,11.0,7.0,15.0,5.5,1.0,67.0,10.0
2550.4495999135497,130.0,0.0,11.0,7.0,15.0,5.5,1.0,67.0,10.0
2550.450061452011,130.0,0.0,11.0,7.0,15.0,5.5,1.0,67.0,10.0
2550.8500614520112,130.0,0.0,11.0,7.0,15.0,5.5,1.0,67.0,10.0
2550.8505229904727,130.0,0.0,11.0,7.0,15.0,5.5,1.0,67.0,10.0
2551.2505229904727,130.0,0.0,11.0,7.0,15.0,5.5,1.0,67.0,10.0
2551.250984528934,130.0,0.0,11.0,7.0,15.0,5.5,1.0,67.0,10.0
2551.6509845289343,130.0,0.0,11.0,7.0,15.0,5.5,1.0,67.0,10.0
2551.6514460673957,130.0,0.0,11.0,7.0,15.0,5.5,1.0,67.0,10.0
2552.051446067396,130.0,0.0,11.0,7.0,15.0,5.5,1.0,67.0,10.0
2552.051907605857,130.0,0.0,11.0,7.0,15.0,5.5,1.0,67.0,10.0
2552.4519076058573,130.0,0.0,11.0,7.0,15.0,5.5,1.0,67.0,10.0
2552.4523691443187,130.0,0.0,11.0,7.0,15.0,5.5,1.0,67.0,10.0
2552.852369144319,130.0,0.0,11.0,7.0,15.0,5.5,1.0,67.0,10.0
2552.85283068278,130.0,0.0,11.0,7.0,15.0,5.5,1.0,67.0,10.0
2553.2528306827803,130.0,0.0,11.0,7.0,15.0,5.5,1.0,67.0,10.0
2553.2532922212417,130.0,0.0,11.0,7.0,15.0,5.5,1.0,67.0,10.0
2553.653292221242,130.0,0.0,11.0,7.0,15.0,5.5,1.0,67.0,10.0
2553.6537537597032,130.0,0.0,11.0,7.0,15.0,5.5,1.0,67.0,10.0
2554.0537537597033,130.0,0.0,11.0,7.0,15.0,5.5,1.0,67.0,10.0
2554.0542152981648,130.0,0.0,11.0,7.0,15.0,5.5,1.0,67.0,10.0
2554.454215298165,130.0,0.0,11.0,7.0,15.0,5.5,1.0,67.0,10.0
2554.4546768366263,130.0,0.0,11.0,7.0,15.0,5.5,1.0,67.0,10.0
2554.8546768366264,130.0,0.0,11.0,7.0,15.0,5.5,1.0,67.0,10.0
2554.855138375088,130.0,0.0,11.0,7.0,15.0,5.5,1.0,67.0,10.0
2555.255138375088,130.0,0.0,11.0,7.0,15.0,5.5,1.0,67.0,10.0
2555.2555999135493,130.0,0.0,11.0,7.0,15.0,5.5,1.0,67.0,10.0
2555.6555999135494,130.0,0.0,11.0,7.0,15.0,5.5,1.0,67.0,10.0
2555.656061452011,130.0,0.0,11.0,7.0,15.0,5.5,1.0,67.0,10.0
2556.056061452011,130.0,0.0,11.0,7.0,15.0,5.5,1.0,67.0,10.0
2556.0565229904723,130.0,0.0,11.0,7.0,15.0,5.5,1.0,67.0,10.0
2556.4565229904724,130.0,0.0,11.0,7.0,15.0,5.5,1.0,67.0,10.0
2556.456984528934,130.0,0.0,11.0,7.0,15.0,5.5,1.0,67.0,10.0
2556.856984528934,130.0,0.0,11.0,7.0,15.0,5.5,1.0,67.0,10.0
2556.8574460673954,130.0,0.0,11.0,7.0,15.0,5.5,1.0,67.0,10.0
2557.2574460673954,130.0,0.0,11.0,7.0,15.0,5.5,1.0,67.0,10.0
2557.257907605857,130.0,0.0,11.0,7.0,15.0,5.5,1.0,67.0,10.0
2557.657907605857,130.0,0.0,11.0,7.0,15.0,5.5,1.0,67.0,10.0
2557.6583691443184,130.0,0.0,11.0,7.0,15.0,5.5,1.0,67.0,10.0
2558.0583691443185,130.0,0.0,11.0,7.0,15.0,5.5,1.0,67.0,10.0
2558.05883068278,130.0,0.0,11.0,7.0,15.0,5.5,1.0,67.0,10.0
2558.45883068278,130.0,0.0,11.0,7.0,15.0,5.5,1.0,67.0,10.0
2558.4592922212414,130.0,0.0,11.0,7.0,15.0,5.5,1.0,67.0,10.0
2558.8592922212415,130.0,0.0,11.0,7.0,15.0,5.5,1.0,67.0,10.0
2558.859753759703,130.0,0.0,11.0,7.0,15.0,5.5,1.0,67.0,10.0
2559.259753759703,130.0,0.0,11.0,7.0,15.0,5.5,1.0,67.0,10.0
2559.2602152981644,130.0,0.0,11.0,7.0,15.0,5.5,1.0,67.0,10.0
2559.6602152981645,130.0,0.0,11.0,7.0,15.0,5.5,1.0,67.0,10.0
2559.660676836626,130.0,0.0,11.0,7.0,15.0,5.5,1.0,67.0,10.0
2560.060676836626,130.0,0.0,11.0,7.0,15.0,5.5,1.0,67.0,10.0
2560.0611383750875,130.0,0.0,11.0,7.0,15.0,5.5,1.0,67.0,10.0
2560.4611383750876,130.0,0.0,11.0,7.0,15.0,5.5,1.0,67.0,10.0
2560.461599913549,130.0,0.0,11.0,7.0,15.0,5.5,1.0,67.0,10.0
2560.861599913549,130.0,0.0,11.0,7.0,15.0,5.5,1.0,67.0,10.0
2560.8620614520105,130.0,0.0,11.0,7.0,15.0,5.5,1.0,67.0,10.0
2561.2620614520106,130.0,0.0,11.0,7.0,15.0,5.5,1.0,67.0,10.0
2561.262522990472,120.0,0.0,11.0,7.0,15.0,5.5,1.0,67.0,10.0
2561.662522990472,120.0,0.0,11.0,7.0,15.0,5.5,1.0,67.0,10.0
2561.663022990472,120.0,0.0,11.0,7.0,15.0,5.5,1.0,67.0,10.0
2562.0630229904723,120.0,0.0,11.0,7.0,15.0,5.5,1.0,67.0,10.0
2562.0635229904724,120.0,0.0,11.0,7.0,15.0,5.5,1.0,67.0,10.0
2562.4635229904725,120.0,0.0,11.0,7.0,15.0,5.5,1.0,67.0,10.0
2562.4640229904726,120.0,0.0,11.0,7.0,15.0,5.5,1.0,67.0,10.0
2562.8640229904727,120.0,0.0,11.0,7.0,15.0,5.5,1.0,67.0,10.0
2562.864522990473,120.0,0.0,11.0,7.0,15.0,5.5,1.0,67.0,10.0
2563.264522990473,120.0,0.0,11.0,7.0,15.0,5.5,1.0,67.0,10.0
2563.265022990473,120.0,0.0,11.0,7.0,15.0,5.5,1.0,67.0,10.0
2563.665022990473,120.0,0.0,11.0,7.0,15.0,5.5,1.0,67.0,10.0
2563.665522990473,120.0,0.0,11.0,7.0,15.0,5.5,1.0,67.0,10.0
2564.0655229904733,120.0,0.0,11.0,7.0,15.0,5.5,1.0,67.0,10.0
2564.0660229904734,120.0,0.0,11.0,7.0,15.0,5.5,1.0,67.0,10.0
2564.4660229904734,120.0,0.0,11.0,7.0,15.0,5.5,1.0,67.0,10.0
2564.4665229904735,120.0,0.0,11.0,7.0,15.0,5.5,1.0,67.0,10.0
2564.8665229904736,120.0,0.0,11.0,7.0,15.0,5.5,1.0,67.0,10.0
2564.8670229904737,120.0,0.0,11.0,7.0,15.0,5.5,1.0,67.0,10.0
2565.267022990474,120.0,0.0,11.0,7.0,15.0,5.5,1.0,67.0,10.0
2565.267522990474,120.0,0.0,11.0,7.0,15.0,5.5,1.0,67.0,10.0
2565.667522990474,120.0,0.0,11.0,7.0,15.0,5.5,1.0,67.0,10.0
2565.668022990474,120.0,0.0,11.0,7.0,15.0,5.5,1.0,67.0,10.0
2566.068022990474,120.0,0.0,11.0,7.0,15.0,5.5,1.0,67.0,10.0
2566.0685229904743,120.0,0.0,11.0,7.0,15.0,5.5,1.0,67.0,10.0
2566.4685229904744,120.0,0.0,11.0,7.0,15.0,5.5,1.0,67.0,10.0
2566.4690229904745,120.0,0.0,11.0,7.0,15.0,5.5,1.0,67.0,10.0
2566.8690229904746,120.0,0.0,11.0,7.0,15.0,5.5,1.0,67.0,10.0
2566.8695229904747,120.0,0.0,11.0,7.0,15.0,5.5,1.0,67.0,10.0
2567.269522990475,120.0,0.0,11.0,7.0,15.0,5.5,1.0,67.0,10.0
2567.270022990475,120.0,0.0,11.0,7.0,15.0,5.5,1.0,67.0,10.0
2567.670022990475,120.0,0.0,11.0,7.0,15.0,5.5,1.0,67.0,10.0
2567.670522990475,120.0,0.0,11.0,7.0,15.0,5.5,1.0,67.0,10.0
2568.070522990475,120.0,0.0,11.0,7.0,15.0,5.5,1.0,67.0,10.0
2568.0710229904753,120.0,0.0,11.0,7.0,15.0,5.5,1.0,67.0,10.0
2568.4710229904754,120.0,0.0,11.0,7.0,15.0,5.5,1.0,67.0,10.0
2568.4715229904755,120.0,0.0,11.0,7.0,15.0,5.5,1.0,67.0,10.0
2568.8715229904756,120.0,0.0,11.0,7.0,15.0,5.5,1.0,67.0,10.0
2568.8720229904757,120.0,0.0,11.0,7.0,15.0,5.5,1.0,67.0,10.0
2569.2720229904758,120.0,0.0,11.0,7.0,15.0,5.5,1.0,67.0,10.0
2569.272522990476,120.0,0.0,11.0,7.0,15.0,5.5,1.0,67.0,10.0
2569.672522990476,120.0,0.0,11.0,7.0,15.0,5.5,1.0,67.0,10.0
2569.673022990476,120.0,0.0,11.0,7.0,15.0,5.5,1.0,67.0,10.0
2570.073022990476,120.0,0.0,11.0,7.0,15.0,5.5,1.0,67.0,10.0
2570.0735229904762,120.0,0.0,11.0,7.0,15.0,5.5,1.0,67.0,10.0
2570.4735229904763,120.0,0.0,11.0,7.0,15.0,5.5,1.0,67.0,10.0
2570.4740229904764,120.0,0.0,11.0,7.0,15.0,5.5,1.0,67.0,10.0
2570.8740229904765,120.0,0.0,11.0,7.0,15.0,5.5,1.0,67.0,10.0
2570.8745229904766,120.0,0.0,11.0,7.0,15.0,5.5,1.0,67.0,10.0
2571.2745229904767,120.0,0.0,11.0,7.0,15.0,5.5,1.0,67.0,10.0
2571.275022990477,120.0,0.0,11.0,7.0,15.0,5.5,1.0,67.0,10.0
2571.675022990477,120.0,0.0,11.0,7.0,15.0,5.5,1.0,67.0,10.0
2571.675522990477,120.0,0.0,11.0,7.0,15.0,5.5,1.0,67.0,10.0
2572.075522990477,120.0,0.0,11.0,7.0,15.0,5.5,1.0,67.0,10.0
2572.076022990477,120.0,0.0,11.0,7.0,15.0,5.5,1.0,67.0,10.0
2572.4760229904773,120.0,0.0,11.0,7.0,15.0,5.5,1.0,67.0,10.0
2572.4765229904774,120.0,0.0,11.0,7.0,15.0,5.5,1.0,67.0,10.0
2572.8765229904775,120.0,0.0,11.0,7.0,15.0,5.5,1.0,67.0,10.0
2572.8770229904776,120.0,0.0,11.0,7.0,15.0,5.5,1.0,67.0,10.0
2573.2770229904777,120.0,0.0,11.0,7.0,15.0,5.5,1.0,67.0,10.0
2573.277522990478,120.0,0.0,11.0,7.0,15.0,5.5,1.0,67.0,10.0
2573.677522990478,120.0,0.0,11.0,7.0,15.0,5.5,1.0,67.0,10.0
2573.678022990478,120.0,0.0,11.0,7.0,15.0,5.5,1.0,67.0,10.0
2574.078022990478,120.0,0.0,11.0,7.0,15.0,5.5,1.0,67.0,10.0
2574.078522990478,120.0,0.0,11.0,7.0,15.0,5.5,1.0,67.0,10.0
2574.4785229904783,120.0,0.0,11.0,7.0,15.0,5.5,1.0,67.0,10.0
2574.4790229904784,120.0,0.0,11.0,7.0,15.0,5.5,1.0,67.0,10.0
2574.8790229904785,120.0,0.0,11.0,7.0,15.0,5.5,1.0,67.0,10.0
2574.8795229904786,120.0,0.0,11.0,7.0,15.0,5.5,1.0,67.0,10.0
2575.2795229904787,120.0,0.0,11.0,7.0,15.0,5.5,1.0,67.0,10.0
2575.2800229904788,120.0,0.0,11.0,7.0,15.0,5.5,1.0,67.0,10.0
2575.680022990479,120.0,0.0,11.0,7.0,15.0,5.5,1.0,67.0,10.0
2575.680522990479,120.0,0.0,11.0,7.0,15.0,5.5,1.0,67.0,10.0
2576.080522990479,120.0,0.0,11.0,7.0,15.0,5.5,1.0,67.0,10.0
2576.081022990479,120.0,0.0,11.0,7.0,15.0,5.5,1.0,67.0,10.0
2576.4810229904792,120.0,0.0,11.0,7.0,15.0,5.5,1.0,67.0,10.0
2576.4815229904793,120.0,0.0,11.0,7.0,15.0,5.5,1.0,67.0,10.0
2576.8815229904794,120.0,0.0,11.0,7.0,15.0,5.5,1.0,67.0,10.0
2576.8820229904795,110.0,0.0,11.0,7.0,15.0,5.5,1.0,67.0,10.0
2577.2820229904796,110.0,0.0,11.0,7.0,15.0,5.5,1.0,67.0,10.0
2577.282568445025,110.0,0.0,11.0,7.0,15.0,5.5,1.0,67.0,10.0
2577.682568445025,110.0,0.0,11.0,7.0,15.0,5.5,1.0,67.0,10.0
2577.6831138995703,110.0,0.0,11.0,7.0,15.0,5.5,1.0,67.0,10.0
2578.0831138995704,110.0,0.0,11.0,7.0,15.0,5.5,1.0,67.0,10.0
2578.0836593541158,110.0,0.0,11.0,7.0,15.0,5.5,1.0,67.0,10.0
2578.483659354116,110.0,0.0,11.0,7.0,15.0,5.5,1.0,67.0,10.0
2578.484204808661,110.0,0.0,11.0,7.0,15.0,5.5,1.0,67.0,10.0
2578.8842048086613,110.0,0.0,11.0,7.0,15.0,5.5,1.0,67.0,10.0
2578.8847502632066,110.0,0.0,11.0,7.0,15.0,5.5,1.0,67.0,10.0
2579.2847502632067,110.0,0.0,11.0,7.0,15.0,5.5,1.0,67.0,10.0
2579.285295717752,110.0,0.0,11.0,7.0,15.0,5.5,1.0,67.0,10.0
2579.685295717752,110.0,0.0,11.0,7.0,15.0,5.5,1.0,67.0,10.0
2579.6858411722974,110.0,0.0,11.0,7.0,15.0,5.5,1.0,67.0,10.0
2580.0858411722975,110.0,0.0,11.0,7.0,15.0,5.5,1.0,67.0,10.0
2580.086386626843,110.0,0.0,11.0,7.0,15.0,5.5,1.0,67.0,10.0
2580.486386626843,110.0,0.0,11.0,7.0,15.0,5.5,1.0,67.0,10.0
2580.486932081388,110.0,0.0,11.0,7.0,15.0,5.5,1.0,67.0,10.0
2580.8869320813883,110.0,0.0,11.0,7.0,15.0,5.5,1.0,67.0,10.0
2580.8874775359336,110.0,0.0,11.0,7.0,15.0,5.5,1.0,67.0,10.0
2581.2874775359337,110.0,0.0,11.0,7.0,15.0,5.5,1.0,67.0,10.0
2581.288022990479,110.0,0.0,11.0,7.0,15.0,5.5,1.0,67.0,10.0
2581.688022990479,110.0,0.0,11.0,7.0,15.0,5.5,1.0,67.0,10.0
2581.6885684450244,110.0,0.0,11.0,7.0,15.0,5.5,1.0,67.0,10.0
2582.0885684450245,110.0,0.0,11.0,7.0,15.0,5.5,1.0,67.0,10.0
2582.08911389957,110.0,0.0,11.0,7.0,15.0,5.5,1.0,67.0,10.0
2582.48911389957,110.0,0.0,11.0,7.0,15.0,5.5,1.0,67.0,10.0
2582.4896593541152,110.0,0.0,11.0,7.0,15.0,5.5,1.0,67.0,10.0
2582.8896593541153,110.0,0.0,11.0,7.0,15.0,5.5,1.0,67.0,10.0
2582.8902048086607,110.0,0.0,11.0,7.0,15.0,5.5,1.0,67.0,10.0
2583.2902048086607,110.0,0.0,11.0,7.0,15.0,5.5,1.0,67.0,10.0
2583.290750263206,110.0,0.0,11.0,7.0,15.0,5.5,1.0,67.0,10.0
2583.690750263206,110.0,0.0,11.0,7.0,15.0,5.5,1.0,67.0,10.0
2583.6912957177515,110.0,0.0,11.0,7.0,15.0,5.5,1.0,67.0,10.0
2584.0912957177516,110.0,0.0,11.0,7.0,15.0,5.5,1.0,67.0,10.0
2584.091841172297,110.0,0.0,11.0,7.0,15.0,5.5,1.0,67.0,10.0
2584.491841172297,110.0,0.0,11.0,7.0,15.0,5.5,1.0,67.0,10.0
2584.4923866268423,110.0,0.0,11.0,7.0,15.0,5.5,1.0,67.0,10.0
2584.8923866268424,110.0,0.0,11.0,7.0,15.0,5.5,1.0,67.0,10.0
2584.8929320813877,110.0,0.0,11.0,7.0,15.0,5.5,1.0,67.0,10.0
2585.292932081388,110.0,0.0,11.0,7.0,15.0,5.5,1.0,67.0,10.0
2585.293477535933,110.0,0.0,11.0,7.0,15.0,5.5,1.0,67.0,10.0
2585.693477535933,110.0,0.0,11.0,7.0,15.0,5.5,1.0,67.0,10.0
2585.6940229904785,110.0,0.0,11.0,7.0,15.0,5.5,1.0,67.0,10.0
2586.0940229904786,110.0,0.0,11.0,7.0,15.0,5.5,1.0,67.0,10.0
2586.094568445024,110.0,0.0,11.0,7.0,15.0,5.5,1.0,67.0,10.0
2586.494568445024,110.0,0.0,11.0,7.0,15.0,5.5,1.0,67.0,10.0
2586.4951138995693,110.0,0.0,11.0,7.0,15.0,5.5,1.0,67.0,10.0
2586.8951138995694,110.0,0.0,11.0,7.0,15.0,5.5,1.0,67.0,10.0
2586.8956593541147,110.0,0.0,11.0,7.0,15.0,5.5,1.0,67.0,10.0
2587.295659354115,110.0,0.0,11.0,7.0,15.0,5.5,1.0,67.0,10.0
2587.29620480866,110.0,0.0,11.0,7.0,15.0,5.5,1.0,67.0,10.0
2587.6962048086602,110.0,0.0,11.0,7.0,15.0,5.5,1.0,67.0,10.0
2587.6967502632056,110.0,0.0,11.0,7.0,15.0,5.5,1.0,67.0,10.0
2588.0967502632056,110.0,0.0,11.0,7.0,15.0,5.5,1.0,67.0,10.0
2588.097295717751,110.0,0.0,11.0,7.0,15.0,5.5,1.0,67.0,10.0
2588.497295717751,110.0,0.0,11.0,7.0,15.0,5.5,1.0,67.0,10.0
2588.4978411722964,110.0,0.0,11.0,7.0,15.0,5.5,1.0,67.0,10.0
2588.8978411722965,110.0,0.0,11.0,7.0,15.0,5.5,1.0,67.0,10.0
2588.898386626842,110.0,0.0,11.0,7.0,15.0,5.5,1.0,67.0,10.0
2589.298386626842,110.0,0.0,11.0,7.0,15.0,5.5,1.0,67.0,10.0
2589.298932081387,110.0,0.0,11.0,7.0,15.0,5.5,1.0,67.0,10.0
2589.6989320813873,110.0,0.0,11.0,7.0,15.0,5.5,1.0,67.0,10.0
2589.6994775359326,110.0,0.0,11.0,7.0,15.0,5.5,1.0,67.0,10.0
2590.0994775359327,110.0,0.0,11.0,7.0,15.0,5.5,1.0,67.0,10.0
2590.100022990478,110.0,0.0,11.0,7.0,15.0,5.5,1.0,67.0,10.0
2590.500022990478,110.0,0.0,11.0,7.0,15.0,5.5,1.0,67.0,10.0
2590.5005684450234,110.0,0.0,11.0,7.0,15.0,5.5,1.0,67.0,10.0
2590.9005684450235,110.0,0.0,11.0,7.0,15.0,5.5,1.0,67.0,10.0
2590.901113899569,110.0,0.0,11.0,7.0,15.0,5.5,1.0,67.0,10.0
2591.301113899569,110.0,0.0,11.0,7.0,15.0,5.5,1.0,67.0,10.0
2591.3016593541142,110.0,0.0,11.0,7.0,15.0,5.5,1.0,67.0,10.0
2591.7016593541143,110.0,0.0,11.0,7.0,15.0,5.5,1.0,67.0,10.0
2591.7022048086596,110.0,0.0,11.0,7.0,15.0,5.5,1.0,67.0,10.0
2592.1022048086597,110.0,0.0,11.0,7.0,15.0,5.5,1.0,67.0,10.0
2592.102750263205,110.0,0.0,11.0,7.0,15.0,5.5,1.0,67.0,10.0
2592.502750263205,110.0,0.0,11.0,7.0,15.0,5.5,1.0,67.0,10.0
2592.5032957177505,110.0,0.0,11.0,7.0,15.0,5.5,1.0,67.0,10.0
2592.9032957177506,110.0,0.0,11.0,7.0,15.0,5.5,1.0,67.0,10.0
2592.903841172296,110.0,0.0,11.0,7.0,15.0,5.5,1.0,67.0,10.0
2593.303841172296,110.0,0.0,11.0,7.0,15.0,5.5,1.0,67.0,10.0
2593.3043866268413,110.0,0.0,11.0,7.0,15.0,5.5,1.0,67.0,10.0
2593.7043866268414,110.0,0.0,11.0,7.0,15.0,5.5,1.0,67.0,10.0
2593.7049320813867,110.0,0.0,11.0,7.0,15.0,5.5,1.0,67.0,10.0
2594.104932081387,110.0,0.0,11.0,7.0,15.0,5.5,1.0,67.0,10.0
2594.105477535932,110.0,0.0,11.0,7.0,15.0,5.5,1.0,67.0,10.0
2594.505477535932,110.0,0.0,11.0,7.0,15.0,5.5,1.0,67.0,10.0
2594.5060229904775,110.0,0.0,11.0,7.0,15.0,5.5,1.0,67.0,10.0
2594.9060229904776,110.0,0.0,11.0,7.0,15.0,5.5,1.0,67.0,10.0
2594.906568445023,110.0,0.0,11.0,7.0,15.0,5.5,1.0,67.0,10.0
2595.306568445023,110.0,0.0,11.0,7.0,15.0,5.5,1.0,67.0,10.0
2595.3071138995683,110.0,0.0,11.0,7.0,15.0,5.5,1.0,67.0,10.0
2595.7071138995684,110.0,0.0,11.0,7.0,15.0,5.5,1.0,67.0,10.0
2595.7076593541137,110.0,0.0,11.0,7.0,15.0,5.5,1.0,67.0,10.0
2596.107659354114,110.0,0.0,11.0,7.0,15.0,5.5,1.0,67.0,10.0
2596.108204808659,110.0,0.0,11.0,7.0,15.0,5.5,1.0,67.0,10.0
2596.5082048086592,110.0,0.0,11.0,7.0,15.0,5.5,1.0,67.0,10.0
2596.5087502632045,110.0,0.0,11.0,7.0,15.0,5.5,1.0,67.0,10.0
2596.9087502632046,110.0,0.0,11.0,7.0,15.0,5.5,1.0,67.0,10.0
2596.90929571775,100.0,0.0,11.0,7.0,15.0,5.5,1.0,67.0,10.0
2597.30929571775,100.0,0.0,11.0,7.0,15.0,5.5,1.0,67.0,10.0
2597.30989571775,100.0,0.0,11.0,7.0,15.0,5.5,1.0,67.0,10.0
2597.70989571775,100.0,0.0,11.0,7.0,15.0,5.5,1.0,67.0,10.0
2597.71049571775,100.0,0.0,11.0,7.0,15.0,5.5,1.0,67.0,10.0
2598.11049571775,100.0,0.0,11.0,7.0,15.0,5.5,1.0,67.0,10.0
2598.11109571775,100.0,0.0,11.0,7.0,15.0,5.5,1.0,67.0,10.0
2598.51109571775,100.0,0.0,11.0,7.0,15.0,5.5,1.0,67.0,10.0
2598.5116957177497,100.0,0.0,11.0,7.0,15.0,5.5,1.0,67.0,10.0
2598.91169571775,100.0,0.0,11.0,7.0,15.0,5.5,1.0,67.0,10.0
2598.9122957177497,100.0,0.0,11.0,7.0,15.0,5.5,1.0,67.0,10.0
2599.3122957177497,100.0,0.0,11.0,7.0,15.0,5.5,1.0,67.0,10.0
2599.3128957177496,100.0,0.0,11.0,7.0,15.0,5.5,1.0,67.0,10.0
2599.7128957177497,100.0,0.0,11.0,7.0,15.0,5.5,1.0,67.0,10.0
2599.7134957177495,100.0,0.0,11.0,7.0,15.0,5.5,1.0,67.0,10.0
2600.1134957177496,100.0,0.0,11.0,7.0,15.0,5.5,1.0,67.0,10.0
2600.1140957177495,100.0,0.0,11.0,7.0,15.0,5.5,1.0,67.0,10.0
2600.5140957177496,100.0,0.0,11.0,7.0,15.0,5.5,1.0,67.0,10.0
2600.5146957177494,100.0,0.0,11.0,7.0,15.0,5.5,1.0,67.0,10.0
2600.9146957177495,100.0,0.0,11.0,7.0,15.0,5.5,1.0,67.0,10.0
2600.9152957177494,100.0,0.0,11.0,7.0,15.0,5.5,1.0,67.0,10.0
2601.3152957177494,100.0,0.0,11.0,7.0,15.0,5.5,1.0,67.0,10.0
2601.3158957177493,110.0,0.0,11.0,7.0,15.0,5.5,1.0,67.0,10.0
2601.7158957177494,110.0,0.0,11.0,7.0,15.0,5.5,1.0,67.0,10.0
2601.7164411722947,110.0,0.0,11.0,7.0,15.0,5.5,1.0,67.0,10.0
2602.116441172295,110.0,0.0,11.0,7.0,15.0,5.5,1.0,67.0,10.0
2602.11698662684,110.0,0.0,11.0,7.0,15.0,5.5,1.0,67.0,10.0
2602.51698662684,110.0,0.0,11.0,7.0,15.0,5.5,1.0,67.0,10.0
2602.5175320813855,110.0,0.0,11.0,7.0,15.0,5.5,1.0,67.0,10.0
2602.9175320813856,110.0,0.0,11.0,7.0,15.0,5.5,1.0,67.0,10.0
2602.918077535931,110.0,0.0,11.0,7.0,15.0,5.5,1.0,67.0,10.0
2603.318077535931,110.0,0.0,11.0,7.0,15.0,5.5,1.0,67.0,10.0
2603.3186229904763,110.0,0.0,11.0,7.0,15.0,5.5,1.0,67.0,10.0
2603.7186229904764,110.0,0.0,11.0,7.0,15.0,5.5,1.0,67.0,10.0
2603.7191684450218,110.0,0.0,11.0,7.0,15.0,5.5,1.0,67.0,10.0
2604.119168445022,110.0,0.0,11.0,7.0,15.0,5.5,1.0,67.0,10.0
2604.119713899567,110.0,0.0,11.0,7.0,15.0,5.5,1.0,67.0,10.0
2604.5197138995673,110.0,0.0,11.0,7.0,15.0,5.5,1.0,67.0,10.0
2604.5202593541126,110.0,0.0,11.0,7.0,15.0,5.5,1.0,67.0,10.0
2604.9202593541127,110.0,0.0,11.0,7.0,15.0,5.5,1.0,67.0,10.0
2604.920804808658,110.0,0.0,11.0,7.0,15.0,5.5,1.0,67.0,10.0
2605.320804808658,110.0,0.0,11.0,7.0,15.0,5.5,1.0,67.0,10.0
2605.3213502632034,110.0,0.0,11.0,7.0,15.0,5.5,1.0,67.0,10.0
2605.7213502632035,110.0,0.0,11.0,7.0,15.0,5.5,1.0,67.0,10.0
2605.721895717749,110.0,0.0,11.0,7.0,15.0,5.5,1.0,67.0,10.0
2606.121895717749,110.0,0.0,11.0,7.0,15.0,5.5,1.0,67.0,10.0
2606.122441172294,120.0,0.0,11.0,7.0,15.0,5.5,1.0,67.0,10.0
2606.5224411722943,120.0,0.0,11.0,7.0,15.0,5.5,1.0,67.0,10.0
2606.5229411722944,120.0,0.0,11.0,7.0,15.0,5.5,1.0,67.0,10.0
2606.9229411722945,120.0,0.0,11.0,7.0,15.0,5.5,1.0,67.0,10.0
2606.9234411722946,120.0,0.0,11.0,7.0,15.0,5.5,1.0,67.0,10.0
2607.3234411722947,120.0,0.0,11.0,7.0,15.0,5.5,1.0,67.0,10.0
2607.323941172295,120.0,0.0,11.0,7.0,15.0,5.5,1.0,67.0,10.0
2607.723941172295,120.0,0.0,11.0,7.0,15.0,5.5,1.0,67.0,10.0
2607.724441172295,120.0,0.0,11.0,7.0,15.0,5.5,1.0,67.0,10.0
2608.124441172295,120.0,0.0,11.0,7.0,15.0,5.5,1.0,67.0,10.0
2608.124941172295,130.0,0.0,11.0,7.0,15.0,5.5,1.0,67.0,10.0
2608.5249411722953,130.0,0.0,11.0,7.0,15.0,5.5,1.0,67.0,10.0
2608.5254027107567,130.0,0.0,11.0,7.0,15.0,5.5,1.0,67.0,10.0
2608.9254027107568,130.0,0.0,11.0,7.0,15.0,5.5,1.0,67.0,10.0
2608.925864249218,130.0,0.0,11.0,7.0,15.0,5.5,1.0,67.0,10.0
2609.3258642492183,130.0,0.0,11.0,7.0,15.0,5.5,1.0,67.0,10.0
2609.3263257876797,130.0,0.0,11.0,7.0,15.0,5.5,1.0,67.0,10.0
2609.72632578768,130.0,0.0,11.0,7.0,15.0,5.5,1.0,67.0,10.0
2609.726787326141,130.0,0.0,11.0,7.0,15.0,5.5,1.0,67.0,10.0
2610.1267873261413,130.0,0.0,11.0,7.0,15.0,5.5,1.0,67.0,10.0
2610.1272488646027,130.0,0.0,11.0,7.0,15.0,3.5,1.0,68.0,10.0
2610.527248864603,130.0,0.0,11.0,7.0,15.0,3.5,1.0,68.0,10.0
2610.5277104030642,120.0,0.0,11.0,7.0,15.0,3.5,1.0,68.0,10.0
2610.9277104030643,120.0,0.0,11.0,7.0,15.0,3.5,1.0,68.0,10.0
2610.9282104030644,120.0,0.0,11.0,7.0,15.0,3.5,1.0,68.0,10.0
2611.3282104030645,120.0,0.0,11.0,7.0,15.0,3.5,1.0,68.0,10.0
2611.3287104030646,120.0,0.0,11.0,7.0,15.0,3.5,1.0,68.0,10.0
2611.7287104030647,120.0,0.0,11.0,7.0,15.0,3.5,1.0,68.0,10.0
2611.729210403065,120.0,0.0,11.0,7.0,15.0,3.5,1.0,68.0,10.0
2612.129210403065,120.0,0.0,11.0,7.0,15.0,3.5,1.0,68.0,10.0
2612.129710403065,120.0,0.0,11.0,7.0,15.0,3.5,1.0,68.0,10.0
2612.529710403065,120.0,0.0,11.0,7.0,15.0,3.5,1.0,68.0,10.0
2612.530210403065,120.0,0.0,11.0,7.0,15.0,3.5,1.0,68.0,10.0
2612.9302104030653,120.0,0.0,11.0,7.0,15.0,3.5,1.0,68.0,10.0
2612.9307104030654,120.0,0.0,11.0,7.0,15.0,3.5,1.0,68.0,10.0
2613.3307104030655,120.0,0.0,11.0,7.0,15.0,3.5,1.0,68.0,10.0
2613.3312104030656,120.0,0.0,11.0,7.0,15.0,3.5,1.0,68.0,10.0
2613.7312104030657,120.0,0.0,11.0,7.0,15.0,3.5,1.0,68.0,10.0
2613.731710403066,120.0,0.0,11.0,7.0,15.0,3.5,1.0,68.0,10.0
2614.131710403066,120.0,0.0,11.0,7.0,15.0,3.5,1.0,68.0,10.0
2614.132210403066,120.0,0.0,11.0,7.0,15.0,3.5,1.0,68.0,10.0
2614.532210403066,120.0,0.0,11.0,7.0,15.0,3.5,1.0,68.0,10.0
2614.532710403066,120.0,0.0,11.0,7.0,15.0,3.5,1.0,68.0,10.0
2614.9327104030663,120.0,0.0,11.0,7.0,15.0,3.5,1.0,68.0,10.0
2614.9332104030664,120.0,0.0,11.0,7.0,15.0,3.5,1.0,68.0,10.0
2615.3332104030665,120.0,0.0,11.0,7.0,15.0,3.5,1.0,68.0,10.0
2615.3337104030666,120.0,0.0,11.0,7.0,15.0,3.5,1.0,68.0,10.0
2615.7337104030667,120.0,0.0,11.0,7.0,15.0,3.5,1.0,68.0,10.0
2615.7342104030668,120.0,0.0,11.0,7.0,15.0,3.5,1.0,68.0,10.0
2616.134210403067,120.0,0.0,11.0,7.0,15.0,3.5,1.0,68.0,10.0
2616.134710403067,120.0,0.0,11.0,7.0,15.0,3.5,1.0,68.0,10.0
2616.534710403067,120.0,0.0,11.0,7.0,15.0,3.5,1.0,68.0,10.0
2616.535210403067,120.0,0.0,11.0,7.0,15.0,3.5,1.0,68.0,10.0
2616.9352104030672,120.0,0.0,11.0,7.0,15.0,3.5,1.0,68.0,10.0
2616.9357104030673,120.0,0.0,11.0,7.0,15.0,3.5,1.0,68.0,10.0
2617.3357104030674,120.0,0.0,11.0,7.0,15.0,3.5,1.0,68.0,10.0
2617.3362104030675,120.0,0.0,11.0,7.0,15.0,3.5,1.0,68.0,10.0
2617.7362104030676,120.0,0.0,11.0,7.0,15.0,3.5,1.0,68.0,10.0
2617.7367104030677,130.0,0.0,11.0,7.0,15.0,3.5,1.0,68.0,10.0
2618.136710403068,130.0,0.0,11.0,7.0,15.0,3.5,1.0,68.0,10.0
2618.1371719415292,130.0,0.0,11.0,7.0,15.0,3.5,1.0,68.0,10.0
2618.5371719415293,130.0,0.0,11.0,7.0,15.0,3.5,1.0,68.0,10.0
2618.5376334799907,130.0,0.0,11.0,7.0,15.0,3.5,1.0,68.0,10.0
2618.937633479991,130.0,0.0,11.0,7.0,15.0,3.5,1.0,68.0,10.0
2618.9380950184523,130.0,0.0,11.0,7.0,15.0,3.5,1.0,68.0,10.0
2619.3380950184523,130.0,0.0,11.0,7.0,15.0,3.5,1.0,68.0,10.0
2619.3385565569138,130.0,0.0,11.0,7.0,15.0,3.5,1.0,68.0,10.0
2619.738556556914,130.0,0.0,11.0,7.0,15.0,3.5,1.0,68.0,10.0
2619.7390180953753,130.0,0.0,11.0,7.0,15.0,3.5,1.0,68.0,10.0
2620.1390180953754,130.0,0.0,11.0,7.0,15.0,3.5,1.0,68.0,10.0
2620.139479633837,130.0,0.0,11.0,7.0,15.0,3.5,1.0,68.0,10.0
2620.539479633837,130.0,0.0,11.0,7.0,15.0,3.5,1.0,68.0,10.0
2620.5399411722983,130.0,0.0,11.0,7.0,15.0,3.5,1.0,68.0,10.0
2620.9399411722984,130.0,0.0,11.0,7.0,15.0,3.5,1.0,68.0,10.0
2620.94040271076,130.0,0.0,11.0,7.0,15.0,3.5,1.0,68.0,10.0
2621.34040271076,130.0,0.0,11.0,7.0,15.0,3.5,1.0,68.0,10.0
2621.3408642492213,130.0,0.0,11.0,7.0,15.0,3.5,1.0,68.0,10.0
2621.7408642492214,130.0,0.0,11.0,7.0,15.0,3.5,1.0,68.0,10.0
2621.741325787683,130.0,0.0,11.0,7.0,15.0,3.5,1.0,68.0,10.0
2622.141325787683,130.0,0.0,11.0,7.0,15.0,3.5,1.0,68.0,10.0
2622.1417873261444,130.0,0.0,11.0,7.0,15.0,3.5,1.0,68.0,10.0
2622.5417873261445,130.0,0.0,11.0,7.0,15.0,3.5,1.0,68.0,10.0
2622.542248864606,130.0,0.0,11.0,7.0,15.0,3.5,1.0,68.0,10.0
2622.942248864606,130.0,0.0,11.0,7.0,15.0,3.5,1.0,68.0,10.0
2622.9427104030674,130.0,0.0,11.0,7.0,15.0,3.5,1.0,68.0,10.0
2623.3427104030675,130.0,0.0,11.0,7.0,15.0,3.5,1.0,68.0,10.0
2623.343171941529,130.0,0.0,11.0,7.0,15.0,3.5,1.0,68.0,10.0
2623.743171941529,130.0,0.0,11.0,7.0,15.0,3.5,1.0,68.0,10.0
2623.7436334799904,130.0,0.0,11.0,7.0,15.0,3.5,1.0,68.0,10.0
2624.1436334799905,130.0,0.0,11.0,7.0,15.0,3.5,1.0,68.0,10.0
2624.144095018452,130.0,0.0,11.0,7.0,15.0,3.5,1.0,68.0,10.0
2624.544095018452,130.0,0.0,11.0,7.0,15.0,3.5,1.0,68.0,10.0
2624.5445565569134,130.0,0.0,11.0,7.0,15.0,3.5,1.0,68.0,10.0
2624.9445565569135,130.0,0.0,11.0,7.0,15.0,3.5,1.0,68.0,10.0
2624.945018095375,130.0,0.0,11.0,7.0,15.0,3.5,1.0,68.0,10.0
2625.345018095375,130.0,0.0,11.0,7.0,15.0,3.5,1.0,68.0,10.0
2625.3454796338365,130.0,0.0,11.0,7.0,15.0,3.5,1.0,68.0,10.0
2625.7454796338366,130.0,0.0,11.0,7.0,15.0,3.5,1.0,68.0,10.0
2625.745941172298,130.0,0.0,11.0,7.0,15.0,3.5,1.0,68.0,10.0
2626.145941172298,130.0,0.0,11.0,7.0,15.0,3.5,1.0,68.0,10.0
2626.1464027107595,130.0,0.0,11.0,7.0,15.0,3.5,1.0,68.0,10.0
2626.5464027107596,130.0,0.0,11.0,7.0,15.0,3.5,1.0,68.0,10.0
2626.546864249221,130.0,0.0,11.0,7.0,15.0,3.5,1.0,67.0,10.0
2626.946864249221,130.0,0.0,11.0,7.0,15.0,3.5,1.0,67.0,10.0
2626.9473257876825,130.0,0.0,11.0,7.0,15.0,3.5,1.0,67.0,10.0
2627.3473257876826,130.0,0.0,11.0,7.0,15.0,3.5,1.0,67.0,10.0
2627.347787326144,130.0,0.0,11.0,7.0,15.0,3.5,1.0,67.0,10.0
2627.747787326144,130.0,0.0,11.0,7.0,15.0,3.5,1.0,67.0,10.0
2627.7482488646056,130.0,0.0,11.0,7.0,15.0,3.5,1.0,67.0,10.0
2628.1482488646056,130.0,0.0,11.0,7.0,15.0,3.5,1.0,67.0,10.0
2628.148710403067,130.0,0.0,11.0,7.0,15.0,3.5,1.0,67.0,10.0
2628.548710403067,130.0,0.0,11.0,7.0,15.0,3.5,1.0,67.0,10.0
2628.5491719415286,140.0,0.0,11.0,7.0,15.0,3.5,1.0,67.0,10.0
2628.9491719415287,140.0,0.0,11.0,7.0,15.0,3.5,1.0,67.0,10.0
2628.949600512957,140.0,0.0,11.0,7.0,15.0,3.5,1.0,67.0,10.0
2629.3496005129573,140.0,0.0,11.0,7.0,15.0,3.5,1.0,67.0,10.0
2629.350029084386,150.0,0.0,11.0,7.0,15.0,3.5,1.0,67.0,10.0
2629.750029084386,150.0,0.0,11.0,7.0,15.0,3.5,1.0,67.0,10.0
2629.750429084386,150.0,0.0,11.0,7.0,15.0,3.5,1.0,67.0,10.0
2630.150429084386,150.0,0.0,11.0,7.0,15.0,3.5,1.0,67.0,10.0
2630.150829084386,150.0,0.0,11.0,7.0,15.0,3.5,1.0,67.0,10.0
2630.550829084386,150.0,0.0,11.0,7.0,15.0,3.5,1.0,67.0,10.0
2630.551229084386,150.0,0.0,11.0,7.0,15.0,3.5,1.0,67.0,10.0
2630.951229084386,150.0,0.0,11.0,7.0,15.0,3.5,1.0,67.0,10.0
2630.951629084386,150.0,0.0,11.0,7.0,15.0,3.5,1.0,67.0,10.0
2631.351629084386,150.0,0.0,11.0,7.0,15.0,3.5,1.0,67.0,10.0
2631.352029084386,150.0,0.0,11.0,7.0,15.0,3.5,1.0,67.0,10.0
2631.752029084386,150.0,0.0,11.0,7.0,15.0,3.5,1.0,67.0,10.0
2631.7524290843858,150.0,0.0,11.0,7.0,15.0,3.5,1.0,67.0,10.0
2632.152429084386,150.0,0.0,11.0,7.0,15.0,3.5,1.0,67.0,10.0
2632.1528290843858,150.0,0.0,11.0,7.0,15.0,3.5,1.0,67.0,10.0
2632.552829084386,150.0,0.0,11.0,7.0,15.0,3.5,1.0,67.0,10.0
2632.5532290843857,150.0,0.0,11.0,7.0,15.0,3.5,1.0,67.0,10.0
2632.953229084386,150.0,0.0,11.0,7.0,15.0,3.5,1.0,67.0,10.0
2632.9536290843857,150.0,0.0,11.0,7.0,15.0,3.5,1.0,67.0,10.0
2633.353629084386,150.0,0.0,11.0,7.0,15.0,3.5,1.0,67.0,10.0
2633.3540290843857,150.0,0.0,11.0,7.0,15.0,3.5,1.0,67.0,10.0
2633.754029084386,150.0,0.0,11.0,7.0,15.0,3.5,1.0,67.0,10.0
2633.7544290843857,150.0,0.0,11.0,7.0,15.0,3.5,1.0,67.0,10.0
2634.154429084386,150.0,0.0,11.0,7.0,15.0,3.5,1.0,67.0,10.0
2634.1548290843857,150.0,0.0,11.0,7.0,15.0,3.5,1.0,67.0,10.0
2634.554829084386,150.0,0.0,11.0,7.0,15.0,3.5,1.0,67.0,10.0
2634.5552290843857,150.0,0.0,11.0,7.0,15.0,3.5,1.0,67.0,10.0
2634.955229084386,150.0,0.0,11.0,7.0,15.0,3.5,1.0,67.0,10.0
2634.9556290843857,150.0,0.0,11.0,7.0,15.0,3.5,1.0,67.0,10.0
2635.355629084386,150.0,0.0,11.0,7.0,15.0,3.5,1.0,67.0,10.0
2635.3560290843857,150.0,0.0,11.0,7.0,15.0,3.5,1.0,67.0,10.0
2635.756029084386,150.0,0.0,11.0,7.0,15.0,3.5,1.0,67.0,10.0
2635.7564290843857,150.0,0.0,11.0,7.0,15.0,3.5,1.0,67.0,10.0
2636.1564290843858,150.0,0.0,11.0,7.0,15.0,3.5,1.0,67.0,10.0
2636.1568290843857,150.0,0.0,11.0,7.0,15.0,3.5,1.0,67.0,10.0
2636.5568290843858,150.0,0.0,11.0,7.0,15.0,3.5,1.0,67.0,10.0
2636.5572290843857,150.0,0.0,11.0,7.0,15.0,3.5,1.0,67.0,10.0
2636.9572290843857,150.0,0.0,11.0,7.0,15.0,3.5,1.0,67.0,10.0
2636.9576290843856,150.0,0.0,11.0,7.0,15.0,3.5,1.0,67.0,10.0
2637.3576290843857,150.0,0.0,11.0,7.0,15.0,3.5,1.0,67.0,10.0
2637.3580290843856,150.0,0.0,11.0,7.0,15.0,3.5,1.0,67.0,10.0
2637.7580290843857,150.0,0.0,11.0,7.0,15.0,3.5,1.0,67.0,10.0
2637.7584290843856,150.0,0.0,11.0,7.0,15.0,3.5,1.0,67.0,10.0
2638.1584290843857,150.0,0.0,11.0,7.0,15.0,3.5,1.0,67.0,10.0
2638.1588290843856,150.0,0.0,11.0,7.0,15.0,3.5,1.0,67.0,10.0
2638.5588290843857,150.0,0.0,11.0,7.0,15.0,3.5,1.0,67.0,10.0
2638.5592290843856,150.0,0.0,11.0,7.0,15.0,3.5,1.0,67.0,10.0
2638.9592290843857,150.0,0.0,11.0,7.0,15.0,3.5,1.0,67.0,10.0
2638.9596290843856,150.0,0.0,11.0,7.0,15.0,3.5,1.0,67.0,10.0
2639.3596290843857,150.0,0.0,11.0,7.0,15.0,3.5,1.0,67.0,10.0
2639.3600290843856,150.0,0.0,11.0,7.0,15.0,3.5,1.0,67.0,10.0
2639.7600290843857,150.0,0.0,11.0,7.0,15.0,3.5,1.0,67.0,10.0
2639.7604290843856,150.0,0.0,11.0,7.0,15.0,3.5,1.0,67.0,10.0
2640.1604290843857,150.0,0.0,11.0,7.0,15.0,3.5,1.0,67.0,10.0
2640.1608290843856,150.0,0.0,11.0,7.0,15.0,3.5,1.0,67.0,10.0
2640.5608290843857,150.0,0.0,11.0,7.0,15.0,3.5,1.0,67.0,10.0
2640.5612290843856,150.0,0.0,11.0,7.0,15.0,3.5,1.0,67.0,10.0
2640.9612290843856,150.0,0.0,11.0,7.0,15.0,3.5,1.0,67.0,10.0
2640.9616290843855,150.0,0.0,11.0,7.0,15.0,3.5,1.0,67.0,10.0
2641.3616290843856,150.0,0.0,11.0,7.0,15.0,3.5,1.0,67.0,10.0
2641.3620290843855,140.0,0.0,11.0,7.0,15.0,3.5,1.0,67.0,10.0
2641.7620290843856,140.0,0.0,11.0,7.0,15.0,3.5,1.0,67.0,10.0
2641.762457655814,140.0,0.0,11.0,7.0,15.0,3.5,1.0,67.0,10.0
2642.1624576558143,140.0,0.0,11.0,7.0,15.0,3.5,1.0,67.0,10.0
2642.162886227243,140.0,0.0,11.0,7.0,15.0,3.5,1.0,67.0,10.0
2642.562886227243,140.0,0.0,11.0,7.0,15.0,3.5,1.0,67.0,10.0
2642.5633147986714,140.0,0.0,11.0,7.0,15.0,3.5,1.0,67.0,10.0
2642.9633147986715,140.0,0.0,11.0,7.0,15.0,3.5,1.0,67.0,10.0
2642.9637433701,140.0,0.0,11.0,7.0,15.0,3.5,1.0,67.0,10.0
2643.3637433701,140.0,0.0,11.0,7.0,15.0,3.5,1.0,67.0,10.0
2643.3641719415286,140.0,0.0,11.0,7.0,15.0,3.5,1.0,67.0,10.0
2643.7641719415287,140.0,0.0,11.0,7.0,15.0,3.5,1.0,67.0,10.0
2643.7646005129573,140.0,0.0,11.0,7.0,15.0,8.5,1.0,67.0,10.0
2644.1646005129573,140.0,0.0,11.0,7.0,15.0,8.5,1.0,67.0,10.0
2644.165029084386,140.0,0.0,11.0,7.0,15.0,8.5,1.0,67.0,10.0
2644.565029084386,140.0,0.0,11.0,7.0,15.0,8.5,1.0,67.0,10.0
2644.5654576558145,140.0,0.0,11.0,7.0,15.0,8.5,1.0,67.0,10.0
2644.9654576558146,140.0,0.0,11.0,7.0,15.0,8.5,1.0,67.0,10.0
2644.965886227243,140.0,0.0,11.0,7.0,15.0,8.5,1.0,67.0,10.0
2645.365886227243,140.0,0.0,11.0,7.0,15.0,8.5,1.0,67.0,10.0
2645.3663147986717,140.0,0.0,11.0,7.0,15.0,8.5,1.0,67.0,10.0
2645.766314798672,140.0,0.0,11.0,7.0,15.0,8.5,1.0,67.0,10.0
2645.7667433701004,140.0,0.0,11.0,7.0,15.0,8.5,1.0,67.0,10.0
2646.1667433701004,140.0,0.0,11.0,7.0,15.0,8.5,1.0,67.0,10.0
2646.167171941529,140.0,0.0,11.0,7.0,15.0,6.5,1.0,68.0,10.0
2646.567171941529,140.0,0.0,11.0,7.0,15.0,6.5,1.0,68.0,10.0
2646.5676005129576,140.0,0.0,11.0,7.0,15.0,6.5,1.0,68.0,10.0
2646.9676005129577,140.0,0.0,11.0,7.0,15.0,6.5,1.0,68.0,10.0
2646.968029084386,140.0,0.0,11.0,7.0,15.0,6.5,1.0,68.0,10.0
2647.3680290843863,140.0,0.0,11.0,7.0,15.0,6.5,1.0,68.0,10.0
2647.368457655815,140.0,0.0,11.0,7.0,15.0,6.5,1.0,68.0,10.0
2647.768457655815,140.0,0.0,11.0,7.0,15.0,6.5,1.0,68.0,10.0
2647.7688862272435,140.0,0.0,11.0,7.0,15.0,6.5,1.0,68.0,10.0
2648.1688862272435,140.0,0.0,11.0,7.0,15.0,6.5,1.0,68.0,10.0
2648.169314798672,140.0,0.0,11.0,7.0,15.0,6.5,1.0,68.0,10.0
2648.569314798672,140.0,0.0,11.0,7.0,15.0,6.5,1.0,68.0,10.0
2648.5697433701007,140.0,0.0,11.0,7.0,15.0,6.5,1.0,68.0,10.0
2648.969743370101,140.0,0.0,11.0,7.0,15.0,6.5,1.0,68.0,10.0
2648.9701719415293,140.0,0.0,11.0,7.0,15.0,6.5,1.0,68.0,10.0
2649.3701719415294,140.0,0.0,11.0,7.0,15.0,6.5,1.0,68.0,10.0
2649.370600512958,140.0,0.0,11.0,7.0,15.0,6.5,1.0,68.0,10.0
2649.770600512958,140.0,0.0,11.0,7.0,15.0,6.5,1.0,68.0,10.0
2649.7710290843866,140.0,0.0,11.0,7.0,15.0,6.5,1.0,68.0,10.0
2650.1710290843866,140.0,0.0,11.0,7.0,15.0,6.5,1.0,68.0,10.0
2650.171457655815,140.0,0.0,11.0,7.0,15.0,6.5,1.0,68.0,10.0
2650.5714576558153,140.0,0.0,11.0,7.0,15.0,6.5,1.0,68.0,10.0
2650.571886227244,140.0,0.0,11.0,7.0,15.0,6.5,1.0,68.0,10.0
2650.971886227244,140.0,0.0,11.0,7.0,15.0,6.5,1.0,68.0,10.0
2650.9723147986724,140.0,0.0,11.0,7.0,15.0,6.5,1.0,68.0,10.0
2651.3723147986725,140.0,0.0,11.0,7.0,15.0,6.5,1.0,68.0,10.0
2651.372743370101,140.0,0.0,11.0,7.0,15.0,4.5,1.0,69.0,10.0
2651.772743370101,140.0,0.0,11.0,7.0,15.0,4.5,1.0,69.0,10.0
2651.7731719415297,140.0,0.0,11.0,7.0,15.0,4.5,1.0,69.0,10.0
2652.1731719415297,140.0,0.0,11.0,7.0,15.0,4.5,1.0,69.0,10.0
2652.1736005129583,140.0,0.0,11.0,7.0,15.0,4.5,1.0,69.0,10.0
2652.5736005129584,140.0,0.0,11.0,7.0,15.0,4.5,1.0,69.0,10.0
2652.574029084387,140.0,0.0,11.0,7.0,15.0,4.5,1.0,69.0,10.0
2652.974029084387,140.0,0.0,11.0,7.0,15.0,4.5,1.0,69.0,10.0
2652.9744576558155,140.0,0.0,11.0,7.0,15.0,4.5,1.0,69.0,10.0
2653.3744576558156,140.0,0.0,11.0,7.0,15.0,4.5,1.0,69.0,10.0
2653.374886227244,140.0,0.0,11.0,7.0,15.0,4.5,1.0,69.0,10.0
2653.774886227244,140.0,0.0,11.0,7.0,15.0,4.5,1.0,69.0,10.0
2653.7753147986728,140.0,0.0,11.0,7.0,15.0,4.5,1.0,69.0,10.0
2654.175314798673,140.0,0.0,11.0,7.0,15.0,4.5,1.0,69.0,10.0
2654.1757433701014,140.0,0.0,11.0,7.0,15.0,4.5,1.0,69.0,10.0
2654.5757433701015,140.0,0.0,11.0,7.0,15.0,4.5,1.0,69.0,10.0
2654.57617194153,140.0,0.0,11.0,7.0,15.0,4.5,1.0,69.0,10.0
2654.97617194153,140.0,0.0,11.0,7.0,15.0,4.5,1.0,69.0,10.0
2654.9766005129586,140.0,0.0,11.0,7.0,15.0,4.5,1.0,69.0,10.0
2655.3766005129587,140.0,0.0,11.0,7.0,15.0,4.5,1.0,69.0,10.0
2655.3770290843872,140.0,0.0,11.0,7.0,15.0,4.5,1.0,69.0,10.0
2655.7770290843873,140.0,0.0,11.0,7.0,15.0,4.5,1.0,69.0,10.0
2655.777457655816,140.0,0.0,11.0,7.0,15.0,4.5,1.0,69.0,10.0
2656.177457655816,140.0,0.0,11.0,7.0,15.0,4.5,1.0,69.0,10.0
2656.1778862272445,140.0,0.0,11.0,7.0,15.0,4.5,1.0,69.0,10.0
2656.5778862272446,140.0,0.0,11.0,7.0,15.0,4.5,1.0,69.0,10.0
2656.578314798673,140.0,0.0,11.0,7.0,15.0,4.5,1.0,69.0,10.0
2656.978314798673,140.0,0.0,11.0,7.0,15.0,4.5,1.0,69.0,10.0
2656.9787433701017,140.0,0.0,11.0,7.0,15.0,4.5,1.0,69.0,10.0
2657.378743370102,140.0,0.0,11.0,7.0,15.0,4.5,1.0,69.0,10.0
2657.3791719415303,140.0,0.0,11.0,7.0,15.0,4.5,1.0,69.0,10.0
2657.7791719415304,140.0,0.0,11.0,7.0,15.0,4.5,1.0,69.0,10.0
2657.779600512959,140.0,0.0,11.0,7.0,15.0,4.5,1.0,69.0,10.0
2658.179600512959,140.0,0.0,11.0,7.0,15.0,4.5,1.0,69.0,10.0
2658.1800290843876,140.0,0.0,11.0,7.0,15.0,4.5,1.0,69.0,10.0
2658.5800290843877,140.0,0.0,11.0,7.0,15.0,4.5,1.0,69.0,10.0
2658.580457655816,140.0,0.0,11.0,7.0,15.0,4.5,1.0,69.0,10.0
2658.9804576558163,140.0,0.0,11.0,7.0,15.0,4.5,1.0,69.0,10.0
2658.980886227245,140.0,0.0,11.0,7.0,15.0,4.5,1.0,69.0,10.0
2659.380886227245,140.0,0.0,11.0,7.0,15.0,4.5,1.0,69.0,10.0
2659.3813147986734,140.0,0.0,11.0,7.0,15.0,4.5,1.0,69.0,10.0
2659.7813147986735,140.0,0.0,11.0,7.0,15.0,4.5,1.0,69.0,10.0
2659.781743370102,140.0,0.0,11.0,7.0,15.0,4.5,1.0,69.0,10.0
2660.181743370102,140.0,0.0,11.0,7.0,15.0,4.5,1.0,69.0,10.0
2660.1821719415307,140.0,0.0,11.0,7.0,15.0,4.5,1.0,69.0,10.0
2660.5821719415308,140.0,0.0,11.0,7.0,15.0,4.5,1.0,69.0,10.0
2660.5826005129593,140.0,0.0,11.0,7.0,15.0,4.5,1.0,69.0,10.0
2660.9826005129594,140.0,0.0,11.0,7.0,15.0,4.5,1.0,69.0,10.0
2660.983029084388,140.0,0.0,11.0,7.0,15.0,4.5,1.0,69.0,10.0
2661.383029084388,140.0,0.0,11.0,7.0,15.0,4.5,1.0,69.0,10.0
2661.3834576558165,140.0,0.0,11.0,7.0,15.0,4.5,1.0,69.0,10.0
2661.7834576558166,140.0,0.0,11.0,7.0,15.0,4.5,1.0,69.0,10.0
2661.783886227245,140.0,0.0,11.0,7.0,15.0,4.5,1.0,69.0,10.0
2662.1838862272452,140.0,0.0,11.0,7.0,15.0,4.5,1.0,69.0,10.0
2662.1843147986738,140.0,0.0,11.0,7.0,15.0,4.5,1.0,69.0,10.0
2662.584314798674,140.0,0.0,11.0,7.0,15.0,4.5,1.0,69.0,10.0
2662.5847433701024,140.0,0.0,11.0,7.0,15.0,4.5,1.0,69.0,10.0
2662.9847433701025,140.0,0.0,11.0,7.0,15.0,4.5,1.0,69.0,10.0
2662.985171941531,140.0,0.0,11.0,7.0,15.0,4.5,1.0,69.0,10.0
2663.385171941531,140.0,0.0,11.0,7.0,15.0,4.5,1.0,69.0,10.0
2663.3856005129596,140.0,0.0,11.0,7.0,15.0,4.5,1.0,69.0,10.0
2663.7856005129597,140.0,0.0,11.0,7.0,15.0,4.5,1.0,69.0,10.0
2663.7860290843882,140.0,0.0,11.0,7.0,15.0,4.5,1.0,69.0,10.0
2664.1860290843883,140.0,0.0,11.0,7.0,15.0,4.5,1.0,69.0,10.0
2664.186457655817,140.0,0.0,11.0,7.0,15.0,4.5,1.0,69.0,10.0
2664.586457655817,140.0,0.0,11.0,7.0,15.0,4.5,1.0,69.0,10.0
2664.5868862272455,140.0,0.0,11.0,7.0,15.0,4.5,1.0,69.0,10.0
2664.9868862272456,140.0,0.0,11.0,7.0,15.0,4.5,1.0,69.0,10.0
2664.987314798674,140.0,0.0,11.0,7.0,15.0,4.5,1.0,69.0,10.0
2665.387314798674,140.0,0.0,11.0,7.0,15.0,4.5,1.0,69.0,10.0
2665.3877433701027,140.0,0.0,11.0,7.0,15.0,4.5,1.0,69.0,10.0
2665.787743370103,140.0,0.0,11.0,7.0,15.0,4.5,1.0,69.0,10.0
2665.7881719415313,140.0,0.0,11.0,7.0,15.0,4.5,1.0,69.0,10.0
2666.1881719415314,140.0,0.0,11.0,7.0,15.0,4.5,1.0,69.0,10.0
2666.18860051296,130.0,0.0,11.0,7.0,15.0,4.5,1.0,69.0,10.0
2666.58860051296,130.0,0.0,11.0,7.0,15.0,4.5,1.0,69.0,10.0
2666.5890620514215,130.0,0.0,11.0,7.0,15.0,4.5,1.0,69.0,10.0
2666.9890620514216,130.0,0.0,11.0,7.0,15.0,4.5,1.0,69.0,10.0
2666.989523589883,120.0,0.0,11.0,7.0,15.0,4.5,1.0,69.0,10.0
2667.389523589883,120.0,0.0,11.0,7.0,15.0,4.5,1.0,69.0,10.0
2667.390023589883,120.0,0.0,11.0,7.0,15.0,4.5,1.0,69.0,10.0
2667.7900235898833,120.0,0.0,11.0,7.0,15.0,4.5,1.0,69.0,10.0
2667.7905235898834,120.0,0.0,11.0,7.0,15.0,4.5,1.0,69.0,10.0
2668.1905235898835,120.0,0.0,11.0,7.0,15.0,4.5,1.0,69.0,10.0
2668.1910235898836,120.0,0.0,11.0,7.0,15.0,4.5,1.0,69.0,10.0
2668.5910235898837,120.0,0.0,11.0,7.0,15.0,4.5,1.0,69.0,10.0
2668.5915235898838,120.0,0.0,11.0,7.0,15.0,4.5,1.0,69.0,10.0
2668.991523589884,120.0,0.0,11.0,7.0,15.0,4.5,1.0,69.0,10.0
2668.992023589884,120.0,0.0,11.0,7.0,15.0,4.5,1.0,69.0,10.0
2669.392023589884,120.0,0.0,11.0,7.0,15.0,4.5,1.0,69.0,10.0
2669.392523589884,110.0,0.0,11.0,7.0,15.0,4.5,1.0,69.0,10.0
2669.7925235898842,110.0,0.0,11.0,7.0,15.0,4.5,1.0,69.0,10.0
2669.7930690444296,110.0,0.0,11.0,7.0,15.0,4.5,1.0,69.0,10.0
2670.1930690444296,110.0,0.0,11.0,7.0,15.0,4.5,1.0,69.0,10.0
2670.193614498975,110.0,0.0,11.0,7.0,15.0,4.5,1.0,69.0,10.0
2670.593614498975,110.0,0.0,11.0,7.0,15.0,4.5,1.0,69.0,10.0
2670.5941599535204,110.0,0.0,11.0,7.0,15.0,4.5,1.0,69.0,10.0
2670.9941599535205,110.0,0.0,11.0,7.0,15.0,4.5,1.0,69.0,10.0
2670.994705408066,110.0,0.0,11.0,7.0,15.0,4.5,1.0,69.0,10.0
2671.394705408066,110.0,0.0,11.0,7.0,15.0,4.5,1.0,69.0,10.0
2671.395250862611,110.0,0.0,11.0,7.0,15.0,4.5,1.0,69.0,10.0
2671.7952508626113,110.0,0.0,11.0,7.0,15.0,4.5,1.0,69.0,10.0
2671.7957963171566,110.0,0.0,11.0,7.0,15.0,4.5,1.0,69.0,10.0
2672.1957963171567,110.0,0.0,11.0,7.0,15.0,4.5,1.0,69.0,10.0
2672.196341771702,110.0,0.0,11.0,7.0,15.0,4.5,1.0,69.0,10.0
2672.596341771702,110.0,0.0,11.0,7.0,15.0,4.5,1.0,69.0,10.0
2672.5968872262474,110.0,0.0,11.0,7.0,15.0,4.5,1.0,69.0,10.0
2672.9968872262475,110.0,0.0,11.0,7.0,15.0,4.5,1.0,69.0,10.0
2672.997432680793,110.0,0.0,11.0,7.0,15.0,4.5,1.0,69.0,10.0
2673.397432680793,110.0,0.0,11.0,7.0,15.0,4.5,1.0,69.0,10.0
2673.3979781353382,110.0,0.0,11.0,7.0,15.0,4.5,1.0,69.0,10.0
2673.7979781353383,110.0,0.0,11.0,7.0,15.0,4.5,1.0,69.0,10.0
2673.7985235898836,110.0,0.0,11.0,7.0,15.0,4.5,1.0,69.0,10.0
2674.1985235898837,110.0,0.0,11.0,7.0,15.0,4.5,1.0,69.0,10.0
2674.199069044429,110.0,0.0,11.0,7.0,15.0,4.5,1.0,69.0,10.0
2674.599069044429,110.0,0.0,11.0,7.0,15.0,4.5,1.0,69.0,10.0
2674.5996144989745,110.0,0.0,11.0,7.0,15.0,4.5,1.0,69.0,10.0
2674.9996144989746,110.0,0.0,11.0,7.0,15.0,4.5,1.0,69.0,10.0
2675.00015995352,110.0,0.0,11.0,7.0,15.0,4.5,1.0,69.0,10.0
2675.40015995352,110.0,0.0,11.0,7.0,15.0,4.5,1.0,69.0,10.0
2675.4007054080653,110.0,0.0,11.0,7.0,15.0,4.5,1.0,69.0,10.0
2675.8007054080654,110.0,0.0,11.0,7.0,15.0,4.5,1.0,69.0,10.0
2675.8012508626107,110.0,0.0,11.0,7.0,15.0,4.5,1.0,69.0,10.0
2676.201250862611,110.0,0.0,11.0,7.0,15.0,4.5,1.0,69.0,10.0
2676.201796317156,110.0,0.0,11.0,7.0,15.0,4.5,1.0,69.0,10.0
2676.601796317156,110.0,0.0,11.0,7.0,15.0,4.5,1.0,69.0,10.0
2676.6023417717015,110.0,0.0,11.0,7.0,15.0,4.5,1.0,69.0,10.0
2677.0023417717016,110.0,0.0,11.0,7.0,15.0,4.5,1.0,69.0,10.0
2677.002887226247,100.0,0.0,11.0,7.0,15.0,4.5,1.0,69.0,10.0
2677.402887226247,100.0,0.0,11.0,7.0,15.0,4.5,1.0,69.0,10.0
2677.403487226247,100.0,0.0,11.0,7.0,15.0,4.5,1.0,69.0,10.0
2677.803487226247,100.0,0.0,11.0,7.0,15.0,4.5,1.0,69.0,10.0
2677.804087226247,100.0,0.0,11.0,7.0,15.0,4.5,1.0,69.0,10.0
2678.204087226247,100.0,0.0,11.0,7.0,15.0,4.5,1.0,69.0,10.0
2678.2046872262467,100.0,0.0,11.0,7.0,15.0,4.5,1.0,69.0,10.0
2678.604687226247,100.0,0.0,11.0,7.0,15.0,4.5,1.0,69.0,10.0
2678.6052872262467,90.0,0.0,11.0,7.0,15.0,4.5,1.0,69.0,10.0
2679.0052872262468,90.0,0.0,11.0,7.0,15.0,4.5,1.0,69.0,10.0
2679.0059538929136,90.0,0.0,11.0,7.0,15.0,4.5,1.0,69.0,10.0
2679.4059538929137,90.0,0.0,11.0,7.0,15.0,4.5,1.0,69.0,10.0
2679.4066205595805,90.0,0.0,11.0,7.0,15.0,4.5,1.0,69.0,10.0
2679.8066205595806,90.0,0.0,11.0,7.0,15.0,4.5,1.0,69.0,10.0
2679.8072872262474,90.0,0.0,11.0,7.0,15.0,4.5,1.0,69.0,10.0
2680.2072872262474,90.0,0.0,11.0,7.0,15.0,4.5,1.0,69.0,10.0
2680.2079538929142,90.0,0.0,11.0,7.0,15.0,4.5,1.0,69.0,10.0
2680.6079538929143,90.0,0.0,11.0,7.0,15.0,4.5,1.0,69.0,10.0
2680.608620559581,90.0,0.0,11.0,7.0,15.0,4.5,1.0,69.0,10.0
2681.0086205595812,90.0,0.0,11.0,7.0,15.0,4.5,1.0,69.0,10.0
2681.009287226248,90.0,0.0,11.0,7.0,15.0,4.5,1.0,69.0,10.0
2681.409287226248,90.0,0.0,11.0,7.0,15.0,4.5,1.0,69.0,10.0
2681.409953892915,90.0,0.0,11.0,7.0,15.0,4.5,1.0,69.0,10.0
2681.809953892915,90.0,0.0,11.0,7.0,15.0,4.5,1.0,69.0,10.0
2681.810620559582,90.0,0.0,11.0,7.0,15.0,4.5,1.0,69.0,10.0
2682.210620559582,90.0,0.0,11.0,7.0,15.0,4.5,1.0,69.0,10.0
2682.2112872262487,90.0,0.0,11.0,7.0,15.0,4.5,1.0,69.0,10.0
2682.611287226249,90.0,0.0,11.0,7.0,15.0,4.5,1.0,69.0,10.0
2682.6119538929156,90.0,0.0,11.0,7.0,15.0,4.5,1.0,69.0,10.0
2683.0119538929157,90.0,0.0,11.0,7.0,15.0,4.5,1.0,69.0,10.0
2683.0126205595825,90.0,0.0,11.0,7.0,15.0,4.5,1.0,69.0,10.0
2683.4126205595826,90.0,0.0,11.0,7.0,15.0,4.5,1.0,69.0,10.0
2683.4132872262494,90.0,0.0,11.0,7.0,15.0,4.5,1.0,69.0,10.0
2683.8132872262495,90.0,0.0,11.0,7.0,15.0,4.5,1.0,69.0,10.0
2683.8139538929163,90.0,0.0,11.0,7.0,15.0,4.5,1.0,69.0,10.0
2684.2139538929164,90.0,0.0,11.0,7.0,15.0,4.5,1.0,69.0,10.0
2684.214620559583,90.0,0.0,11.0,7.0,15.0,4.5,1.0,69.0,10.0
2684.6146205595833,90.0,0.0,11.0,7.0,15.0,4.5,1.0,69.0,10.0
2684.61528722625,90.0,0.0,11.0,7.0,15.0,4.5,1.0,69.0,10.0
2685.01528722625,90.0,0.0,11.0,7.0,15.0,4.5,1.0,69.0,10.0
2685.015953892917,90.0,0.0,11.0,7.0,15.0,4.5,1.0,69.0,10.0
2685.415953892917,90.0,0.0,11.0,7.0,15.0,4.5,1.0,69.0,10.0
2685.416620559584,90.0,0.0,11.0,7.0,15.0,4.5,1.0,69.0,10.0
2685.816620559584,90.0,0.0,11.0,7.0,15.0,4.5,1.0,69.0,10.0
2685.8172872262508,90.0,0.0,11.0,7.0,15.0,4.5,1.0,69.0,10.0
2686.217287226251,90.0,0.0,11.0,7.0,15.0,4.5,1.0,69.0,10.0
2686.2179538929176,90.0,0.0,11.0,7.0,15.0,4.5,1.0,69.0,10.0
2686.6179538929177,90.0,0.0,11.0,7.0,15.0,4.5,1.0,69.0,10.0
2686.6186205595845,90.0,0.0,11.0,7.0,15.0,4.5,1.0,69.0,10.0
2687.0186205595846,90.0,0.0,11.0,7.0,15.0,4.5,1.0,69.0,10.0
2687.0192872262514,90.0,0.0,11.0,7.0,15.0,4.5,1.0,69.0,10.0
2687.4192872262515,90.0,0.0,11.0,7.0,15.0,4.5,1.0,69.0,10.0
2687.4199538929183,90.0,0.0,11.0,7.0,15.0,4.5,1.0,69.0,10.0
2687.8199538929184,90.0,0.0,11.0,7.0,15.0,4.5,1.0,69.0,10.0
2687.820620559585,90.0,0.0,11.0,7.0,15.0,4.5,1.0,69.0,10.0
2688.2206205595853,90.0,0.0,11.0,7.0,15.0,4.5,1.0,69.0,10.0
2688.221287226252,90.0,0.0,11.0,7.0,15.0,4.5,1.0,69.0,10.0
2688.621287226252,90.0,0.0,11.0,7.0,15.0,4.5,1.0,69.0,10.0
2688.621953892919,90.0,0.0,11.0,7.0,15.0,4.5,1.0,69.0,10.0
2689.021953892919,90.0,0.0,11.0,7.0,15.0,4.5,1.0,69.0,10.0
2689.022620559586,90.0,0.0,11.0,7.0,15.0,4.5,1.0,69.0,10.0
2689.422620559586,90.0,0.0,11.0,7.0,15.0,4.5,1.0,69.0,10.0
2689.423287226253,90.0,0.0,11.0,7.0,15.0,4.5,1.0,69.0,10.0
2689.823287226253,90.0,0.0,11.0,7.0,15.0,4.5,1.0,69.0,10.0
2689.8239538929197,90.0,0.0,11.0,7.0,15.0,4.5,1.0,69.0,10.0
2690.22395389292,90.0,0.0,11.0,7.0,15.0,4.5,1.0,69.0,10.0
2690.2246205595866,90.0,0.0,11.0,7.0,15.0,4.5,1.0,69.0,10.0
2690.6246205595867,90.0,0.0,11.0,7.0,15.0,4.5,1.0,69.0,10.0
2690.6252872262535,90.0,0.0,11.0,7.0,15.0,4.5,1.0,69.0,10.0
2691.0252872262536,90.0,0.0,11.0,7.0,15.0,4.5,1.0,69.0,10.0
2691.0259538929204,90.0,0.0,11.0,7.0,15.0,4.5,1.0,69.0,10.0
2691.4259538929205,90.0,0.0,11.0,7.0,15.0,4.5,1.0,69.0,10.0
2691.4266205595873,90.0,0.0,11.0,7.0,15.0,4.5,1.0,69.0,10.0
2691.8266205595874,90.0,0.0,11.0,7.0,15.0,4.5,1.0,69.0,10.0
2691.827287226254,90.0,0.0,11.0,7.0,15.0,4.5,1.0,69.0,10.0
2692.2272872262542,90.0,0.0,11.0,7.0,15.0,4.5,1.0,69.0,10.0
2692.227953892921,90.0,0.0,11.0,7.0,15.0,4.5,1.0,69.0,10.0
2692.627953892921,90.0,0.0,11.0,7.0,15.0,4.5,1.0,69.0,10.0
2692.628620559588,90.0,0.0,11.0,7.0,15.0,4.5,1.0,69.0,10.0
2693.028620559588,90.0,0.0,11.0,7.0,15.0,4.5,1.0,69.0,10.0
2693.029287226255,90.0,0.0,11.0,7.0,15.0,4.5,1.0,69.0,10.0
2693.429287226255,90.0,0.0,11.0,7.0,15.0,4.5,1.0,69.0,10.0
2693.4299538929217,90.0,0.0,11.0,7.0,15.0,4.5,1.0,69.0,10.0
2693.829953892922,90.0,0.0,11.0,7.0,15.0,4.5,1.0,69.0,10.0
2693.8306205595886,90.0,0.0,11.0,7.0,15.0,4.5,1.0,69.0,10.0
2694.2306205595887,90.0,0.0,11.0,7.0,15.0,4.5,1.0,69.0,10.0
2694.2312872262555,90.0,0.0,11.0,7.0,15.0,4.5,1.0,69.0,10.0
2694.6312872262556,90.0,0.0,11.0,7.0,15.0,4.5,1.0,69.0,10.0
2694.6319538929224,90.0,0.0,11.0,7.0,15.0,4.5,1.0,69.0,10.0
2695.0319538929225,90.0,0.0,11.0,7.0,15.0,4.5,1.0,69.0,10.0
2695.0326205595893,90.0,0.0,11.0,7.0,15.0,4.5,1.0,69.0,10.0
2695.4326205595894,90.0,0.0,11.0,7.0,15.0,4.5,1.0,69.0,10.0
2695.433287226256,90.0,0.0,11.0,7.0,15.0,4.5,1.0,69.0,10.0
2695.8332872262563,90.0,0.0,11.0,7.0,15.0,4.5,1.0,69.0,10.0
2695.833953892923,80.0,0.0,11.0,7.0,15.0,4.5,1.0,69.0,10.0
2696.233953892923,80.0,0.0,11.0,7.0,15.0,4.5,1.0,69.0,10.0
2696.2347038929233,80.0,0.0,11.0,7.0,15.0,4.5,1.0,69.0,10.0
2696.6347038929234,80.0,0.0,11.0,7.0,15.0,4.5,1.0,69.0,10.0
2696.6354538929236,80.0,0.0,11.0,7.0,15.0,4.5,1.0,69.0,10.0
2697.0354538929237,80.0,0.0,11.0,7.0,15.0,4.5,1.0,69.0,10.0
2697.036203892924,80.0,0.0,11.0,7.0,15.0,4.5,1.0,69.0,10.0
2697.436203892924,80.0,0.0,11.0,7.0,15.0,4.5,1.0,69.0,10.0
2697.436953892924,80.0,0.0,11.0,8.0,15.0,4.5,1.0,69.0,10.0
2697.836953892924,80.0,0.0,11.0,8.0,15.0,4.5,1.0,69.0,10.0
2697.8377038929243,80.0,0.0,11.0,8.0,15.0,4.5,1.0,69.0,10.0
2698.2377038929244,80.0,0.0,11.0,8.0,15.0,4.5,1.0,69.0,10.0
2698.2384538929246,80.0,0.0,11.0,8.0,15.0,4.5,1.0,69.0,10.0
2698.6384538929246,80.0,0.0,11.0,8.0,15.0,4.5,1.0,69.0,10.0
2698.639203892925,80.0,0.0,11.0,8.0,15.0,4.5,1.0,69.0,10.0
2699.039203892925,80.0,0.0,11.0,8.0,15.0,4.5,1.0,69.0,10.0
2699.039953892925,80.0,0.0,11.0,8.0,15.0,4.5,1.0,69.0,10.0
2699.439953892925,80.0,0.0,11.0,8.0,15.0,4.5,1.0,69.0,10.0
2699.4407038929253,80.0,0.0,11.0,8.0,15.0,4.5,1.0,69.0,10.0
2699.8407038929254,80.0,0.0,11.0,8.0,15.0,4.5,1.0,69.0,10.0
2699.8414538929255,80.0,0.0,11.0,8.0,15.0,4.5,1.0,69.0,10.0
2700.2414538929256,80.0,0.0,11.0,8.0,15.0,4.5,1.0,69.0,10.0
2700.2422038929258,80.0,0.0,11.0,8.0,15.0,4.5,1.0,69.0,10.0
2700.642203892926,80.0,0.0,11.0,8.0,15.0,4.5,1.0,69.0,10.0
2700.642953892926,80.0,0.0,11.0,8.0,15.0,4.5,1.0,69.0,10.0
2701.042953892926,80.0,0.0,11.0,8.0,15.0,4.5,1.0,69.0,10.0
2701.0437038929263,80.0,0.0,11.0,8.0,15.0,4.5,1.0,69.0,10.0
2701.4437038929264,80.0,0.0,11.0,8.0,15.0,4.5,1.0,69.0,10.0
2701.4444538929265,80.0,0.0,11.0,8.0,15.0,4.5,1.0,69.0,10.0
2701.8444538929266,80.0,0.0,11.0,8.0,15.0,4.5,1.0,69.0,10.0
2701.8452038929267,80.0,0.0,11.0,8.0,15.0,4.5,1.0,69.0,10.0
2702.245203892927,80.0,0.0,11.0,8.0,15.0,4.5,1.0,69.0,10.0
2702.245953892927,80.0,0.0,11.0,8.0,15.0,4.5,1.0,69.0,10.0
2702.645953892927,80.0,0.0,11.0,8.0,15.0,4.5,1.0,69.0,10.0
2702.6467038929272,80.0,0.0,11.0,8.0,15.0,4.5,1.0,69.0,10.0
2703.0467038929273,80.0,0.0,11.0,8.0,15.0,4.5,1.0,69.0,10.0
2703.0474538929275,80.0,0.0,11.0,8.0,15.0,4.5,1.0,69.0,10.0
2703.4474538929276,80.0,0.0,11.0,8.0,15.0,4.5,1.0,69.0,10.0
2703.4482038929277,80.0,0.0,11.0,8.0,15.0,4.5,1.0,69.0,10.0
2703.848203892928,80.0,0.0,11.0,8.0,15.0,4.5,1.0,69.0,10.0
2703.848953892928,80.0,0.0,11.0,8.0,15.0,4.5,1.0,69.0,10.0
2704.248953892928,80.0,0.0,11.0,8.0,15.0,4.5,1.0,69.0,10.0
2704.249703892928,80.0,0.0,11.0,8.0,15.0,4.5,1.0,69.0,10.0
2704.6497038929283,80.0,0.0,11.0,8.0,15.0,4.5,1.0,69.0,10.0
2704.6504538929285,80.0,0.0,11.0,8.0,15.0,4.5,1.0,69.0,10.0
2705.0504538929285,80.0,0.0,11.0,8.0,15.0,4.5,1.0,69.0,10.0
2705.0512038929287,80.0,0.0,11.0,8.0,15.0,4.5,1.0,69.0,10.0
2705.451203892929,80.0,0.0,11.0,8.0,15.0,4.5,1.0,69.0,10.0
2705.451953892929,90.0,0.0,11.0,8.0,15.0,4.5,1.0,69.0,10.0
2705.851953892929,90.0,0.0,11.0,8.0,15.0,4.5,1.0,69.0,10.0
2705.852620559596,90.0,0.0,11.0,8.0,15.0,4.5,1.0,69.0,10.0
2706.252620559596,90.0,0.0,11.0,8.0,15.0,4.5,1.0,69.0,10.0
2706.2532872262627,90.0,0.0,11.0,8.0,16.0,4.5,1.0,69.0,10.0
2706.653287226263,90.0,0.0,11.0,8.0,16.0,4.5,1.0,69.0,10.0
2706.6539538929296,90.0,0.0,11.0,8.0,16.0,4.5,1.0,69.0,10.0
2707.0539538929297,90.0,0.0,11.0,8.0,16.0,4.5,1.0,69.0,10.0
2707.0546205595965,90.0,0.0,11.0,8.0,16.0,4.5,1.0,69.0,10.0
2707.4546205595966,90.0,0.0,11.0,8.0,16.0,4.5,1.0,69.0,10.0
2707.4552872262634,90.0,0.0,11.0,8.0,16.0,4.5,1.0,69.0,10.0
2707.8552872262635,90.0,0.0,11.0,8.0,16.0,4.5,1.0,69.0,10.0
2707.8559538929303,90.0,0.0,11.0,8.0,16.0,4.5,1.0,69.0,10.0
2708.2559538929304,90.0,0.0,11.0,8.0,16.0,4.5,1.0,69.0,10.0
2708.256620559597,90.0,0.0,11.0,8.0,16.0,4.5,1.0,69.0,10.0
2708.6566205595973,90.0,0.0,11.0,8.0,16.0,4.5,1.0,69.0,10.0
2708.657287226264,90.0,0.0,11.0,8.0,16.0,4.5,1.0,69.0,10.0
2709.057287226264,90.0,0.0,11.0,8.0,16.0,4.5,1.0,69.0,10.0
2709.057953892931,90.0,0.0,11.0,8.0,16.0,4.5,1.0,69.0,10.0
2709.457953892931,90.0,0.0,11.0,8.0,16.0,4.5,1.0,69.0,10.0
2709.458620559598,90.0,0.0,11.0,8.0,16.0,4.5,1.0,69.0,10.0
2709.858620559598,90.0,0.0,11.0,8.0,16.0,4.5,1.0,69.0,10.0
2709.8592872262648,90.0,0.0,11.0,8.0,16.0,4.5,1.0,69.0,10.0
2710.259287226265,90.0,0.0,11.0,8.0,16.0,4.5,1.0,69.0,10.0
2710.2599538929317,90.0,0.0,11.0,8.0,16.0,4.5,1.0,69.0,10.0
2710.6599538929318,90.0,0.0,11.0,8.0,16.0,4.5,1.0,69.0,10.0
2710.6606205595986,90.0,0.0,11.0,8.0,16.0,4.5,1.0,69.0,10.0
2711.0606205595986,90.0,0.0,11.0,8.0,16.0,4.5,1.0,69.0,10.0
2711.0612872262654,90.0,0.0,11.0,8.0,16.0,4.5,1.0,69.0,10.0
2711.4612872262655,90.0,0.0,11.0,8.0,16.0,4.5,1.0,69.0,10.0
2711.4619538929323,90.0,0.0,11.0,8.0,16.0,4.5,1.0,69.0,10.0
2711.8619538929324,90.0,0.0,11.0,8.0,16.0,4.5,1.0,69.0,10.0
2711.8626205595992,90.0,0.0,11.0,8.0,16.0,4.5,1.0,69.0,10.0
2712.2626205595993,90.0,0.0,11.0,8.0,16.0,4.5,1.0,69.0,10.0
2712.263287226266,90.0,0.0,11.0,8.0,16.0,4.5,1.0,69.0,10.0
2712.663287226266,90.0,0.0,11.0,8.0,16.0,4.5,1.0,69.0,10.0
2712.663953892933,90.0,0.0,11.0,8.0,16.0,4.5,1.0,69.0,10.0
2713.063953892933,90.0,0.0,11.0,8.0,16.0,4.5,1.0,69.0,10.0
2713.0646205596,90.0,0.0,11.0,8.0,16.0,4.5,1.0,69.0,10.0
2713.4646205596,90.0,0.0,11.0,8.0,16.0,4.5,1.0,69.0,10.0
2713.465287226267,90.0,0.0,11.0,8.0,16.0,4.5,1.0,69.0,10.0
2713.865287226267,90.0,0.0,11.0,8.0,16.0,4.5,1.0,69.0,10.0
2713.8659538929337,90.0,0.0,11.0,8.0,16.0,4.5,1.0,69.0,10.0
2714.265953892934,90.0,0.0,11.0,8.0,16.0,4.5,1.0,69.0,10.0
2714.2666205596006,90.0,0.0,11.0,8.0,16.0,4.5,1.0,69.0,10.0
2714.6666205596007,90.0,0.0,11.0,8.0,16.0,4.5,1.0,69.0,10.0
2714.6672872262675,90.0,0.0,11.0,8.0,16.0,4.5,1.0,69.0,10.0
2715.0672872262676,90.0,0.0,11.0,8.0,16.0,4.5,1.0,69.0,10.0
2715.0679538929344,90.0,0.0,11.0,8.0,16.0,4.5,1.0,69.0,10.0
2715.4679538929345,90.0,0.0,11.0,8.0,16.0,4.5,1.0,69.0,10.0
2715.4686205596013,90.0,0.0,11.0,8.0,16.0,4.5,1.0,69.0,10.0
2715.8686205596014,90.0,0.0,11.0,8.0,16.0,4.5,1.0,69.0,10.0
2715.869287226268,90.0,0.0,11.0,8.0,16.0,4.5,1.0,69.0,10.0
2716.2692872262683,90.0,0.0,11.0,8.0,16.0,4.5,1.0,69.0,10.0
2716.269953892935,90.0,0.0,11.0,8.0,16.0,4.5,1.0,69.0,10.0
2716.669953892935,90.0,0.0,11.0,8.0,16.0,4.5,1.0,69.0,10.0
2716.670620559602,90.0,0.0,11.0,8.0,16.0,4.5,1.0,69.0,10.0
2717.070620559602,90.0,0.0,11.0,8.0,16.0,4.5,1.0,69.0,10.0
2717.071287226269,90.0,0.0,11.0,8.0,16.0,4.5,1.0,69.0,10.0
2717.471287226269,90.0,0.0,11.0,8.0,16.0,4.5,1.0,69.0,10.0
2717.4719538929357,90.0,0.0,11.0,8.0,16.0,4.5,1.0,69.0,10.0
2717.871953892936,90.0,0.0,11.0,8.0,16.0,4.5,1.0,69.0,10.0
2717.8726205596026,90.0,0.0,11.0,8.0,16.0,4.5,1.0,69.0,10.0
2718.2726205596027,90.0,0.0,11.0,8.0,16.0,4.5,1.0,69.0,10.0
2718.2732872262695,90.0,0.0,11.0,8.0,16.0,4.5,1.0,69.0,10.0
2718.6732872262696,90.0,0.0,11.0,8.0,16.0,4.5,1.0,69.0,10.0
2718.6739538929364,90.0,0.0,11.0,8.0,16.0,4.5,1.0,69.0,10.0
2719.0739538929365,90.0,0.0,11.0,8.0,16.0,4.5,1.0,69.0,10.0
2719.0746205596033,90.0,0.0,11.0,8.0,16.0,4.5,1.0,69.0,10.0
2719.4746205596034,90.0,0.0,11.0,8.0,16.0,4.5,1.0,69.0,10.0
2719.47528722627,90.0,0.0,11.0,8.0,16.0,4.5,1.0,69.0,10.0
2719.8752872262703,90.0,0.0,11.0,8.0,16.0,4.5,1.0,69.0,10.0
2719.875953892937,90.0,0.0,11.0,8.0,16.0,4.5,1.0,69.0,10.0
2720.275953892937,90.0,0.0,11.0,8.0,16.0,4.5,1.0,69.0,10.0
2720.276620559604,90.0,0.0,11.0,8.0,16.0,4.5,1.0,69.0,10.0
2720.676620559604,90.0,0.0,11.0,8.0,16.0,4.5,1.0,69.0,10.0
2720.677287226271,90.0,0.0,11.0,8.0,16.0,4.5,1.0,69.0,10.0
2721.077287226271,90.0,0.0,11.0,8.0,16.0,4.5,1.0,69.0,10.0
2721.077953892938,90.0,0.0,11.0,8.0,16.0,4.5,1.0,69.0,10.0
2721.477953892938,90.0,0.0,11.0,8.0,16.0,4.5,1.0,69.0,10.0
2721.4786205596047,90.0,0.0,11.0,8.0,16.0,4.5,1.0,69.0,10.0
2721.8786205596048,90.0,0.0,11.0,8.0,16.0,4.5,1.0,69.0,10.0
2721.8792872262716,90.0,0.0,11.0,8.0,16.0,4.5,1.0,69.0,10.0
2722.2792872262717,90.0,0.0,11.0,8.0,16.0,4.5,1.0,69.0,10.0
2722.2799538929385,90.0,0.0,11.0,9.0,16.0,4.5,1.0,69.0,10.0
2722.6799538929386,90.0,0.0,11.0,9.0,16.0,4.5,1.0,69.0,10.0
2722.6806205596054,90.0,0.0,11.0,9.0,16.0,4.5,1.0,69.0,10.0
2723.0806205596054,90.0,0.0,11.0,9.0,16.0,4.5,1.0,69.0,10.0
2723.0812872262723,90.0,0.0,11.0,9.0,16.0,4.5,1.0,69.0,10.0
2723.4812872262723,90.0,0.0,11.0,9.0,16.0,4.5,1.0,69.0,10.0
2723.481953892939,90.0,0.0,11.0,9.0,16.0,4.5,1.0,69.0,10.0
2723.8819538929392,90.0,0.0,11.0,9.0,16.0,4.5,1.0,69.0,10.0
2723.882620559606,90.0,0.0,11.0,9.0,16.0,4.5,1.0,69.0,10.0
2724.282620559606,90.0,0.0,11.0,9.0,16.0,4.5,1.0,69.0,10.0
2724.283287226273,90.0,0.0,11.0,9.0,16.0,4.5,1.0,69.0,10.0
2724.683287226273,90.0,0.0,11.0,9.0,16.0,4.5,1.0,69.0,10.0
2724.68395389294,90.0,0.0,11.0,9.0,16.0,4.5,1.0,69.0,10.0
2725.08395389294,90.0,0.0,11.0,9.0,16.0,4.5,1.0,69.0,10.0
2725.0846205596067,90.0,0.0,11.0,9.0,16.0,4.5,1.0,69.0,10.0
2725.484620559607,90.0,0.0,11.0,9.0,16.0,4.5,1.0,69.0,10.0
2725.4852872262736,90.0,0.0,11.0,9.0,16.0,4.5,1.0,69.0,10.0
2725.8852872262737,90.0,0.0,11.0,9.0,16.0,4.5,1.0,69.0,10.0
2725.8859538929405,90.0,0.0,11.0,9.0,16.0,4.5,1.0,69.0,10.0
2726.2859538929406,90.0,0.0,11.0,9.0,16.0,4.5,1.0,69.0,10.0
2726.2866205596074,90.0,0.0,11.0,9.0,16.0,4.5,1.0,69.0,10.0
2726.6866205596075,90.0,0.0,11.0,9.0,16.0,4.5,1.0,69.0,10.0
2726.6872872262743,90.0,0.0,11.0,9.0,16.0,4.5,1.0,69.0,10.0
2727.0872872262744,90.0,0.0,11.0,9.0,16.0,4.5,1.0,69.0,10.0
2727.087953892941,90.0,0.0,11.0,9.0,16.0,4.5,1.0,69.0,10.0
2727.4879538929413,90.0,0.0,11.0,9.0,16.0,4.5,1.0,69.0,10.0
2727.488620559608,90.0,0.0,11.0,9.0,16.0,4.5,1.0,69.0,10.0
2727.888620559608,90.0,0.0,11.0,9.0,16.0,4.5,1.0,69.0,10.0
2727.889287226275,90.0,0.0,11.0,9.0,16.0,4.5,1.0,69.0,10.0
2728.289287226275,90.0,0.0,11.0,9.0,16.0,4.5,1.0,69.0,10.0
2728.289953892942,90.0,0.0,11.0,9.0,16.0,4.5,1.0,69.0,10.0
2728.689953892942,90.0,0.0,11.0,9.0,16.0,4.5,1.0,69.0,10.0
2728.6906205596088,90.0,0.0,11.0,9.0,16.0,4.5,1.0,69.0,10.0
2729.090620559609,90.0,0.0,11.0,9.0,16.0,4.5,1.0,69.0,10.0
2729.0912872262757,90.0,0.0,11.0,9.0,16.0,4.5,1.0,69.0,10.0
2729.4912872262757,90.0,0.0,11.0,9.0,16.0,4.5,1.0,69.0,10.0
2729.4919538929425,90.0,0.0,11.0,9.0,16.0,4.5,1.0,69.0,10.0
2729.8919538929426,90.0,0.0,11.0,9.0,16.0,4.5,1.0,69.0,10.0
2729.8926205596094,90.0,0.0,11.0,9.0,16.0,4.5,1.0,69.0,10.0
2730.2926205596095,90.0,0.0,11.0,9.0,16.0,4.5,1.0,69.0,10.0
2730.2932872262763,90.0,0.0,11.0,9.0,16.0,4.5,1.0,69.0,10.0
2730.6932872262764,90.0,0.0,11.0,9.0,16.0,4.5,1.0,69.0,10.0
2730.6939538929432,90.0,0.0,11.0,9.0,16.0,4.5,1.0,69.0,10.0
2731.0939538929433,90.0,0.0,11.0,9.0,16.0,4.5,1.0,69.0,10.0
2731.09462055961,90.0,0.0,11.0,9.0,16.0,4.5,1.0,69.0,10.0
2731.49462055961,90.0,0.0,11.0,9.0,16.0,4.5,1.0,69.0,10.0
2731.495287226277,90.0,0.0,11.0,9.0,16.0,4.5,1.0,69.0,10.0
2731.895287226277,90.0,0.0,11.0,9.0,16.0,4.5,1.0,69.0,10.0
2731.895953892944,90.0,0.0,11.0,9.0,16.0,4.5,1.0,69.0,10.0
2732.295953892944,90.0,0.0,11.0,9.0,16.0,4.5,1.0,69.0,10.0
2732.296620559611,90.0,0.0,11.0,9.0,16.0,4.5,1.0,69.0,10.0
2732.696620559611,90.0,0.0,11.0,9.0,16.0,4.5,1.0,69.0,10.0
2732.6972872262777,90.0,0.0,11.0,9.0,16.0,4.5,1.0,69.0,10.0
2733.097287226278,90.0,0.0,11.0,9.0,16.0,4.5,1.0,69.0,10.0
2733.0979538929446,100.0,0.0,11.0,9.0,16.0,4.5,1.0,69.0,10.0
2733.4979538929447,100.0,0.0,11.0,9.0,16.0,4.5,1.0,69.0,10.0
2733.4985538929445,110.0,0.0,11.0,9.0,16.0,4.5,1.0,69.0,10.0
2733.8985538929446,110.0,0.0,11.0,9.0,16.0,4.5,1.0,69.0,10.0
2733.89909934749,110.0,0.0,11.0,9.0,16.0,4.5,1.0,69.0,10.0
2734.29909934749,110.0,0.0,11.0,9.0,16.0,4.5,1.0,69.0,10.0
2734.2996448020353,110.0,0.0,11.0,9.0,16.0,4.5,1.0,69.0,10.0
2734.6996448020354,110.0,0.0,11.0,9.0,16.0,4.5,1.0,69.0,10.0
2734.7001902565808,110.0,0.0,11.0,9.0,16.0,4.5,1.0,69.0,10.0
2735.100190256581,110.0,0.0,11.0,9.0,16.0,4.5,1.0,69.0,10.0
2735.100735711126,110.0,0.0,11.0,9.0,16.0,4.5,1.0,69.0,10.0
2735.5007357111263,110.0,0.0,11.0,9.0,16.0,4.5,1.0,69.0,10.0
2735.5012811656716,110.0,0.0,11.0,9.0,16.0,4.5,1.0,69.0,10.0
2735.9012811656717,110.0,0.0,11.0,9.0,16.0,4.5,1.0,69.0,10.0
2735.901826620217,110.0,0.0,11.0,9.0,16.0,4.5,1.0,69.0,10.0
2736.301826620217,110.0,0.0,11.0,9.0,16.0,4.5,1.0,69.0,10.0
2736.3023720747624,110.0,0.0,11.0,9.0,16.0,4.5,1.0,69.0,10.0
2736.7023720747625,110.0,0.0,11.0,9.0,16.0,4.5,1.0,69.0,10.0
2736.702917529308,110.0,0.0,11.0,9.0,16.0,4.5,1.0,69.0,10.0
2737.102917529308,110.0,0.0,11.0,9.0,16.0,4.5,1.0,69.0,10.0
2737.103462983853,110.0,0.0,11.0,9.0,16.0,4.5,1.0,69.0,10.0
2737.5034629838533,110.0,0.0,11.0,9.0,16.0,4.5,1.0,69.0,10.0
2737.5040084383986,110.0,0.0,11.0,9.0,16.0,4.5,1.0,69.0,10.0
2737.9040084383987,110.0,0.0,11.0,9.0,16.0,4.5,1.0,69.0,10.0
2737.904553892944,110.0,0.0,11.0,9.0,16.0,4.5,1.0,69.0,10.0
2738.304553892944,110.0,0.0,11.0,9.0,16.0,4.5,1.0,69.0,10.0
2738.3050993474894,110.0,0.0,11.0,9.0,16.0,4.5,1.0,69.0,10.0
2738.7050993474895,110.0,0.0,11.0,9.0,16.0,4.5,1.0,69.0,10.0
2738.705644802035,110.0,0.0,11.0,9.0,16.0,4.5,1.0,69.0,10.0
2739.105644802035,110.0,0.0,11.0,9.0,16.0,4.5,1.0,69.0,10.0
2739.1061902565802,110.0,0.0,11.0,9.0,16.0,4.5,1.0,69.0,10.0
2739.5061902565803,110.0,0.0,11.0,9.0,16.0,4.5,1.0,69.0,10.0
2739.5067357111257,110.0,0.0,11.0,9.0,16.0,4.5,1.0,69.0,10.0
2739.9067357111257,110.0,0.0,11.0,9.0,16.0,4.5,1.0,69.0,10.0
2739.907281165671,110.0,0.0,11.0,9.0,16.0,4.5,1.0,69.0,10.0
2740.307281165671,110.0,0.0,11.0,9.0,16.0,4.5,1.0,69.0,10.0
2740.3078266202165,110.0,0.0,11.0,9.0,16.0,4.5,1.0,69.0,10.0
2740.7078266202166,110.0,0.0,11.0,9.0,16.0,4.5,1.0,69.0,10.0
2740.708372074762,110.0,0.0,11.0,9.0,16.0,4.5,1.0,69.0,10.0
2741.108372074762,110.0,0.0,11.0,9.0,16.0,4.5,1.0,69.0,10.0
2741.1089175293073,110.0,0.0,11.0,9.0,16.0,4.5,1.0,69.0,10.0
2741.5089175293074,110.0,0.0,11.0,9.0,16.0,4.5,1.0,69.0,10.0
2741.5094629838527,110.0,0.0,11.0,9.0,16.0,4.5,1.0,69.0,10.0
2741.909462983853,110.0,0.0,11.0,9.0,16.0,4.5,1.0,69.0,10.0
2741.910008438398,110.0,0.0,11.0,9.0,16.0,4.5,1.0,69.0,10.0
2742.310008438398,110.0,0.0,11.0,9.0,16.0,4.5,1.0,69.0,10.0
2742.3105538929435,110.0,0.0,11.0,9.0,16.0,4.5,1.0,69.0,10.0
2742.7105538929436,110.0,0.0,11.0,9.0,16.0,4.5,1.0,69.0,10.0
2742.711099347489,110.0,0.0,11.0,9.0,16.0,4.5,1.0,69.0,10.0
2743.111099347489,110.0,0.0,11.0,9.0,16.0,4.5,1.0,69.0,10.0
2743.1116448020343,100.0,0.0,11.0,9.0,16.0,4.5,1.0,69.0,10.0
2743.5116448020344,100.0,0.0,11.0,9.0,16.0,4.5,1.0,69.0,10.0
2743.5122448020343,100.0,0.0,11.0,9.0,16.0,4.5,1.0,69.0,10.0
2743.9122448020344,100.0,0.0,11.0,9.0,16.0,4.5,1.0,69.0,10.0
2743.912844802034,100.0,0.0,11.0,9.0,16.0,4.5,1.0,69.0,10.0
2744.3128448020343,100.0,0.0,11.0,9.0,16.0,4.5,1.0,69.0,10.0
2744.313444802034,100.0,0.0,11.0,9.0,16.0,4.5,1.0,69.0,10.0
2744.7134448020342,100.0,0.0,11.0,9.0,16.0,4.5,1.0,69.0,10.0
2744.714044802034,90.0,0.0,11.0,9.0,16.0,4.5,1.0,69.0,10.0
2745.114044802034,90.0,0.0,11.0,9.0,16.0,4.5,1.0,69.0,10.0
2745.114711468701,100.0,0.0,11.0,9.0,16.0,4.5,1.0,69.0,10.0
2745.514711468701,100.0,0.0,11.0,9.0,16.0,4.5,1.0,69.0,10.0
2745.515311468701,100.0,0.0,11.0,9.0,16.0,4.5,1.0,69.0,10.0
2745.915311468701,100.0,0.0,11.0,9.0,16.0,4.5,1.0,69.0,10.0
2745.915911468701,110.0,0.0,11.0,9.0,16.0,4.5,1.0,69.0,10.0
2746.315911468701,110.0,0.0,11.0,9.0,16.0,4.5,1.0,69.0,10.0
2746.3164569232463,110.0,0.0,11.0,9.0,16.0,4.5,1.0,69.0,10.0
2746.7164569232464,110.0,0.0,11.0,9.0,16.0,4.5,1.0,69.0,10.0
2746.7170023777917,110.0,0.0,11.0,9.0,16.0,4.5,1.0,69.0,10.0
2747.117002377792,110.0,0.0,11.0,9.0,16.0,4.5,1.0,69.0,10.0
2747.117547832337,110.0,0.0,11.0,9.0,16.0,4.5,1.0,69.0,10.0
2747.517547832337,110.0,0.0,11.0,9.0,16.0,4.5,1.0,69.0,10.0
2747.5180932868825,110.0,0.0,11.0,9.0,16.0,4.5,1.0,69.0,10.0
2747.9180932868826,110.0,0.0,11.0,9.0,16.0,4.5,1.0,69.0,10.0
2747.918638741428,110.0,0.0,11.0,9.0,16.0,4.5,1.0,69.0,10.0
2748.318638741428,110.0,0.0,11.0,9.0,16.0,4.5,1.0,69.0,10.0
2748.3191841959733,110.0,0.0,11.0,9.0,16.0,4.5,1.0,69.0,10.0
2748.7191841959734,110.0,0.0,11.0,9.0,16.0,4.5,1.0,69.0,10.0
2748.7197296505187,110.0,0.0,11.0,9.0,16.0,4.5,1.0,69.0,10.0
2749.119729650519,110.0,0.0,11.0,9.0,16.0,4.5,1.0,69.0,10.0
2749.120275105064,110.0,0.0,11.0,9.0,16.0,4.5,1.0,69.0,10.0
2749.5202751050642,110.0,0.0,11.0,9.0,16.0,4.5,1.0,69.0,10.0
2749.5208205596095,110.0,0.0,11.0,9.0,16.0,4.5,1.0,69.0,10.0
2749.9208205596096,110.0,0.0,11.0,9.0,16.0,4.5,1.0,69.0,10.0
2749.921366014155,110.0,0.0,11.0,9.0,16.0,4.5,1.0,69.0,10.0
2750.321366014155,110.0,0.0,11.0,9.0,16.0,4.5,1.0,69.0,10.0
2750.3219114687004,110.0,0.0,11.0,9.0,16.0,4.5,1.0,69.0,10.0
2750.7219114687005,110.0,0.0,11.0,9.0,16.0,4.5,1.0,69.0,10.0
2750.7224569232458,110.0,0.0,11.0,9.0,16.0,4.5,1.0,69.0,10.0
2751.122456923246,110.0,0.0,11.0,9.0,16.0,4.5,1.0,69.0,10.0
2751.123002377791,110.0,0.0,11.0,9.0,16.0,4.5,1.0,69.0,10.0
2751.5230023777913,110.0,0.0,11.0,9.0,16.0,4.5,1.0,69.0,10.0
2751.5235478323366,110.0,0.0,11.0,9.0,16.0,4.5,1.0,69.0,10.0
2751.9235478323367,110.0,0.0,11.0,9.0,16.0,4.5,1.0,69.0,10.0
2751.924093286882,110.0,0.0,11.0,9.0,16.0,4.5,1.0,69.0,10.0
2752.324093286882,110.0,0.0,11.0,9.0,16.0,4.5,1.0,69.0,10.0
2752.3246387414274,110.0,0.0,11.0,9.0,16.0,4.5,1.0,69.0,10.0
2752.7246387414275,110.0,0.0,11.0,9.0,16.0,4.5,1.0,69.0,10.0
2752.725184195973,110.0,0.0,11.0,9.0,16.0,4.5,1.0,69.0,10.0
2753.125184195973,110.0,0.0,11.0,9.0,16.0,4.5,1.0,69.0,10.0
2753.125729650518,110.0,0.0,11.0,9.0,16.0,4.5,1.0,69.0,10.0
2753.5257296505183,110.0,0.0,11.0,9.0,16.0,4.5,1.0,69.0,10.0
2753.5262751050636,110.0,0.0,11.0,9.0,16.0,4.5,1.0,69.0,10.0
2753.9262751050637,110.0,0.0,11.0,9.0,16.0,4.5,1.0,69.0,10.0
2753.926820559609,110.0,0.0,11.0,9.0,16.0,4.5,1.0,69.0,10.0
2754.326820559609,110.0,0.0,11.0,9.0,16.0,4.5,1.0,69.0,10.0
2754.3273660141544,110.0,0.0,11.0,9.0,16.0,4.5,1.0,69.0,10.0
2754.7273660141545,110.0,0.0,11.0,9.0,16.0,4.5,1.0,69.0,10.0
2754.7279114687,110.0,0.0,11.0,9.0,16.0,4.5,1.0,69.0,10.0
2755.1279114687,110.0,0.0,11.0,9.0,16.0,4.5,1.0,69.0,10.0
2755.1284569232453,110.0,0.0,11.0,9.0,16.0,4.5,1.0,69.0,10.0
2755.5284569232454,110.0,0.0,11.0,9.0,16.0,4.5,1.0,69.0,10.0
2755.5290023777907,110.0,0.0,11.0,9.0,16.0,4.5,1.0,69.0,10.0
2755.9290023777908,110.0,0.0,11.0,9.0,16.0,4.5,1.0,69.0,10.0
2755.929547832336,110.0,0.0,11.0,9.0,16.0,4.5,1.0,69.0,10.0
2756.329547832336,110.0,0.0,11.0,9.0,16.0,4.5,1.0,69.0,10.0
2756.3300932868815,110.0,0.0,11.0,9.0,16.0,4.5,1.0,69.0,10.0
2756.7300932868816,110.0,0.0,11.0,9.0,16.0,4.5,1.0,69.0,10.0
2756.730638741427,110.0,0.0,11.0,9.0,16.0,4.5,1.0,69.0,10.0
2757.130638741427,110.0,0.0,11.0,9.0,16.0,4.5,1.0,69.0,10.0
2757.1311841959723,110.0,0.0,11.0,9.0,16.0,4.5,1.0,69.0,10.0
2757.5311841959724,110.0,0.0,11.0,9.0,16.0,4.5,1.0,69.0,10.0
2757.5317296505177,110.0,0.0,11.0,9.0,16.0,4.5,1.0,69.0,10.0
2757.931729650518,110.0,0.0,11.0,9.0,16.0,4.5,1.0,69.0,10.0
2757.932275105063,110.0,0.0,11.0,9.0,16.0,4.5,1.0,69.0,10.0
2758.332275105063,110.0,0.0,11.0,9.0,16.0,4.5,1.0,69.0,10.0
2758.3328205596085,110.0,0.0,11.0,9.0,16.0,4.5,1.0,69.0,10.0
2758.7328205596086,110.0,0.0,11.0,9.0,16.0,4.5,1.0,69.0,10.0
2758.733366014154,110.0,0.0,11.0,9.0,16.0,4.5,1.0,69.0,10.0
2759.133366014154,110.0,0.0,11.0,9.0,16.0,4.5,1.0,69.0,10.0
2759.1339114686994,110.0,0.0,11.0,9.0,16.0,4.5,1.0,69.0,10.0
2759.5339114686994,110.0,0.0,11.0,9.0,16.0,4.5,1.0,69.0,10.0
2759.5344569232448,110.0,0.0,11.0,9.0,16.0,4.5,1.0,69.0,10.0
2759.934456923245,110.0,0.0,11.0,9.0,16.0,4.5,1.0,69.0,10.0
2759.93500237779,110.0,0.0,11.0,9.0,16.0,4.5,1.0,69.0,10.0
2760.3350023777903,110.0,0.0,11.0,9.0,16.0,4.5,1.0,69.0,10.0
2760.3355478323356,110.0,0.0,11.0,9.0,16.0,4.5,1.0,69.0,10.0
2760.7355478323357,110.0,0.0,11.0,9.0,16.0,4.5,1.0,69.0,10.0
2760.736093286881,120.0,0.0,11.0,9.0,16.0,4.5,1.0,69.0,10.0
2761.136093286881,120.0,0.0,11.0,9.0,16.0,4.5,1.0,69.0,10.0
2761.136593286881,120.0,0.0,11.0,9.0,16.0,4.5,1.0,69.0,10.0
2761.5365932868813,120.0,0.0,11.0,9.0,16.0,4.5,1.0,69.0,10.0
2761.5370932868814,120.0,0.0,11.0,9.0,16.0,4.5,1.0,69.0,10.0
2761.9370932868815,120.0,0.0,11.0,9.0,16.0,4.5,1.0,69.0,10.0
2761.9375932868816,120.0,0.0,11.0,9.0,16.0,4.5,1.0,69.0,10.0
2762.3375932868817,120.0,0.0,11.0,9.0,16.0,4.5,1.0,69.0,10.0
2762.3380932868818,120.0,0.0,11.0,9.0,16.0,4.5,1.0,69.0,10.0
2762.738093286882,120.0,0.0,11.0,9.0,16.0,4.5,1.0,69.0,10.0
2762.738593286882,120.0,0.0,11.0,9.0,16.0,4.5,1.0,69.0,10.0
2763.138593286882,120.0,0.0,11.0,9.0,16.0,4.5,1.0,69.0,10.0
2763.139093286882,120.0,0.0,11.0,9.0,16.0,4.5,1.0,69.0,10.0
2763.5390932868822,120.0,0.0,11.0,9.0,16.0,4.5,1.0,69.0,10.0
2763.5395932868823,120.0,0.0,11.0,9.0,16.0,4.5,1.0,69.0,10.0
2763.9395932868824,120.0,0.0,11.0,9.0,16.0,4.5,1.0,69.0,10.0
2763.9400932868825,120.0,0.0,11.0,9.0,16.0,4.5,1.0,69.0,10.0
2764.3400932868826,120.0,0.0,11.0,9.0,16.0,4.5,1.0,69.0,10.0
2764.3405932868827,120.0,0.0,11.0,9.0,16.0,4.5,1.0,69.0,10.0
2764.740593286883,120.0,0.0,11.0,9.0,16.0,4.5,1.0,69.0,10.0
2764.741093286883,120.0,0.0,11.0,9.0,16.0,4.5,1.0,69.0,10.0
2765.141093286883,120.0,0.0,11.0,9.0,16.0,4.5,1.0,69.0,10.0
2765.141593286883,120.0,0.0,11.0,9.0,16.0,4.5,1.0,69.0,10.0
2765.541593286883,120.0,0.0,11.0,9.0,16.0,4.5,1.0,69.0,10.0
2765.5420932868833,120.0,0.0,11.0,9.0,16.0,4.5,1.0,69.0,10.0
2765.9420932868834,120.0,0.0,11.0,9.0,16.0,4.5,1.0,69.0,10.0
2765.9425932868835,120.0,0.0,11.0,9.0,16.0,4.5,1.0,69.0,10.0
2766.3425932868836,120.0,0.0,11.0,9.0,16.0,4.5,1.0,69.0,10.0
2766.3430932868837,120.0,0.0,11.0,9.0,16.0,4.5,1.0,69.0,10.0
2766.743093286884,120.0,0.0,11.0,9.0,16.0,4.5,1.0,69.0,10.0
2766.743593286884,120.0,0.0,11.0,9.0,16.0,4.5,1.0,69.0,10.0
2767.143593286884,120.0,0.0,11.0,9.0,16.0,4.5,1.0,69.0,10.0
2767.144093286884,120.0,0.0,11.0,9.0,16.0,4.5,1.0,69.0,10.0
2767.544093286884,120.0,0.0,11.0,9.0,16.0,4.5,1.0,69.0,10.0
2767.5445932868843,120.0,0.0,11.0,9.0,16.0,4.5,1.0,69.0,10.0
2767.9445932868844,120.0,0.0,11.0,9.0,16.0,4.5,1.0,69.0,10.0
2767.9450932868845,120.0,0.0,11.0,9.0,16.0,4.5,1.0,69.0,10.0
2768.3450932868845,120.0,0.0,11.0,9.0,16.0,4.5,1.0,69.0,10.0
2768.3455932868847,120.0,0.0,11.0,9.0,16.0,4.5,1.0,69.0,10.0
2768.7455932868847,120.0,0.0,11.0,9.0,16.0,4.5,1.0,69.0,10.0
2768.746093286885,120.0,0.0,11.0,9.0,16.0,4.5,1.0,69.0,10.0
2769.146093286885,120.0,0.0,11.0,9.0,16.0,4.5,1.0,69.0,10.0
2769.146593286885,120.0,0.0,11.0,9.0,16.0,4.5,1.0,69.0,10.0
2769.546593286885,120.0,0.0,11.0,9.0,16.0,4.5,1.0,69.0,10.0
2769.5470932868852,120.0,0.0,11.0,9.0,16.0,4.5,1.0,69.0,10.0
2769.9470932868853,120.0,0.0,11.0,9.0,16.0,4.5,1.0,69.0,10.0
2769.9475932868854,120.0,0.0,11.0,9.0,16.0,4.5,1.0,69.0,10.0
2770.3475932868855,120.0,0.0,11.0,9.0,16.0,4.5,1.0,69.0,10.0
2770.3480932868856,120.0,0.0,11.0,9.0,16.0,4.5,1.0,69.0,10.0
2770.7480932868857,120.0,0.0,11.0,9.0,16.0,4.5,1.0,69.0,10.0
2770.748593286886,120.0,0.0,11.0,9.0,16.0,4.5,1.0,69.0,10.0
2771.148593286886,120.0,0.0,11.0,9.0,16.0,4.5,1.0,69.0,10.0
2771.149093286886,120.0,0.0,11.0,9.0,16.0,4.5,1.0,69.0,10.0
2771.549093286886,120.0,0.0,11.0,9.0,16.0,4.5,1.0,69.0,10.0
2771.549593286886,120.0,0.0,11.0,9.0,16.0,4.5,1.0,69.0,10.0
2771.9495932868863,120.0,0.0,11.0,9.0,16.0,4.5,1.0,69.0,10.0
2771.9500932868864,120.0,0.0,11.0,9.0,16.0,4.5,1.0,69.0,10.0
2772.3500932868865,120.0,0.0,11.0,9.0,16.0,4.5,1.0,69.0,10.0
2772.3505932868866,120.0,0.0,11.0,9.0,16.0,4.5,1.0,69.0,10.0
2772.7505932868867,120.0,0.0,11.0,9.0,16.0,4.5,1.0,69.0,10.0
2772.7510932868868,120.0,0.0,11.0,9.0,16.0,4.5,1.0,69.0,10.0
2773.151093286887,120.0,0.0,11.0,9.0,16.0,4.5,1.0,69.0,10.0
2773.151593286887,120.0,0.0,11.0,9.0,16.0,4.5,1.0,69.0,10.0
2773.551593286887,120.0,0.0,11.0,9.0,16.0,4.5,1.0,69.0,10.0
2773.552093286887,120.0,0.0,11.0,9.0,16.0,4.5,1.0,69.0,10.0
2773.9520932868872,120.0,0.0,11.0,9.0,16.0,4.5,1.0,69.0,10.0
2773.9525932868873,120.0,0.0,11.0,9.0,16.0,4.5,1.0,69.0,10.0
2774.3525932868874,120.0,0.0,11.0,9.0,16.0,4.5,1.0,69.0,10.0
2774.3530932868875,120.0,0.0,11.0,9.0,16.0,4.5,1.0,69.0,10.0
2774.7530932868876,120.0,0.0,11.0,9.0,16.0,4.5,1.0,69.0,10.0
2774.7535932868877,120.0,0.0,11.0,9.0,16.0,4.5,1.0,69.0,10.0
2775.153593286888,120.0,0.0,11.0,9.0,16.0,4.5,1.0,69.0,10.0
2775.154093286888,120.0,0.0,11.0,9.0,16.0,4.5,1.0,69.0,10.0
2775.554093286888,120.0,0.0,11.0,9.0,16.0,4.5,1.0,69.0,10.0
2775.554593286888,120.0,0.0,11.0,9.0,16.0,4.5,1.0,69.0,10.0
2775.954593286888,120.0,0.0,11.0,9.0,16.0,4.5,1.0,69.0,10.0
2775.9550932868883,120.0,0.0,11.0,9.0,16.0,4.5,1.0,69.0,10.0
2776.3550932868884,120.0,0.0,11.0,9.0,16.0,4.5,1.0,69.0,10.0
2776.3555932868885,120.0,0.0,11.0,9.0,16.0,4.5,1.0,69.0,10.0
2776.7555932868886,120.0,0.0,11.0,9.0,16.0,4.5,1.0,69.0,10.0
2776.7560932868887,120.0,0.0,11.0,9.0,16.0,4.5,1.0,69.0,10.0
2777.156093286889,120.0,0.0,11.0,9.0,16.0,4.5,1.0,69.0,10.0
2777.156593286889,120.0,0.0,11.0,9.0,16.0,4.5,1.0,69.0,10.0
2777.556593286889,120.0,0.0,11.0,9.0,16.0,4.5,1.0,69.0,10.0
2777.557093286889,120.0,0.0,11.0,9.0,16.0,4.5,1.0,69.0,10.0
2777.957093286889,120.0,0.0,11.0,9.0,16.0,4.5,1.0,69.0,10.0
2777.9575932868893,120.0,0.0,11.0,9.0,16.0,4.5,1.0,69.0,10.0
2778.3575932868894,120.0,0.0,11.0,9.0,16.0,4.5,1.0,69.0,10.0
2778.3580932868895,120.0,0.0,11.0,9.0,16.0,4.5,1.0,69.0,10.0
2778.7580932868896,120.0,0.0,11.0,9.0,16.0,4.5,1.0,69.0,10.0
2778.7585932868897,120.0,0.0,11.0,9.0,16.0,4.5,1.0,69.0,10.0
2779.1585932868898,120.0,0.0,11.0,9.0,16.0,4.5,1.0,69.0,10.0
2779.15909328689,120.0,0.0,11.0,9.0,16.0,4.5,1.0,69.0,10.0
2779.55909328689,120.0,0.0,11.0,9.0,16.0,4.5,1.0,69.0,10.0
2779.55959328689,120.0,0.0,11.0,9.0,16.0,4.5,1.0,69.0,10.0
2779.95959328689,120.0,0.0,11.0,9.0,16.0,4.5,1.0,69.0,10.0
2779.9600932868902,120.0,0.0,11.0,9.0,16.0,4.5,1.0,69.0,10.0
2780.3600932868903,120.0,0.0,11.0,9.0,16.0,4.5,1.0,69.0,10.0
2780.3605932868904,120.0,0.0,11.0,9.0,16.0,4.5,1.0,69.0,10.0
2780.7605932868905,120.0,0.0,11.0,9.0,16.0,4.5,1.0,69.0,10.0
2780.7610932868906,120.0,0.0,11.0,9.0,16.0,4.5,1.0,69.0,10.0
2781.1610932868907,120.0,0.0,11.0,9.0,16.0,4.5,1.0,69.0,10.0
2781.161593286891,120.0,0.0,11.0,9.0,16.0,4.5,1.0,69.0,10.0
2781.561593286891,120.0,0.0,11.0,9.0,16.0,4.5,1.0,69.0,10.0
2781.562093286891,120.0,0.0,11.0,9.0,16.0,4.5,1.0,69.0,10.0
2781.962093286891,120.0,0.0,11.0,9.0,16.0,4.5,1.0,69.0,10.0
2781.962593286891,120.0,0.0,11.0,9.0,16.0,4.5,1.0,69.0,10.0
2782.3625932868913,120.0,0.0,11.0,9.0,16.0,4.5,1.0,69.0,10.0
2782.3630932868914,120.0,0.0,11.0,9.0,16.0,4.5,1.0,69.0,10.0
2782.7630932868915,120.0,0.0,11.0,9.0,16.0,4.5,1.0,69.0,10.0
2782.7635932868916,120.0,0.0,11.0,9.0,16.0,4.5,1.0,69.0,10.0
2783.1635932868917,120.0,0.0,11.0,9.0,16.0,4.5,1.0,69.0,10.0
2783.164093286892,120.0,0.0,11.0,9.0,16.0,2.5,1.0,70.0,10.0
2783.564093286892,120.0,0.0,11.0,9.0,16.0,2.5,1.0,70.0,10.0
2783.564593286892,120.0,0.0,11.0,9.0,16.0,2.5,1.0,70.0,10.0
2783.964593286892,120.0,0.0,11.0,9.0,16.0,2.5,1.0,70.0,10.0
2783.965093286892,120.0,0.0,11.0,9.0,16.0,2.5,1.0,70.0,10.0
2784.3650932868923,120.0,0.0,11.0,9.0,16.0,2.5,1.0,70.0,10.0
2784.3655932868924,120.0,0.0,11.0,9.0,16.0,2.5,1.0,70.0,10.0
2784.7655932868925,120.0,0.0,11.0,9.0,16.0,2.5,1.0,70.0,10.0
2784.7660932868926,120.0,0.0,11.0,9.0,16.0,2.5,1.0,70.0,10.0
2785.1660932868926,120.0,0.0,11.0,9.0,16.0,2.5,1.0,70.0,10.0
2785.1665932868927,120.0,0.0,11.0,9.0,16.0,2.5,1.0,70.0,10.0
2785.566593286893,120.0,0.0,11.0,9.0,16.0,2.5,1.0,70.0,10.0
2785.567093286893,120.0,0.0,11.0,9.0,16.0,2.5,1.0,70.0,10.0
2785.967093286893,120.0,0.0,11.0,9.0,16.0,2.5,1.0,70.0,10.0
2785.967593286893,120.0,0.0,11.0,9.0,16.0,2.5,1.0,70.0,10.0
2786.367593286893,120.0,0.0,11.0,9.0,16.0,2.5,1.0,70.0,10.0
2786.3680932868933,120.0,0.0,11.0,9.0,16.0,2.5,1.0,70.0,10.0
2786.7680932868934,120.0,0.0,11.0,9.0,16.0,2.5,1.0,70.0,10.0
2786.7685932868935,120.0,0.0,11.0,9.0,16.0,2.5,1.0,70.0,10.0
2787.1685932868936,120.0,0.0,11.0,9.0,16.0,2.5,1.0,70.0,10.0
2787.1690932868937,120.0,0.0,11.0,9.0,16.0,2.5,1.0,70.0,10.0
2787.569093286894,120.0,0.0,11.0,9.0,16.0,2.5,1.0,70.0,10.0
2787.569593286894,120.0,0.0,11.0,9.0,16.0,2.5,1.0,70.0,10.0
2787.969593286894,120.0,0.0,11.0,9.0,16.0,2.5,1.0,70.0,10.0
2787.970093286894,120.0,0.0,11.0,9.0,16.0,2.5,1.0,70.0,10.0
2788.370093286894,120.0,0.0,11.0,9.0,16.0,2.5,1.0,70.0,10.0
2788.3705932868943,120.0,0.0,11.0,9.0,16.0,2.5,1.0,70.0,10.0
2788.7705932868944,120.0,0.0,11.0,9.0,16.0,2.5,1.0,70.0,10.0
2788.7710932868945,120.0,0.0,11.0,9.0,16.0,2.5,1.0,70.0,10.0
2789.1710932868946,120.0,0.0,11.0,9.0,16.0,2.5,1.0,70.0,10.0
2789.1715932868947,120.0,0.0,11.0,9.0,16.0,2.5,1.0,70.0,10.0
2789.5715932868948,120.0,0.0,11.0,9.0,16.0,2.5,1.0,70.0,10.0
2789.572093286895,120.0,0.0,11.0,9.0,16.0,2.5,1.0,70.0,10.0
2789.972093286895,120.0,0.0,11.0,9.0,16.0,2.5,1.0,70.0,10.0
2789.972593286895,120.0,0.0,11.0,9.0,16.0,2.5,1.0,70.0,10.0
2790.372593286895,120.0,0.0,11.0,9.0,16.0,2.5,1.0,70.0,10.0
2790.3730932868953,120.0,0.0,11.0,9.0,16.0,2.5,1.0,70.0,10.0
2790.7730932868953,120.0,0.0,11.0,9.0,16.0,2.5,1.0,70.0,10.0
2790.7735932868954,120.0,0.0,11.0,9.0,16.0,2.5,1.0,70.0,10.0
2791.1735932868955,120.0,0.0,11.0,9.0,16.0,2.5,1.0,70.0,10.0
2791.1740932868956,120.0,0.0,11.0,9.0,16.0,2.5,1.0,70.0,10.0
2791.5740932868957,120.0,0.0,11.0,9.0,16.0,2.5,1.0,70.0,10.0
2791.574593286896,120.0,0.0,11.0,9.0,16.0,2.5,1.0,70.0,10.0
2791.974593286896,120.0,0.0,11.0,9.0,16.0,2.5,1.0,70.0,10.0
2791.975093286896,120.0,0.0,11.0,9.0,16.0,2.5,1.0,70.0,10.0
2792.375093286896,120.0,0.0,11.0,9.0,16.0,2.5,1.0,70.0,10.0
2792.375593286896,120.0,0.0,11.0,9.0,16.0,2.5,1.0,70.0,10.0
2792.7755932868963,120.0,0.0,11.0,9.0,16.0,2.5,1.0,70.0,10.0
2792.7760932868964,120.0,0.0,11.0,9.0,16.0,2.5,1.0,70.0,10.0
2793.1760932868965,120.0,0.0,11.0,9.0,16.0,2.5,1.0,70.0,10.0
2793.1765932868966,120.0,0.0,11.0,9.0,16.0,2.5,1.0,70.0,10.0
2793.5765932868967,120.0,0.0,11.0,9.0,16.0,2.5,1.0,70.0,10.0
2793.577093286897,120.0,0.0,11.0,9.0,16.0,2.5,1.0,70.0,10.0
2793.977093286897,120.0,0.0,11.0,9.0,16.0,2.5,1.0,70.0,10.0
2793.977593286897,120.0,0.0,11.0,9.0,16.0,2.5,1.0,70.0,10.0
2794.377593286897,120.0,0.0,11.0,9.0,16.0,2.5,1.0,70.0,10.0
2794.378093286897,120.0,0.0,11.0,9.0,16.0,2.5,1.0,70.0,10.0
2794.7780932868973,120.0,0.0,11.0,9.0,16.0,2.5,1.0,70.0,10.0
2794.7785932868974,120.0,0.0,11.0,9.0,16.0,2.5,1.0,70.0,10.0
2795.1785932868975,120.0,0.0,11.0,9.0,16.0,2.5,1.0,70.0,10.0
2795.1790932868976,110.0,0.0,11.0,9.0,16.0,2.5,1.0,70.0,10.0
2795.5790932868977,110.0,0.0,11.0,9.0,16.0,2.5,1.0,70.0,10.0
2795.579638741443,110.0,0.0,11.0,9.0,16.0,2.5,1.0,70.0,10.0
2795.979638741443,110.0,0.0,11.0,9.0,16.0,2.5,1.0,70.0,10.0
2795.9801841959884,110.0,0.0,11.0,9.0,16.0,2.5,1.0,70.0,10.0
2796.3801841959885,110.0,0.0,11.0,9.0,16.0,2.5,1.0,70.0,10.0
2796.380729650534,110.0,0.0,11.0,9.0,16.0,2.5,1.0,70.0,10.0
2796.780729650534,110.0,0.0,11.0,9.0,16.0,2.5,1.0,70.0,10.0
2796.781275105079,110.0,0.0,11.0,9.0,16.0,2.5,1.0,70.0,10.0
2797.1812751050793,110.0,0.0,11.0,9.0,16.0,2.5,1.0,70.0,10.0
2797.1818205596246,110.0,0.0,11.0,9.0,16.0,2.5,1.0,70.0,10.0
2797.5818205596247,110.0,0.0,11.0,9.0,16.0,2.5,1.0,70.0,10.0
2797.58236601417,110.0,0.0,11.0,9.0,16.0,2.5,1.0,70.0,10.0
2797.98236601417,110.0,0.0,11.0,9.0,16.0,2.5,1.0,70.0,10.0
2797.9829114687154,110.0,0.0,11.0,9.0,16.0,2.5,1.0,70.0,10.0
2798.3829114687155,110.0,0.0,11.0,9.0,16.0,2.5,1.0,70.0,10.0
2798.383456923261,110.0,0.0,11.0,9.0,16.0,2.5,1.0,70.0,10.0
2798.783456923261,110.0,0.0,11.0,9.0,16.0,2.5,1.0,70.0,10.0
2798.7840023778062,110.0,0.0,11.0,9.0,16.0,2.5,1.0,70.0,10.0
2799.1840023778063,110.0,0.0,11.0,9.0,16.0,2.5,1.0,70.0,10.0
2799.1845478323517,110.0,0.0,11.0,9.0,16.0,2.5,1.0,70.0,10.0
2799.5845478323517,110.0,0.0,11.0,9.0,16.0,2.5,1.0,70.0,10.0
2799.585093286897,110.0,0.0,11.0,9.0,16.0,2.5,1.0,70.0,10.0
2799.985093286897,110.0,0.0,11.0,9.0,16.0,2.5,1.0,70.0,10.0
2799.9856387414425,110.0,0.0,11.0,9.0,16.0,2.5,1.0,70.0,10.0
2800.3856387414426,110.0,0.0,11.0,9.0,16.0,2.5,1.0,70.0,10.0
2800.386184195988,110.0,0.0,11.0,9.0,16.0,2.5,1.0,70.0,10.0
2800.786184195988,110.0,0.0,11.0,9.0,16.0,2.5,1.0,70.0,10.0
2800.7867296505333,110.0,0.0,11.0,9.0,16.0,2.5,1.0,70.0,10.0
2801.1867296505334,110.0,0.0,11.0,9.0,16.0,2.5,1.0,70.0,10.0
2801.1872751050787,110.0,0.0,11.0,9.0,16.0,2.5,1.0,70.0,10.0
2801.587275105079,110.0,0.0,11.0,9.0,16.0,2.5,1.0,70.0,10.0
2801.587820559624,110.0,0.0,11.0,9.0,16.0,2.5,1.0,70.0,10.0
2801.987820559624,110.0,0.0,11.0,9.0,16.0,2.5,1.0,70.0,10.0
2801.9883660141695,110.0,0.0,11.0,9.0,16.0,2.5,1.0,70.0,10.0
2802.3883660141696,110.0,0.0,11.0,9.0,16.0,2.5,1.0,70.0,10.0
2802.388911468715,110.0,0.0,11.0,9.0,16.0,2.5,1.0,70.0,10.0
2802.788911468715,110.0,0.0,11.0,9.0,16.0,2.5,1.0,70.0,10.0
2802.7894569232603,110.0,0.0,11.0,9.0,16.0,2.5,1.0,70.0,10.0
2803.1894569232604,110.0,0.0,11.0,9.0,16.0,2.5,1.0,70.0,10.0
2803.1900023778057,110.0,0.0,11.0,9.0,16.0,2.5,1.0,70.0,10.0
2803.590002377806,110.0,0.0,11.0,9.0,16.0,2.5,1.0,70.0,10.0
2803.590547832351,110.0,0.0,11.0,9.0,16.0,2.5,1.0,70.0,10.0
2803.9905478323512,110.0,0.0,11.0,9.0,16.0,2.5,1.0,70.0,10.0
2803.9910932868966,110.0,0.0,11.0,9.0,16.0,2.5,1.0,70.0,10.0
2804.3910932868966,110.0,0.0,11.0,9.0,16.0,2.5,1.0,70.0,10.0
2804.391638741442,110.0,0.0,11.0,9.0,16.0,2.5,1.0,70.0,10.0
2804.791638741442,110.0,0.0,11.0,9.0,16.0,2.5,1.0,70.0,10.0
2804.7921841959874,110.0,0.0,11.0,9.0,16.0,2.5,1.0,70.0,10.0
2805.1921841959875,110.0,0.0,11.0,9.0,16.0,2.5,1.0,70.0,10.0
2805.192729650533,110.0,0.0,11.0,9.0,16.0,2.5,1.0,70.0,10.0
2805.592729650533,110.0,0.0,11.0,9.0,16.0,2.5,1.0,70.0,10.0
2805.593275105078,100.0,0.0,11.0,9.0,16.0,7.5,1.0,70.0,10.0
2805.9932751050783,100.0,0.0,11.0,9.0,16.0,7.5,1.0,70.0,10.0
2805.993875105078,100.0,0.0,11.0,9.0,16.0,7.5,1.0,70.0,10.0
2806.393875105078,100.0,0.0,11.0,9.0,16.0,7.5,1.0,70.0,10.0
2806.394475105078,100.0,0.0,11.0,9.0,16.0,7.5,1.0,70.0,10.0
2806.794475105078,100.0,0.0,11.0,9.0,16.0,7.5,1.0,70.0,10.0
2806.795075105078,100.0,0.0,11.0,9.0,16.0,7.5,1.0,70.0,10.0
2807.195075105078,100.0,0.0,11.0,9.0,16.0,7.5,1.0,70.0,10.0
2807.195675105078,100.0,0.0,11.0,9.0,16.0,7.5,1.0,70.0,10.0
2807.595675105078,100.0,0.0,11.0,9.0,16.0,7.5,1.0,70.0,10.0
2807.596275105078,100.0,0.0,11.0,9.0,16.0,7.5,1.0,70.0,10.0
2807.996275105078,100.0,0.0,11.0,9.0,16.0,7.5,1.0,70.0,10.0
2807.996875105078,100.0,0.0,11.0,9.0,16.0,7.5,1.0,70.0,10.0
2808.396875105078,100.0,0.0,11.0,9.0,16.0,7.5,1.0,70.0,10.0
2808.397475105078,100.0,0.0,11.0,9.0,16.0,7.5,1.0,70.0,10.0
2808.797475105078,100.0,0.0,11.0,9.0,16.0,7.5,1.0,70.0,10.0
2808.7980751050777,100.0,0.0,11.0,9.0,16.0,7.5,1.0,70.0,10.0
2809.198075105078,100.0,0.0,11.0,9.0,16.0,7.5,1.0,70.0,10.0
2809.1986751050777,100.0,0.0,11.0,9.0,16.0,7.5,1.0,70.0,10.0
2809.5986751050777,100.0,0.0,11.0,9.0,16.0,7.5,1.0,70.0,10.0
2809.5992751050776,100.0,0.0,11.0,9.0,16.0,7.5,1.0,70.0,10.0
2809.9992751050777,100.0,0.0,11.0,9.0,16.0,7.5,1.0,70.0,10.0
2809.9998751050775,100.0,0.0,11.0,9.0,16.0,7.5,1.0,70.0,10.0
2810.3998751050776,100.0,0.0,11.0,9.0,16.0,7.5,1.0,70.0,10.0
2810.4004751050775,100.0,0.0,11.0,9.0,16.0,7.5,1.0,70.0,10.0
2810.8004751050776,100.0,0.0,11.0,9.0,16.0,7.5,1.0,70.0,10.0
2810.8010751050774,100.0,0.0,11.0,9.0,16.0,7.5,1.0,70.0,10.0
2811.2010751050775,100.0,0.0,11.0,9.0,16.0,7.5,1.0,70.0,10.0
2811.2016751050774,100.0,0.0,11.0,9.0,16.0,7.5,1.0,70.0,10.0
2811.6016751050774,100.0,0.0,11.0,9.0,16.0,7.5,1.0,70.0,10.0
2811.6022751050773,100.0,0.0,11.0,10.0,16.0,7.5,1.0,70.0,10.0
2812.0022751050774,100.0,0.0,11.0,10.0,16.0,7.5,1.0,70.0,10.0
2812.0028751050772,100.0,0.0,11.0,10.0,16.0,7.5,1.0,70.0,10.0
2812.4028751050773,100.0,0.0,11.0,10.0,16.0,7.5,1.0,70.0,10.0
2812.403475105077,100.0,0.0,11.0,10.0,16.0,7.5,1.0,70.0,10.0
2812.8034751050773,100.0,0.0,11.0,10.0,16.0,7.5,1.0,70.0,10.0
2812.804075105077,100.0,0.0,11.0,10.0,16.0,7.5,1.0,70.0,10.0
2813.204075105077,100.0,0.0,11.0,10.0,16.0,7.5,1.0,70.0,10.0
2813.204675105077,100.0,0.0,11.0,10.0,16.0,7.5,1.0,70.0,10.0
2813.604675105077,100.0,0.0,11.0,10.0,16.0,7.5,1.0,70.0,10.0
2813.605275105077,100.0,0.0,11.0,10.0,16.0,7.5,1.0,70.0,10.0
2814.005275105077,100.0,0.0,11.0,10.0,16.0,7.5,1.0,70.0,10.0
2814.005875105077,100.0,0.0,11.0,10.0,16.0,7.5,1.0,69.0,10.0
2814.405875105077,100.0,0.0,11.0,10.0,16.0,7.5,1.0,69.0,10.0
2814.406475105077,100.0,0.0,11.0,10.0,16.0,7.5,1.0,69.0,10.0
2814.806475105077,100.0,0.0,11.0,10.0,16.0,7.5,1.0,69.0,10.0
2814.807075105077,100.0,0.0,11.0,10.0,16.0,7.5,1.0,69.0,10.0
2815.207075105077,100.0,0.0,11.0,10.0,16.0,7.5,1.0,69.0,10.0
2815.2076751050768,100.0,0.0,11.0,10.0,16.0,7.5,1.0,69.0,10.0
2815.607675105077,100.0,0.0,11.0,10.0,16.0,7.5,1.0,69.0,10.0
2815.6082751050767,100.0,0.0,11.0,10.0,16.0,7.5,1.0,69.0,10.0
2816.008275105077,100.0,0.0,11.0,10.0,16.0,7.5,1.0,69.0,10.0
2816.0088751050766,100.0,0.0,11.0,10.0,16.0,7.5,1.0,69.0,10.0
2816.4088751050767,100.0,0.0,11.0,10.0,16.0,7.5,1.0,69.0,10.0
2816.4094751050766,100.0,0.0,11.0,10.0,16.0,7.5,1.0,69.0,10.0
2816.8094751050767,100.0,0.0,11.0,10.0,16.0,7.5,1.0,69.0,10.0
2816.8100751050765,100.0,0.0,11.0,10.0,16.0,7.5,1.0,69.0,10.0
2817.2100751050766,100.0,0.0,11.0,10.0,16.0,7.5,1.0,69.0,10.0
2817.2106751050765,100.0,0.0,11.0,10.0,16.0,7.5,1.0,69.0,10.0
2817.6106751050766,100.0,0.0,11.0,10.0,16.0,7.5,1.0,69.0,10.0
2817.6112751050764,100.0,0.0,11.0,10.0,16.0,7.5,1.0,69.0,10.0
2818.0112751050765,100.0,0.0,11.0,10.0,16.0,7.5,1.0,69.0,10.0
2818.0118751050763,100.0,0.0,11.0,10.0,16.0,7.5,1.0,69.0,10.0
2818.4118751050764,100.0,0.0,11.0,10.0,16.0,7.5,1.0,69.0,10.0
2818.4124751050763,100.0,0.0,11.0,10.0,16.0,7.5,1.0,69.0,10.0
2818.8124751050764,100.0,0.0,11.0,10.0,16.0,7.5,1.0,69.0,10.0
2818.813075105076,100.0,0.0,11.0,10.0,16.0,7.5,1.0,69.0,10.0
2819.2130751050763,100.0,0.0,11.0,10.0,16.0,7.5,1.0,69.0,10.0
2819.213675105076,100.0,0.0,11.0,10.0,16.0,7.5,1.0,69.0,10.0
2819.6136751050763,100.0,0.0,11.0,10.0,16.0,7.5,1.0,69.0,10.0
2819.614275105076,100.0,0.0,11.0,10.0,16.0,7.5,1.0,69.0,10.0
2820.014275105076,100.0,0.0,11.0,10.0,16.0,7.5,1.0,69.0,10.0
2820.014875105076,100.0,0.0,11.0,10.0,16.0,7.5,1.0,69.0,10.0
2820.414875105076,100.0,0.0,11.0,10.0,16.0,7.5,1.0,69.0,10.0
2820.415475105076,100.0,0.0,11.0,10.0,16.0,7.5,1.0,69.0,10.0
2820.815475105076,100.0,0.0,11.0,10.0,16.0,7.5,1.0,69.0,10.0
2820.816075105076,100.0,0.0,11.0,10.0,16.0,7.5,1.0,69.0,10.0
2821.216075105076,100.0,0.0,11.0,10.0,16.0,7.5,1.0,69.0,10.0
2821.216675105076,110.0,0.0,11.0,10.0,16.0,7.5,1.0,69.0,10.0
2821.616675105076,110.0,0.0,11.0,10.0,16.0,7.5,1.0,69.0,10.0
2821.6172205596213,100.0,0.0,11.0,10.0,16.0,7.5,1.0,69.0,10.0
2822.0172205596214,100.0,0.0,11.0,10.0,16.0,7.5,1.0,69.0,10.0
2822.017820559621,100.0,0.0,11.0,10.0,16.0,7.5,1.0,69.0,10.0
2822.4178205596213,100.0,0.0,11.0,10.0,16.0,7.5,1.0,69.0,10.0
2822.418420559621,100.0,0.0,11.0,10.0,16.0,7.5,1.0,69.0,10.0
2822.8184205596212,100.0,0.0,11.0,10.0,16.0,7.5,1.0,69.0,10.0
2822.819020559621,100.0,0.0,11.0,10.0,16.0,7.5,1.0,69.0,10.0
2823.219020559621,100.0,0.0,11.0,10.0,16.0,7.5,1.0,69.0,10.0
2823.219620559621,100.0,0.0,11.0,10.0,16.0,7.5,1.0,69.0,10.0
2823.619620559621,100.0,0.0,11.0,10.0,16.0,7.5,1.0,69.0,10.0
2823.620220559621,100.0,0.0,11.0,10.0,16.0,7.5,1.0,69.0,10.0
2824.020220559621,100.0,0.0,11.0,10.0,16.0,7.5,1.0,69.0,10.0
2824.020820559621,100.0,0.0,11.0,10.0,16.0,7.5,1.0,69.0,10.0
2824.420820559621,100.0,0.0,11.0,10.0,16.0,7.5,1.0,69.0,10.0
2824.421420559621,100.0,0.0,11.0,10.0,16.0,7.5,1.0,69.0,10.0
2824.821420559621,100.0,0.0,11.0,10.0,16.0,7.5,1.0,69.0,10.0
2824.822020559621,100.0,0.0,11.0,10.0,16.0,7.5,1.0,69.0,10.0
2825.222020559621,100.0,0.0,11.0,10.0,16.0,7.5,1.0,69.0,10.0
2825.2226205596207,100.0,0.0,11.0,10.0,16.0,7.5,1.0,69.0,10.0
2825.622620559621,100.0,0.0,11.0,10.0,16.0,7.5,1.0,69.0,10.0
2825.6232205596207,100.0,0.0,12.0,10.0,16.0,7.5,1.0,69.0,10.0
2826.0232205596208,100.0,0.0,12.0,10.0,16.0,7.5,1.0,69.0,10.0
2826.0238205596206,100.0,0.0,12.0,10.0,16.0,7.5,1.0,69.0,10.0
2826.4238205596207,100.0,0.0,12.0,10.0,16.0,7.5,1.0,69.0,10.0
2826.4244205596206,100.0,0.0,12.0,10.0,16.0,7.5,1.0,69.0,10.0
2826.8244205596206,100.0,0.0,12.0,10.0,16.0,7.5,1.0,69.0,10.0
2826.8250205596205,100.0,0.0,12.0,10.0,16.0,7.5,1.0,69.0,10.0
2827.2250205596206,100.0,0.0,12.0,10.0,16.0,7.5,1.0,69.0,10.0
2827.2256205596204,100.0,0.0,12.0,10.0,16.0,7.5,1.0,69.0,10.0
2827.6256205596205,100.0,0.0,12.0,10.0,16.0,7.5,1.0,69.0,10.0
2827.6262205596204,100.0,0.0,12.0,10.0,16.0,7.5,1.0,69.0,10.0
2828.0262205596205,100.0,0.0,12.0,10.0,16.0,7.5,1.0,69.0,10.0
2828.0268205596203,100.0,0.0,12.0,10.0,16.0,7.5,1.0,69.0,10.0
2828.4268205596204,100.0,0.0,12.0,10.0,16.0,7.5,1.0,69.0,10.0
2828.4274205596203,100.0,0.0,12.0,10.0,16.0,7.5,1.0,69.0,10.0
2828.8274205596204,100.0,0.0,12.0,10.0,16.0,7.5,1.0,69.0,10.0
2828.82802055962,100.0,0.0,12.0,10.0,16.0,7.5,1.0,69.0,10.0
2829.2280205596203,100.0,0.0,12.0,10.0,16.0,7.5,1.0,69.0,10.0
2829.22862055962,100.0,0.0,12.0,10.0,16.0,7.5,1.0,69.0,10.0
2829.6286205596202,100.0,0.0,12.0,10.0,16.0,7.5,1.0,69.0,10.0
2829.62922055962,100.0,0.0,12.0,10.0,16.0,7.5,1.0,69.0,10.0
2830.02922055962,100.0,0.0,12.0,10.0,16.0,7.5,1.0,69.0,10.0
2830.02982055962,100.0,0.0,12.0,10.0,16.0,7.5,1.0,69.0,10.0
2830.42982055962,100.0,0.0,12.0,10.0,16.0,7.5,1.0,69.0,10.0
2830.43042055962,100.0,0.0,12.0,10.0,16.0,7.5,1.0,69.0,10.0
2830.83042055962,100.0,0.0,12.0,10.0,16.0,7.5,1.0,69.0,10.0
2830.83102055962,100.0,0.0,12.0,10.0,16.0,7.5,1.0,69.0,10.0
2831.23102055962,100.0,0.0,12.0,10.0,16.0,7.5,1.0,69.0,10.0
2831.23162055962,100.0,0.0,12.0,10.0,16.0,7.5,1.0,69.0,10.0
2831.63162055962,100.0,0.0,12.0,10.0,16.0,7.5,1.0,69.0,10.0
2831.63222055962,100.0,0.0,12.0,10.0,16.0,7.5,1.0,69.0,10.0
2832.03222055962,100.0,0.0,12.0,10.0,16.0,7.5,1.0,69.0,10.0
2832.0328205596197,100.0,0.0,12.0,10.0,16.0,7.5,1.0,69.0,10.0
2832.43282055962,100.0,0.0,12.0,10.0,16.0,7.5,1.0,69.0,10.0
2832.4334205596197,100.0,0.0,12.0,10.0,16.0,7.5,1.0,69.0,10.0
2832.8334205596198,100.0,0.0,12.0,10.0,16.0,7.5,1.0,69.0,10.0
2832.8340205596196,100.0,0.0,12.0,10.0,16.0,7.5,1.0,69.0,10.0
2833.2340205596197,100.0,0.0,12.0,10.0,16.0,7.5,1.0,69.0,10.0
2833.2346205596195,100.0,0.0,12.0,10.0,16.0,7.5,1.0,69.0,10.0
2833.6346205596196,100.0,0.0,12.0,10.0,16.0,7.5,1.0,69.0,10.0
2833.6352205596195,100.0,0.0,12.0,10.0,16.0,7.5,1.0,69.0,10.0
2834.0352205596196,100.0,0.0,12.0,10.0,16.0,7.5,1.0,69.0,10.0
2834.0358205596194,100.0,0.0,12.0,10.0,16.0,7.5,1.0,69.0,10.0
2834.4358205596195,100.0,0.0,12.0,10.0,16.0,7.5,1.0,69.0,10.0
2834.4364205596194,100.0,0.0,12.0,10.0,16.0,7.5,1.0,69.0,10.0
2834.8364205596195,100.0,0.0,12.0,10.0,16.0,7.5,1.0,69.0,10.0
2834.8370205596193,100.0,0.0,12.0,10.0,16.0,7.5,1.0,69.0,10.0
2835.2370205596194,100.0,0.0,12.0,10.0,16.0,7.5,1.0,69.0,10.0
2835.2376205596192,100.0,0.0,12.0,10.0,16.0,7.5,1.0,69.0,10.0
2835.6376205596193,100.0,0.0,12.0,10.0,16.0,7.5,1.0,69.0,10.0
2835.638220559619,90.0,0.0,12.0,10.0,16.0,7.5,1.0,69.0,10.0
2836.0382205596193,90.0,0.0,12.0,10.0,16.0,7.5,1.0,69.0,10.0
2836.038820559619,90.0,0.0,12.0,10.0,16.0,7.5,1.0,69.0,10.0
2836.438820559619,90.0,0.0,12.0,10.0,16.0,7.5,1.0,69.0,10.0
2836.439420559619,90.0,0.0,12.0,10.0,16.0,7.5,1.0,69.0,10.0
2836.839420559619,90.0,0.0,12.0,10.0,16.0,7.5,1.0,69.0,10.0
2836.840020559619,90.0,0.0,12.0,10.0,16.0,7.5,1.0,69.0,10.0
2837.240020559619,90.0,0.0,12.0,10.0,16.0,7.5,1.0,69.0,10.0
2837.240620559619,90.0,0.0,12.0,10.0,16.0,7.5,1.0,69.0,10.0
2837.640620559619,90.0,0.0,12.0,10.0,16.0,7.5,1.0,69.0,10.0
2837.641220559619,90.0,0.0,12.0,10.0,16.0,7.5,1.0,69.0,10.0
2838.041220559619,90.0,0.0,12.0,10.0,16.0,7.5,1.0,69.0,10.0
2838.041820559619,90.0,0.0,12.0,10.0,16.0,7.5,1.0,69.0,10.0
2838.441820559619,90.0,0.0,12.0,10.0,16.0,7.5,1.0,69.0,10.0
2838.4424205596188,90.0,0.0,12.0,10.0,16.0,7.5,1.0,69.0,10.0
2838.842420559619,90.0,0.0,12.0,10.0,16.0,7.5,1.0,69.0,10.0
2838.8430205596187,90.0,0.0,12.0,10.0,16.0,7.5,1.0,69.0,10.0
2839.243020559619,90.0,0.0,12.0,10.0,16.0,7.5,1.0,69.0,10.0
2839.2436205596186,90.0,0.0,12.0,10.0,16.0,7.5,1.0,69.0,10.0
2839.6436205596187,90.0,0.0,12.0,10.0,16.0,7.5,1.0,69.0,10.0
2839.6442205596186,90.0,0.0,12.0,10.0,16.0,7.5,1.0,69.0,10.0
2840.0442205596187,90.0,0.0,12.0,10.0,16.0,7.5,1.0,69.0,10.0
2840.0448205596185,90.0,0.0,12.0,10.0,16.0,7.5,1.0,69.0,10.0
2840.4448205596186,90.0,0.0,12.0,10.0,16.0,7.5,1.0,69.0,10.0
2840.4454205596185,90.0,0.0,12.0,10.0,16.0,7.5,1.0,69.0,10.0
2840.8454205596186,90.0,0.0,12.0,10.0,16.0,7.5,1.0,69.0,10.0
2840.8460205596184,90.0,0.0,12.0,10.0,16.0,7.5,1.0,69.0,10.0
2841.2460205596185,90.0,0.0,12.0,10.0,16.0,7.5,1.0,69.0,10.0
2841.2466205596183,90.0,0.0,12.0,10.0,16.0,7.5,1.0,69.0,10.0
2841.6466205596184,90.0,0.0,12.0,10.0,16.0,7.5,1.0,69.0,10.0
2841.6472205596183,90.0,0.0,12.0,10.0,16.0,7.5,1.0,69.0,10.0
2842.0472205596184,90.0,0.0,12.0,10.0,16.0,7.5,1.0,69.0,10.0
2842.0478205596182,90.0,0.0,12.0,10.0,16.0,7.5,1.0,69.0,10.0
2842.4478205596183,90.0,0.0,12.0,10.0,16.0,7.5,1.0,69.0,10.0
2842.448420559618,90.0,0.0,12.0,10.0,16.0,7.5,1.0,69.0,10.0
2842.8484205596183,90.0,0.0,12.0,10.0,16.0,7.5,1.0,69.0,10.0
2842.849020559618,90.0,0.0,12.0,10.0,16.0,7.5,1.0,69.0,10.0
2843.249020559618,90.0,0.0,12.0,10.0,16.0,7.5,1.0,69.0,10.0
2843.249620559618,90.0,0.0,12.0,10.0,16.0,7.5,1.0,69.0,10.0
2843.649620559618,90.0,0.0,12.0,10.0,16.0,7.5,1.0,69.0,10.0
2843.650220559618,100.0,0.0,12.0,10.0,16.0,7.5,1.0,69.0,10.0
2844.050220559618,100.0,0.0,12.0,10.0,16.0,7.5,1.0,69.0,10.0
2844.050820559618,100.0,0.0,12.0,10.0,16.0,7.5,1.0,69.0,10.0
2844.450820559618,100.0,0.0,12.0,10.0,16.0,7.5,1.0,69.0,10.0
2844.451420559618,100.0,0.0,12.0,10.0,16.0,7.5,1.0,69.0,10.0
2844.851420559618,100.0,0.0,12.0,10.0,16.0,7.5,1.0,69.0,10.0
2844.852020559618,100.0,0.0,12.0,10.0,16.0,7.5,1.0,69.0,10.0
2845.252020559618,100.0,0.0,12.0,10.0,16.0,7.5,1.0,69.0,10.0
2845.2526205596178,100.0,0.0,12.0,10.0,16.0,7.5,1.0,69.0,10.0
2845.652620559618,100.0,0.0,12.0,10.0,16.0,7.5,1.0,69.0,10.0
2845.6532205596177,100.0,0.0,12.0,10.0,16.0,7.5,1.0,69.0,10.0
2846.053220559618,100.0,0.0,12.0,10.0,16.0,7.5,1.0,69.0,10.0
2846.0538205596176,100.0,0.0,12.0,10.0,16.0,7.5,1.0,69.0,10.0
2846.4538205596177,100.0,0.0,12.0,10.0,16.0,7.5,1.0,69.0,10.0
2846.4544205596176,100.0,0.0,12.0,10.0,16.0,7.5,1.0,69.0,10.0
2846.8544205596177,100.0,0.0,12.0,10.0,16.0,7.5,1.0,69.0,10.0
2846.8550205596175,110.0,0.0,12.0,10.0,16.0,7.5,1.0,69.0,10.0
2847.2550205596176,110.0,0.0,12.0,10.0,16.0,7.5,1.0,69.0,10.0
2847.255566014163,120.0,0.0,12.0,10.0,16.0,7.5,1.0,69.0,10.0
2847.655566014163,120.0,0.0,12.0,10.0,16.0,7.5,1.0,69.0,10.0
2847.656066014163,120.0,0.0,12.0,10.0,16.0,7.5,1.0,69.0,10.0
2848.056066014163,120.0,0.0,12.0,10.0,16.0,7.5,1.0,69.0,10.0
2848.0565660141633,120.0,0.0,12.0,10.0,16.0,7.5,1.0,69.0,10.0
2848.4565660141634,120.0,0.0,12.0,10.0,16.0,7.5,1.0,69.0,10.0
2848.4570660141635,120.0,0.0,12.0,10.0,16.0,7.5,1.0,69.0,10.0
2848.8570660141636,120.0,0.0,12.0,10.0,16.0,7.5,1.0,69.0,10.0
2848.8575660141637,120.0,0.0,12.0,10.0,16.0,7.5,1.0,69.0,10.0
2849.257566014164,120.0,0.0,12.0,10.0,16.0,7.5,1.0,69.0,10.0
2849.258066014164,120.0,0.0,12.0,10.0,16.0,7.5,1.0,69.0,10.0
2849.658066014164,120.0,0.0,12.0,10.0,16.0,7.5,1.0,69.0,10.0
2849.658566014164,120.0,0.0,12.0,10.0,16.0,7.5,1.0,69.0,10.0
2850.058566014164,120.0,0.0,12.0,10.0,16.0,7.5,1.0,69.0,10.0
2850.0590660141643,120.0,0.0,12.0,10.0,16.0,7.5,1.0,69.0,10.0
2850.4590660141644,120.0,0.0,12.0,10.0,16.0,7.5,1.0,69.0,10.0
2850.4595660141645,120.0,0.0,12.0,10.0,16.0,7.5,1.0,69.0,10.0
2850.8595660141646,120.0,0.0,12.0,10.0,16.0,7.5,1.0,69.0,10.0
2850.8600660141647,120.0,0.0,12.0,10.0,16.0,7.5,1.0,69.0,10.0
2851.2600660141647,120.0,0.0,12.0,10.0,16.0,7.5,1.0,69.0,10.0
2851.260566014165,120.0,0.0,12.0,10.0,16.0,7.5,1.0,69.0,10.0
2851.660566014165,120.0,0.0,12.0,10.0,16.0,7.5,1.0,69.0,10.0
2851.661066014165,120.0,0.0,12.0,10.0,16.0,7.5,1.0,69.0,10.0
2852.061066014165,120.0,0.0,12.0,10.0,16.0,7.5,1.0,69.0,10.0
2852.0615660141652,120.0,0.0,12.0,10.0,16.0,7.5,1.0,69.0,10.0
2852.4615660141653,120.0,0.0,12.0,10.0,16.0,7.5,1.0,69.0,10.0
2852.4620660141654,120.0,0.0,12.0,10.0,16.0,7.5,1.0,69.0,10.0
2852.8620660141655,120.0,0.0,12.0,10.0,16.0,7.5,1.0,69.0,10.0
2852.8625660141656,120.0,0.0,12.0,10.0,16.0,7.5,1.0,69.0,10.0
2853.2625660141657,120.0,0.0,12.0,10.0,16.0,7.5,1.0,69.0,10.0
2853.263066014166,120.0,0.0,12.0,10.0,16.0,7.5,1.0,69.0,10.0
2853.663066014166,120.0,0.0,12.0,10.0,16.0,7.5,1.0,69.0,10.0
2853.663566014166,120.0,0.0,12.0,10.0,16.0,7.5,1.0,69.0,10.0
2854.063566014166,120.0,0.0,12.0,10.0,16.0,7.5,1.0,69.0,10.0
2854.064066014166,120.0,0.0,12.0,10.0,16.0,5.5,1.0,70.0,10.0
2854.4640660141663,120.0,0.0,12.0,10.0,16.0,5.5,1.0,70.0,10.0
2854.4645660141664,130.0,0.0,12.0,10.0,16.0,5.5,1.0,70.0,10.0
2854.8645660141665,130.0,0.0,12.0,10.0,16.0,5.5,1.0,70.0,10.0
2854.865027552628,130.0,0.0,12.0,10.0,16.0,5.5,1.0,70.0,10.0
2855.265027552628,130.0,0.0,12.0,10.0,16.0,5.5,1.0,70.0,10.0
2855.2654890910894,130.0,0.0,12.0,10.0,16.0,5.5,1.0,70.0,10.0
2855.6654890910895,130.0,0.0,12.0,10.0,16.0,5.5,1.0,70.0,10.0
2855.665950629551,130.0,0.0,12.0,10.0,16.0,5.5,1.0,70.0,10.0
2856.065950629551,130.0,0.0,12.0,10.0,16.0,5.5,1.0,70.0,10.0
2856.0664121680124,130.0,0.0,12.0,10.0,16.0,3.5,1.0,71.0,10.0
2856.4664121680125,130.0,0.0,12.0,10.0,16.0,3.5,1.0,71.0,10.0
2856.466873706474,130.0,0.0,12.0,10.0,16.0,3.5,1.0,71.0,10.0
2856.866873706474,130.0,0.0,12.0,10.0,16.0,3.5,1.0,71.0,10.0
2856.8673352449355,130.0,0.0,12.0,10.0,16.0,3.5,1.0,71.0,10.0
2857.2673352449356,130.0,0.0,12.0,10.0,16.0,3.5,1.0,71.0,10.0
2857.267796783397,130.0,0.0,12.0,10.0,16.0,3.5,1.0,71.0,10.0
2857.667796783397,130.0,0.0,12.0,10.0,16.0,3.5,1.0,71.0,10.0
2857.6682583218585,130.0,0.0,12.0,10.0,16.0,3.5,1.0,71.0,10.0
2858.0682583218586,130.0,0.0,12.0,10.0,16.0,3.5,1.0,71.0,10.0
2858.06871986032,130.0,0.0,12.0,10.0,16.0,3.5,1.0,71.0,10.0
2858.46871986032,130.0,0.0,12.0,10.0,16.0,3.5,1.0,71.0,10.0
2858.4691813987815,130.0,0.0,12.0,10.0,16.0,3.5,1.0,71.0,10.0
2858.8691813987816,130.0,0.0,12.0,10.0,16.0,3.5,1.0,71.0,10.0
2858.869642937243,130.0,0.0,12.0,10.0,16.0,3.5,1.0,71.0,10.0
2859.269642937243,130.0,0.0,12.0,10.0,16.0,3.5,1.0,71.0,10.0
2859.2701044757046,130.0,0.0,12.0,10.0,16.0,3.5,1.0,71.0,10.0
2859.6701044757046,130.0,0.0,12.0,10.0,16.0,3.5,1.0,71.0,10.0
2859.670566014166,130.0,0.0,12.0,10.0,16.0,3.5,1.0,71.0,10.0
2860.070566014166,130.0,0.0,12.0,10.0,16.0,3.5,1.0,71.0,10.0
2860.0710275526276,120.0,0.0,12.0,10.0,16.0,3.5,1.0,71.0,10.0
2860.4710275526277,120.0,0.0,12.0,10.0,16.0,3.5,1.0,71.0,10.0
2860.471527552628,120.0,0.0,12.0,10.0,16.0,3.5,1.0,71.0,10.0
2860.871527552628,120.0,0.0,12.0,10.0,16.0,3.5,1.0,71.0,10.0
2860.872027552628,120.0,0.0,12.0,10.0,16.0,3.5,1.0,71.0,10.0
2861.272027552628,120.0,0.0,12.0,10.0,16.0,3.5,1.0,71.0,10.0
2861.272527552628,120.0,0.0,12.0,10.0,16.0,3.5,1.0,71.0,10.0
2861.6725275526283,120.0,0.0,12.0,10.0,16.0,3.5,1.0,71.0,10.0
2861.6730275526284,120.0,0.0,12.0,10.0,16.0,3.5,1.0,71.0,10.0
2862.0730275526284,120.0,0.0,12.0,10.0,16.0,3.5,1.0,71.0,10.0
2862.0735275526285,110.0,0.0,12.0,10.0,16.0,3.5,1.0,71.0,10.0
2862.4735275526286,110.0,0.0,12.0,10.0,16.0,3.5,1.0,71.0,10.0
2862.474073007174,110.0,0.0,12.0,10.0,16.0,3.5,1.0,71.0,10.0
2862.874073007174,110.0,0.0,12.0,10.0,16.0,3.5,1.0,71.0,10.0
2862.8746184617194,110.0,0.0,12.0,10.0,16.0,3.5,1.0,71.0,10.0
2863.2746184617195,110.0,0.0,12.0,10.0,16.0,3.5,1.0,71.0,10.0
2863.275163916265,110.0,0.0,12.0,10.0,16.0,3.5,1.0,71.0,10.0
2863.675163916265,110.0,0.0,12.0,10.0,16.0,3.5,1.0,71.0,10.0
2863.67570937081,110.0,0.0,12.0,10.0,16.0,3.5,1.0,71.0,10.0
2864.0757093708103,110.0,0.0,12.0,10.0,16.0,3.5,1.0,71.0,10.0
2864.0762548253556,110.0,0.0,12.0,10.0,16.0,3.5,1.0,71.0,10.0
2864.4762548253557,110.0,0.0,12.0,10.0,16.0,3.5,1.0,71.0,10.0
2864.476800279901,110.0,0.0,12.0,10.0,16.0,3.5,1.0,71.0,10.0
2864.876800279901,110.0,0.0,12.0,10.0,16.0,3.5,1.0,71.0,10.0
2864.8773457344464,110.0,0.0,12.0,10.0,16.0,3.5,1.0,71.0,10.0
2865.2773457344465,110.0,0.0,12.0,10.0,16.0,3.5,1.0,71.0,10.0
2865.277891188992,110.0,0.0,12.0,10.0,16.0,3.5,1.0,71.0,10.0
2865.677891188992,110.0,0.0,12.0,10.0,16.0,3.5,1.0,71.0,10.0
2865.678436643537,110.0,0.0,12.0,10.0,16.0,3.5,1.0,71.0,10.0
2866.0784366435373,110.0,0.0,12.0,10.0,16.0,3.5,1.0,71.0,10.0
2866.0789820980826,110.0,0.0,12.0,10.0,16.0,3.5,1.0,71.0,10.0
2866.4789820980827,110.0,0.0,12.0,10.0,16.0,3.5,1.0,71.0,10.0
2866.479527552628,110.0,0.0,12.0,10.0,16.0,3.5,1.0,71.0,10.0
2866.879527552628,110.0,0.0,12.0,10.0,16.0,3.5,1.0,71.0,10.0
2866.8800730071735,100.0,0.0,12.0,10.0,15.0,3.5,1.0,71.0,10.0
2867.2800730071735,100.0,0.0,12.0,10.0,15.0,3.5,1.0,71.0,10.0
2867.2806730071734,100.0,0.0,12.0,10.0,15.0,3.5,1.0,71.0,10.0
2867.6806730071735,100.0,0.0,12.0,10.0,15.0,3.5,1.0,71.0,10.0
2867.6812730071733,100.0,0.0,12.0,10.0,15.0,3.5,1.0,71.0,10.0
2868.0812730071734,100.0,0.0,12.0,10.0,15.0,3.5,1.0,71.0,10.0
2868.0818730071733,100.0,0.0,12.0,10.0,15.0,3.5,1.0,71.0,10.0
2868.4818730071734,100.0,0.0,12.0,10.0,15.0,3.5,1.0,71.0,10.0
2868.482473007173,100.0,0.0,12.0,10.0,15.0,3.5,1.0,71.0,10.0
2868.8824730071733,100.0,0.0,12.0,10.0,15.0,3.5,1.0,71.0,10.0
2868.883073007173,100.0,0.0,12.0,10.0,15.0,3.5,1.0,71.0,10.0
2869.2830730071732,100.0,0.0,12.0,10.0,15.0,3.5,1.0,71.0,10.0
2869.283673007173,100.0,0.0,12.0,10.0,15.0,3.5,1.0,71.0,10.0
2869.683673007173,100.0,0.0,12.0,10.0,15.0,3.5,1.0,71.0,10.0
2869.684273007173,100.0,0.0,12.0,10.0,15.0,3.5,1.0,71.0,10.0
2870.084273007173,100.0,0.0,12.0,10.0,15.0,3.5,1.0,71.0,10.0
2870.084873007173,100.0,0.0,12.0,10.0,15.0,3.5,1.0,71.0,10.0
2870.484873007173,100.0,0.0,12.0,10.0,15.0,3.5,1.0,71.0,10.0
2870.485473007173,100.0,0.0,12.0,10.0,15.0,3.5,1.0,71.0,10.0
2870.885473007173,100.0,0.0,12.0,10.0,15.0,3.5,1.0,71.0,10.0
2870.886073007173,100.0,0.0,12.0,10.0,15.0,3.5,1.0,71.0,10.0
2871.286073007173,100.0,0.0,12.0,10.0,15.0,3.5,1.0,71.0,10.0
2871.286673007173,100.0,0.0,12.0,10.0,15.0,3.5,1.0,71.0,10.0
2871.686673007173,100.0,0.0,12.0,10.0,15.0,3.5,1.0,71.0,10.0
2871.6872730071727,110.0,0.0,12.0,10.0,15.0,3.5,1.0,71.0,10.0
2872.087273007173,110.0,0.0,12.0,10.0,15.0,3.5,1.0,71.0,10.0
2872.087818461718,110.0,0.0,12.0,10.0,15.0,3.5,1.0,71.0,10.0
2872.4878184617182,110.0,0.0,12.0,10.0,15.0,3.5,1.0,71.0,10.0
2872.4883639162636,110.0,0.0,12.0,10.0,15.0,3.5,1.0,71.0,10.0
2872.8883639162636,110.0,0.0,12.0,10.0,15.0,3.5,1.0,71.0,10.0
2872.888909370809,110.0,0.0,12.0,10.0,15.0,3.5,1.0,71.0,10.0
2873.288909370809,110.0,0.0,12.0,10.0,15.0,3.5,1.0,71.0,10.0
2873.2894548253544,110.0,0.0,12.0,10.0,15.0,3.5,1.0,71.0,10.0
2873.6894548253545,110.0,0.0,12.0,10.0,15.0,3.5,1.0,71.0,10.0
2873.6900002799,110.0,0.0,12.0,10.0,15.0,3.5,1.0,71.0,10.0
2874.0900002799,110.0,0.0,12.0,10.0,15.0,3.5,1.0,71.0,10.0
2874.090545734445,110.0,0.0,12.0,10.0,15.0,3.5,1.0,71.0,10.0
2874.4905457344453,110.0,0.0,12.0,10.0,15.0,3.5,1.0,71.0,10.0
2874.4910911889906,110.0,0.0,12.0,10.0,15.0,3.5,1.0,71.0,10.0
2874.8910911889907,110.0,0.0,12.0,10.0,15.0,3.5,1.0,71.0,10.0
2874.891636643536,110.0,0.0,12.0,10.0,15.0,3.5,1.0,71.0,10.0
2875.291636643536,110.0,0.0,12.0,10.0,15.0,3.5,1.0,71.0,10.0
2875.2921820980814,110.0,0.0,12.0,10.0,15.0,3.5,1.0,71.0,10.0
2875.6921820980815,110.0,0.0,12.0,10.0,15.0,3.5,1.0,71.0,10.0
2875.692727552627,110.0,0.0,12.0,10.0,15.0,3.5,1.0,71.0,10.0
2876.092727552627,110.0,0.0,12.0,10.0,15.0,3.5,1.0,71.0,10.0
2876.0932730071722,110.0,0.0,12.0,10.0,15.0,3.5,1.0,71.0,10.0
2876.4932730071723,110.0,0.0,12.0,10.0,15.0,3.5,1.0,71.0,10.0
2876.4938184617176,110.0,0.0,12.0,10.0,15.0,3.5,1.0,71.0,10.0
2876.8938184617177,110.0,0.0,12.0,10.0,15.0,3.5,1.0,71.0,10.0
2876.894363916263,110.0,0.0,12.0,10.0,15.0,3.5,1.0,71.0,10.0
2877.294363916263,110.0,0.0,12.0,10.0,15.0,3.5,1.0,71.0,10.0
2877.2949093708085,110.0,0.0,12.0,10.0,15.0,3.5,1.0,71.0,10.0
2877.6949093708085,110.0,0.0,12.0,10.0,15.0,3.5,1.0,71.0,10.0
2877.695454825354,110.0,0.0,12.0,10.0,15.0,3.5,1.0,71.0,10.0
2878.095454825354,110.0,0.0,12.0,10.0,15.0,3.5,1.0,71.0,10.0
2878.0960002798993,110.0,0.0,12.0,10.0,15.0,3.5,1.0,71.0,10.0
2878.4960002798994,110.0,0.0,12.0,10.0,15.0,3.5,1.0,71.0,10.0
2878.4965457344447,110.0,0.0,12.0,10.0,15.0,3.5,1.0,71.0,10.0
2878.8965457344448,110.0,0.0,12.0,10.0,15.0,3.5,1.0,71.0,10.0
2878.89709118899,110.0,0.0,12.0,10.0,15.0,3.5,1.0,71.0,10.0
2879.29709118899,110.0,0.0,12.0,10.0,15.0,3.5,1.0,71.0,10.0
2879.2976366435355,110.0,0.0,12.0,10.0,15.0,3.5,1.0,71.0,10.0
2879.6976366435356,110.0,0.0,12.0,10.0,15.0,3.5,1.0,71.0,10.0
2879.698182098081,110.0,0.0,12.0,10.0,15.0,3.5,1.0,71.0,10.0
2880.098182098081,110.0,0.0,12.0,10.0,15.0,3.5,1.0,71.0,10.0
2880.0987275526263,110.0,0.0,12.0,10.0,15.0,3.5,1.0,71.0,10.0
2880.4987275526264,110.0,0.0,12.0,10.0,15.0,3.5,1.0,71.0,10.0
2880.4992730071717,110.0,0.0,12.0,10.0,15.0,3.5,1.0,71.0,10.0
2880.899273007172,110.0,0.0,12.0,10.0,15.0,3.5,1.0,71.0,10.0
2880.899818461717,110.0,0.0,12.0,10.0,15.0,3.5,1.0,71.0,10.0
2881.299818461717,110.0,0.0,12.0,10.0,15.0,3.5,1.0,71.0,10.0
2881.3003639162625,110.0,0.0,12.0,10.0,15.0,3.5,1.0,71.0,10.0
2881.7003639162626,110.0,0.0,12.0,10.0,15.0,3.5,1.0,71.0,10.0
2881.700909370808,110.0,0.0,12.0,10.0,15.0,3.5,1.0,71.0,10.0
2882.100909370808,110.0,0.0,12.0,10.0,15.0,3.5,1.0,71.0,10.0
2882.1014548253534,110.0,0.0,13.0,10.0,15.0,3.5,1.0,71.0,10.0
2882.5014548253534,110.0,0.0,13.0,10.0,15.0,3.5,1.0,71.0,10.0
2882.5020002798988,110.0,0.0,13.0,10.0,15.0,3.5,1.0,71.0,10.0
2882.902000279899,110.0,0.0,13.0,10.0,15.0,3.5,1.0,71.0,10.0
2882.902545734444,110.0,0.0,13.0,10.0,15.0,3.5,1.0,71.0,10.0
2883.3025457344443,110.0,0.0,13.0,10.0,15.0,3.5,1.0,71.0,10.0
2883.3030911889896,110.0,0.0,13.0,10.0,15.0,3.5,1.0,71.0,10.0
2883.7030911889897,110.0,0.0,13.0,10.0,15.0,3.5,1.0,71.0,10.0
2883.703636643535,110.0,0.0,13.0,10.0,15.0,3.5,1.0,71.0,10.0
2884.103636643535,110.0,0.0,13.0,10.0,15.0,3.5,1.0,71.0,10.0
2884.1041820980804,110.0,0.0,13.0,10.0,15.0,3.5,1.0,71.0,10.0
2884.5041820980805,110.0,0.0,13.0,10.0,15.0,3.5,1.0,71.0,10.0
2884.504727552626,110.0,0.0,13.0,10.0,15.0,3.5,1.0,71.0,10.0
2884.904727552626,110.0,0.0,13.0,10.0,15.0,3.5,1.0,71.0,10.0
2884.905273007171,110.0,0.0,13.0,10.0,15.0,3.5,1.0,71.0,10.0
2885.3052730071713,110.0,0.0,13.0,10.0,15.0,3.5,1.0,71.0,10.0
2885.3058184617166,110.0,0.0,13.0,10.0,15.0,3.5,1.0,71.0,10.0
2885.7058184617167,110.0,0.0,13.0,10.0,15.0,3.5,1.0,71.0,10.0
2885.706363916262,110.0,0.0,13.0,10.0,15.0,3.5,1.0,71.0,10.0
2886.106363916262,110.0,0.0,13.0,10.0,15.0,3.5,1.0,71.0,10.0
2886.1069093708074,110.0,0.0,13.0,10.0,15.0,3.5,1.0,71.0,10.0
2886.5069093708075,110.0,0.0,13.0,10.0,15.0,3.5,1.0,71.0,10.0
2886.507454825353,110.0,0.0,13.0,10.0,15.0,3.5,1.0,71.0,10.0
2886.907454825353,110.0,0.0,13.0,10.0,15.0,3.5,1.0,71.0,10.0
2886.9080002798983,110.0,0.0,13.0,10.0,15.0,3.5,1.0,71.0,10.0
2887.3080002798984,110.0,0.0,13.0,10.0,15.0,3.5,1.0,71.0,10.0
2887.3085457344437,110.0,0.0,13.0,10.0,15.0,3.5,1.0,71.0,10.0
2887.7085457344438,110.0,0.0,13.0,10.0,15.0,3.5,1.0,71.0,10.0
2887.709091188989,110.0,0.0,13.0,10.0,15.0,3.5,1.0,71.0,10.0
2888.109091188989,110.0,0.0,13.0,10.0,15.0,3.5,1.0,71.0,10.0
2888.1096366435345,110.0,0.0,13.0,10.0,15.0,3.5,1.0,71.0,10.0
2888.5096366435346,110.0,0.0,13.0,10.0,15.0,3.5,1.0,71.0,10.0
2888.51018209808,110.0,0.0,13.0,10.0,15.0,3.5,1.0,71.0,10.0
2888.91018209808,110.0,0.0,13.0,10.0,15.0,3.5,1.0,71.0,10.0
2888.9107275526253,110.0,0.0,13.0,10.0,15.0,3.5,1.0,71.0,10.0
2889.3107275526254,110.0,0.0,13.0,10.0,15.0,3.5,1.0,71.0,10.0
2889.3112730071707,110.0,0.0,13.0,10.0,15.0,3.5,1.0,71.0,10.0
2889.711273007171,110.0,0.0,13.0,10.0,15.0,3.5,1.0,71.0,10.0
2889.711818461716,110.0,0.0,13.0,10.0,15.0,3.5,1.0,71.0,10.0
2890.111818461716,110.0,0.0,13.0,10.0,15.0,3.5,1.0,71.0,10.0
2890.1123639162615,110.0,0.0,13.0,10.0,15.0,3.5,1.0,71.0,10.0
2890.5123639162616,110.0,0.0,13.0,10.0,15.0,3.5,1.0,71.0,10.0
2890.512909370807,100.0,0.0,13.0,10.0,15.0,3.5,1.0,71.0,10.0
2890.912909370807,100.0,0.0,13.0,10.0,15.0,3.5,1.0,71.0,10.0
2890.913509370807,100.0,0.0,13.0,10.0,15.0,3.5,1.0,71.0,10.0
2891.313509370807,100.0,0.0,13.0,10.0,15.0,3.5,1.0,71.0,10.0
2891.314109370807,100.0,0.0,13.0,10.0,15.0,3.5,1.0,71.0,10.0
2891.714109370807,100.0,0.0,13.0,10.0,15.0,3.5,1.0,71.0,10.0
2891.7147093708068,110.0,0.0,13.0,10.0,15.0,3.5,1.0,71.0,10.0
2892.114709370807,110.0,0.0,13.0,10.0,15.0,3.5,1.0,71.0,10.0
2892.115254825352,120.0,0.0,13.0,10.0,15.0,3.5,1.0,71.0,10.0
2892.5152548253523,120.0,0.0,13.0,10.0,15.0,3.5,1.0,71.0,10.0
2892.5157548253524,120.0,0.0,13.0,10.0,15.0,3.5,1.0,71.0,10.0
2892.9157548253525,120.0,0.0,13.0,10.0,15.0,3.5,1.0,71.0,10.0
2892.9162548253526,120.0,0.0,13.0,10.0,15.0,3.5,1.0,71.0,10.0
2893.3162548253526,120.0,0.0,13.0,10.0,15.0,3.5,1.0,71.0,10.0
2893.3167548253527,120.0,0.0,13.0,10.0,15.0,3.5,1.0,71.0,10.0
2893.716754825353,120.0,0.0,13.0,10.0,15.0,3.5,1.0,71.0,10.0
2893.717254825353,120.0,0.0,13.0,10.0,15.0,3.5,1.0,71.0,10.0
2894.117254825353,120.0,0.0,13.0,10.0,15.0,3.5,1.0,71.0,10.0
2894.117754825353,120.0,0.0,13.0,10.0,15.0,3.5,1.0,71.0,10.0
2894.517754825353,120.0,0.0,13.0,10.0,15.0,3.5,1.0,71.0,10.0
2894.5182548253533,120.0,0.0,13.0,10.0,15.0,3.5,1.0,71.0,10.0
2894.9182548253534,120.0,0.0,13.0,10.0,15.0,3.5,1.0,71.0,10.0
2894.9187548253535,120.0,0.0,13.0,10.0,15.0,3.5,1.0,71.0,10.0
2895.3187548253536,120.0,0.0,13.0,10.0,15.0,3.5,1.0,71.0,10.0
2895.3192548253537,130.0,0.0,13.0,10.0,15.0,3.5,1.0,71.0,10.0
2895.719254825354,130.0,0.0,13.0,10.0,15.0,3.5,1.0,71.0,10.0
2895.719716363815,130.0,0.0,13.0,10.0,15.0,3.5,1.0,71.0,10.0
2896.1197163638153,130.0,0.0,13.0,10.0,15.0,3.5,1.0,71.0,10.0
2896.1201779022767,130.0,0.0,13.0,10.0,15.0,3.5,1.0,71.0,10.0
2896.520177902277,130.0,0.0,13.0,10.0,15.0,3.5,1.0,71.0,10.0
2896.5206394407383,130.0,0.0,13.0,10.0,15.0,3.5,1.0,71.0,10.0
2896.9206394407383,130.0,0.0,13.0,10.0,15.0,3.5,1.0,71.0,10.0
2896.9211009791998,130.0,0.0,13.0,10.0,15.0,3.5,1.0,71.0,10.0
2897.3211009792,130.0,0.0,13.0,10.0,15.0,3.5,1.0,71.0,10.0
2897.3215625176613,130.0,0.0,13.0,10.0,15.0,3.5,1.0,71.0,10.0
2897.7215625176614,130.0,0.0,13.0,10.0,15.0,3.5,1.0,71.0,10.0
2897.722024056123,130.0,0.0,13.0,10.0,15.0,3.5,1.0,71.0,10.0
2898.122024056123,130.0,0.0,13.0,10.0,15.0,3.5,1.0,71.0,10.0
2898.1224855945843,130.0,0.0,13.0,10.0,15.0,3.5,1.0,71.0,10.0
2898.5224855945844,130.0,0.0,13.0,10.0,15.0,3.5,1.0,71.0,10.0
2898.522947133046,130.0,0.0,13.0,10.0,15.0,3.5,1.0,71.0,10.0
2898.922947133046,130.0,0.0,13.0,10.0,15.0,3.5,1.0,71.0,10.0
2898.9234086715073,130.0,0.0,13.0,10.0,15.0,3.5,1.0,71.0,10.0
2899.3234086715074,130.0,0.0,13.0,10.0,15.0,3.5,1.0,71.0,10.0
2899.323870209969,130.0,0.0,13.0,10.0,15.0,3.5,1.0,71.0,10.0
2899.723870209969,130.0,0.0,13.0,10.0,15.0,3.5,1.0,71.0,10.0
2899.7243317484304,130.0,0.0,13.0,10.0,15.0,3.5,1.0,71.0,10.0
2900.1243317484304,130.0,0.0,13.0,10.0,15.0,3.5,1.0,71.0,10.0
2900.124793286892,130.0,0.0,13.0,10.0,15.0,3.5,1.0,71.0,10.0
2900.524793286892,130.0,0.0,13.0,10.0,15.0,3.5,1.0,71.0,10.0
2900.5252548253534,130.0,0.0,13.0,10.0,15.0,3.5,1.0,71.0,10.0
2900.9252548253535,130.0,0.0,13.0,10.0,15.0,3.5,1.0,71.0,10.0
2900.925716363815,130.0,0.0,13.0,10.0,15.0,3.5,1.0,71.0,10.0
2901.325716363815,130.0,0.0,13.0,10.0,15.0,3.5,1.0,71.0,10.0
2901.3261779022764,130.0,0.0,13.0,10.0,15.0,3.5,1.0,71.0,10.0
2901.7261779022765,130.0,0.0,13.0,10.0,15.0,3.5,1.0,71.0,10.0
2901.726639440738,130.0,0.0,13.0,10.0,15.0,3.5,1.0,71.0,10.0
2902.126639440738,130.0,0.0,13.0,10.0,15.0,3.5,1.0,71.0,10.0
2902.1271009791994,130.0,0.0,13.0,10.0,15.0,3.5,1.0,71.0,10.0
2902.5271009791995,130.0,0.0,13.0,10.0,15.0,3.5,1.0,71.0,10.0
2902.527562517661,130.0,0.0,13.0,10.0,15.0,3.5,1.0,71.0,10.0
2902.927562517661,130.0,0.0,13.0,10.0,15.0,3.5,1.0,71.0,10.0
2902.9280240561225,120.0,0.0,13.0,10.0,15.0,3.5,1.0,71.0,10.0
2903.3280240561226,120.0,0.0,13.0,10.0,15.0,3.5,1.0,71.0,10.0
2903.3285240561227,120.0,0.0,13.0,10.0,15.0,3.5,1.0,71.0,10.0
2903.7285240561228,120.0,0.0,13.0,10.0,15.0,3.5,1.0,71.0,10.0
2903.729024056123,120.0,0.0,13.0,10.0,15.0,3.5,1.0,71.0,10.0
2904.129024056123,120.0,0.0,13.0,10.0,15.0,3.5,1.0,71.0,10.0
2904.129524056123,110.0,0.0,13.0,10.0,15.0,3.5,1.0,71.0,10.0
2904.529524056123,110.0,0.0,13.0,10.0,15.0,3.5,1.0,71.0,10.0
2904.5300695106685,110.0,0.0,13.0,10.0,15.0,3.5,1.0,71.0,10.0
2904.9300695106685,110.0,0.0,13.0,10.0,15.0,3.5,1.0,71.0,10.0
2904.930614965214,110.0,0.0,13.0,10.0,15.0,3.5,1.0,71.0,10.0
2905.330614965214,110.0,0.0,13.0,10.0,15.0,3.5,1.0,71.0,10.0
2905.3311604197593,110.0,0.0,13.0,10.0,15.0,3.5,1.0,71.0,10.0
2905.7311604197594,110.0,0.0,13.0,10.0,15.0,3.5,1.0,71.0,10.0
2905.7317058743047,110.0,0.0,13.0,10.0,15.0,3.5,1.0,71.0,10.0
2906.1317058743048,110.0,0.0,13.0,10.0,15.0,3.5,1.0,71.0,10.0
2906.13225132885,110.0,0.0,13.0,10.0,15.0,3.5,1.0,71.0,10.0
2906.53225132885,110.0,0.0,13.0,10.0,15.0,3.5,1.0,71.0,10.0
2906.5327967833955,110.0,0.0,13.0,10.0,15.0,3.5,1.0,71.0,10.0
2906.9327967833956,110.0,0.0,13.0,10.0,15.0,3.5,1.0,71.0,10.0
2906.933342237941,110.0,0.0,13.0,10.0,15.0,3.5,1.0,71.0,10.0
2907.333342237941,110.0,0.0,13.0,10.0,15.0,3.5,1.0,71.0,10.0
2907.3338876924863,110.0,0.0,13.0,10.0,15.0,3.5,1.0,71.0,10.0
2907.7338876924864,110.0,0.0,13.0,10.0,15.0,3.5,1.0,71.0,10.0
2907.7344331470317,110.0,0.0,13.0,10.0,15.0,3.5,1.0,71.0,10.0
2908.134433147032,110.0,0.0,13.0,10.0,15.0,3.5,1.0,71.0,10.0
2908.134978601577,110.0,0.0,13.0,10.0,15.0,3.5,1.0,71.0,10.0
2908.534978601577,110.0,0.0,13.0,10.0,15.0,3.5,1.0,71.0,10.0
2908.5355240561225,110.0,0.0,13.0,10.0,15.0,3.5,1.0,71.0,10.0
2908.9355240561226,110.0,0.0,13.0,10.0,15.0,3.5,1.0,71.0,10.0
2908.936069510668,110.0,0.0,13.0,10.0,15.0,3.5,1.0,71.0,10.0
2909.336069510668,110.0,0.0,13.0,10.0,15.0,3.5,1.0,71.0,10.0
2909.3366149652134,110.0,0.0,13.0,10.0,15.0,3.5,1.0,71.0,10.0
2909.7366149652134,110.0,0.0,13.0,10.0,15.0,3.5,1.0,71.0,10.0
2909.7371604197588,110.0,0.0,13.0,10.0,15.0,3.5,1.0,71.0,10.0
2910.137160419759,110.0,0.0,13.0,10.0,15.0,3.5,1.0,71.0,10.0
2910.137705874304,110.0,0.0,13.0,10.0,15.0,3.5,1.0,71.0,10.0
2910.5377058743043,110.0,0.0,13.0,10.0,15.0,3.5,1.0,71.0,10.0
2910.5382513288496,110.0,0.0,13.0,10.0,15.0,3.5,1.0,71.0,10.0
2910.9382513288497,110.0,0.0,13.0,10.0,15.0,3.5,1.0,71.0,10.0
2910.938796783395,110.0,0.0,13.0,10.0,15.0,3.5,1.0,71.0,10.0
2911.338796783395,110.0,0.0,13.0,10.0,15.0,3.5,1.0,71.0,10.0
2911.3393422379404,110.0,0.0,13.0,10.0,15.0,3.5,1.0,71.0,10.0
2911.7393422379405,110.0,0.0,13.0,10.0,15.0,3.5,1.0,71.0,10.0
2911.739887692486,110.0,0.0,13.0,10.0,15.0,3.5,1.0,71.0,10.0
2912.139887692486,110.0,0.0,13.0,10.0,15.0,3.5,1.0,71.0,10.0
2912.140433147031,120.0,0.0,13.0,10.0,15.0,3.5,1.0,71.0,10.0
2912.5404331470313,120.0,0.0,13.0,10.0,15.0,3.5,1.0,71.0,10.0
2912.5409331470314,120.0,0.0,13.0,10.0,15.0,3.5,1.0,71.0,10.0
2912.9409331470315,120.0,0.0,13.0,10.0,15.0,3.5,1.0,71.0,10.0
2912.9414331470316,120.0,0.0,13.0,10.0,15.0,3.5,1.0,71.0,10.0
2913.3414331470317,120.0,0.0,13.0,10.0,15.0,3.5,1.0,71.0,10.0
2913.341933147032,120.0,0.0,13.0,10.0,15.0,3.5,1.0,71.0,10.0
2913.741933147032,120.0,0.0,13.0,10.0,15.0,3.5,1.0,71.0,10.0
2913.742433147032,120.0,0.0,13.0,10.0,15.0,3.5,1.0,71.0,10.0
2914.142433147032,120.0,0.0,13.0,10.0,15.0,3.5,1.0,71.0,10.0
2914.142933147032,120.0,0.0,13.0,10.0,15.0,3.5,1.0,71.0,10.0
2914.5429331470323,120.0,0.0,13.0,10.0,15.0,3.5,1.0,71.0,10.0
2914.5434331470324,120.0,0.0,13.0,10.0,15.0,3.5,1.0,71.0,10.0
2914.9434331470325,120.0,0.0,13.0,10.0,15.0,3.5,1.0,71.0,10.0
2914.9439331470326,120.0,0.0,13.0,10.0,15.0,3.5,1.0,71.0,10.0
2915.3439331470327,120.0,0.0,13.0,10.0,15.0,3.5,1.0,71.0,10.0
2915.3444331470328,120.0,0.0,13.0,10.0,15.0,3.5,1.0,71.0,10.0
2915.744433147033,120.0,0.0,13.0,10.0,15.0,3.5,1.0,71.0,10.0
2915.744933147033,120.0,0.0,13.0,10.0,15.0,3.5,1.0,71.0,10.0
2916.144933147033,120.0,0.0,13.0,10.0,15.0,3.5,1.0,71.0,10.0
2916.145433147033,120.0,0.0,13.0,10.0,15.0,3.5,1.0,71.0,10.0
2916.5454331470332,120.0,0.0,13.0,10.0,15.0,3.5,1.0,71.0,10.0
2916.5459331470333,110.0,0.0,13.0,10.0,15.0,3.5,1.0,71.0,10.0
2916.9459331470334,110.0,0.0,13.0,10.0,15.0,3.5,1.0,71.0,10.0
2916.9464786015787,110.0,0.0,13.0,10.0,15.0,3.5,1.0,71.0,10.0
2917.346478601579,110.0,0.0,13.0,10.0,15.0,3.5,1.0,71.0,10.0
2917.347024056124,110.0,0.0,13.0,10.0,15.0,3.5,1.0,71.0,10.0
2917.7470240561242,110.0,0.0,13.0,10.0,15.0,3.5,1.0,71.0,10.0
2917.7475695106696,110.0,0.0,13.0,10.0,15.0,3.5,1.0,71.0,10.0
2918.1475695106697,110.0,0.0,13.0,10.0,15.0,3.5,1.0,71.0,10.0
2918.148114965215,110.0,0.0,13.0,10.0,15.0,3.5,1.0,71.0,10.0
2918.548114965215,110.0,0.0,13.0,10.0,15.0,3.5,1.0,71.0,10.0
2918.5486604197604,110.0,0.0,13.0,10.0,15.0,3.5,1.0,71.0,10.0
2918.9486604197605,110.0,0.0,13.0,10.0,15.0,3.5,1.0,71.0,10.0
2918.949205874306,110.0,0.0,13.0,10.0,15.0,3.5,1.0,71.0,10.0
2919.349205874306,110.0,0.0,13.0,10.0,15.0,3.5,1.0,71.0,10.0
2919.349751328851,110.0,0.0,13.0,10.0,15.0,3.5,1.0,71.0,10.0
2919.7497513288513,110.0,0.0,13.0,10.0,15.0,3.5,1.0,71.0,10.0
2919.7502967833966,110.0,0.0,13.0,10.0,15.0,3.5,1.0,71.0,10.0
2920.1502967833967,110.0,0.0,13.0,10.0,15.0,3.5,1.0,71.0,10.0
2920.150842237942,90.0,0.0,13.0,10.0,15.0,3.5,1.0,71.0,10.0
2920.550842237942,90.0,0.0,13.0,10.0,15.0,3.5,1.0,71.0,10.0
2920.551442237942,90.0,0.0,13.0,10.0,15.0,3.5,1.0,71.0,10.0
2920.951442237942,90.0,0.0,13.0,10.0,15.0,3.5,1.0,71.0,10.0
2920.952042237942,90.0,0.0,13.0,10.0,15.0,3.5,1.0,71.0,10.0
2921.352042237942,90.0,0.0,13.0,10.0,15.0,3.5,1.0,71.0,10.0
2921.352642237942,90.0,0.0,13.0,10.0,15.0,3.5,1.0,71.0,10.0
2921.752642237942,90.0,0.0,13.0,10.0,15.0,3.5,1.0,71.0,10.0
2921.753242237942,90.0,0.0,13.0,10.0,15.0,3.5,1.0,71.0,10.0
2922.153242237942,90.0,0.0,13.0,10.0,15.0,3.5,1.0,71.0,10.0
2922.1538422379417,90.0,0.0,13.0,10.0,15.0,3.5,1.0,71.0,10.0
2922.553842237942,90.0,0.0,13.0,10.0,15.0,3.5,1.0,71.0,10.0
2922.5544422379417,90.0,0.0,13.0,10.0,15.0,3.5,1.0,71.0,10.0
2922.9544422379417,90.0,0.0,13.0,10.0,15.0,3.5,1.0,71.0,10.0
2922.9550422379416,90.0,0.0,13.0,10.0,15.0,3.5,1.0,71.0,10.0
2923.3550422379417,90.0,0.0,13.0,10.0,15.0,3.5,1.0,71.0,10.0
2923.3556422379415,90.0,0.0,13.0,10.0,15.0,3.5,1.0,71.0,10.0
2923.7556422379416,90.0,0.0,13.0,10.0,15.0,3.5,1.0,71.0,10.0
2923.7562422379415,90.0,0.0,13.0,10.0,15.0,3.5,1.0,71.0,10.0
2924.1562422379416,90.0,0.0,13.0,10.0,15.0,3.5,1.0,71.0,10.0
2924.1568422379414,90.0,0.0,13.0,10.0,15.0,3.5,1.0,71.0,10.0
2924.5568422379415,90.0,0.0,13.0,10.0,15.0,3.5,1.0,71.0,10.0
2924.5574422379414,100.0,0.0,13.0,10.0,15.0,3.5,1.0,71.0,10.0
2924.9574422379415,100.0,0.0,13.0,10.0,15.0,3.5,1.0,71.0,10.0
2924.9580422379413,100.0,0.0,13.0,10.0,15.0,3.5,1.0,71.0,10.0
2925.3580422379414,100.0,0.0,13.0,10.0,15.0,3.5,1.0,71.0,10.0
2925.3586422379412,100.0,0.0,13.0,10.0,15.0,3.5,1.0,71.0,10.0
2925.7586422379413,100.0,0.0,13.0,10.0,15.0,3.5,1.0,71.0,10.0
2925.759242237941,110.0,0.0,13.0,10.0,15.0,3.5,1.0,71.0,10.0
2926.1592422379413,110.0,0.0,13.0,10.0,15.0,3.5,1.0,71.0,10.0
2926.1597876924866,110.0,0.0,13.0,10.0,15.0,3.5,1.0,71.0,10.0
2926.5597876924867,110.0,0.0,13.0,10.0,15.0,3.5,1.0,71.0,10.0
2926.560333147032,110.0,0.0,13.0,10.0,15.0,3.5,1.0,71.0,10.0
2926.960333147032,110.0,0.0,13.0,10.0,15.0,3.5,1.0,71.0,10.0
2926.9608786015774,110.0,0.0,13.0,10.0,15.0,3.5,1.0,71.0,10.0
2927.3608786015775,110.0,0.0,13.0,10.0,15.0,3.5,1.0,71.0,10.0
2927.361424056123,110.0,0.0,13.0,10.0,15.0,3.5,1.0,71.0,10.0
2927.761424056123,110.0,0.0,13.0,10.0,15.0,3.5,1.0,71.0,10.0
2927.761969510668,110.0,0.0,13.0,10.0,15.0,3.5,1.0,71.0,10.0
2928.1619695106683,110.0,0.0,13.0,10.0,15.0,3.5,1.0,71.0,10.0
2928.1625149652136,110.0,0.0,13.0,10.0,15.0,3.5,1.0,71.0,10.0
2928.5625149652137,110.0,0.0,13.0,10.0,15.0,3.5,1.0,71.0,10.0
2928.563060419759,110.0,0.0,13.0,10.0,15.0,3.5,1.0,71.0,10.0
2928.963060419759,110.0,0.0,13.0,10.0,15.0,3.5,1.0,71.0,10.0
2928.9636058743044,110.0,0.0,13.0,10.0,15.0,3.5,1.0,71.0,10.0
2929.3636058743045,110.0,0.0,13.0,10.0,15.0,3.5,1.0,71.0,10.0
2929.36415132885,110.0,0.0,13.0,10.0,15.0,3.5,1.0,71.0,10.0
2929.76415132885,110.0,0.0,13.0,10.0,15.0,3.5,1.0,71.0,10.0
2929.7646967833953,110.0,0.0,13.0,10.0,15.0,3.5,1.0,71.0,10.0
2930.1646967833954,110.0,0.0,13.0,10.0,15.0,3.5,1.0,71.0,10.0
2930.1652422379407,110.0,0.0,13.0,10.0,15.0,3.5,1.0,71.0,10.0
2930.5652422379408,110.0,0.0,13.0,10.0,15.0,3.5,1.0,71.0,10.0
2930.565787692486,110.0,0.0,13.0,10.0,15.0,3.5,1.0,71.0,10.0
2930.965787692486,110.0,0.0,13.0,10.0,15.0,3.5,1.0,71.0,10.0
2930.9663331470315,110.0,0.0,13.0,10.0,15.0,3.5,1.0,71.0,10.0
2931.3663331470316,110.0,0.0,13.0,10.0,15.0,3.5,1.0,71.0,10.0
2931.366878601577,100.0,0.0,13.0,10.0,15.0,3.5,1.0,71.0,10.0
2931.766878601577,100.0,0.0,13.0,10.0,15.0,3.5,1.0,71.0,10.0
2931.767478601577,100.0,0.0,13.0,10.0,15.0,3.5,1.0,71.0,10.0
2932.167478601577,100.0,0.0,13.0,10.0,15.0,3.5,1.0,71.0,10.0
2932.168078601577,100.0,0.0,13.0,10.0,15.0,3.5,1.0,71.0,10.0
2932.568078601577,100.0,0.0,13.0,10.0,15.0,3.5,1.0,71.0,10.0
2932.5686786015767,100.0,0.0,13.0,10.0,15.0,3.5,1.0,71.0,10.0
2932.968678601577,100.0,0.0,13.0,10.0,15.0,3.5,1.0,71.0,10.0
2932.9692786015767,100.0,0.0,13.0,10.0,15.0,3.5,1.0,71.0,10.0
2933.3692786015768,100.0,0.0,13.0,10.0,15.0,3.5,1.0,71.0,10.0
2933.3698786015766,100.0,0.0,13.0,11.0,15.0,3.5,1.0,71.0,10.0
2933.7698786015767,100.0,0.0,13.0,11.0,15.0,3.5,1.0,71.0,10.0
2933.770424056122,100.0,0.0,13.0,11.0,15.0,3.5,1.0,71.0,10.0
2934.170424056122,100.0,0.0,13.0,11.0,15.0,3.5,1.0,71.0,10.0
2934.1709695106674,100.0,0.0,13.0,11.0,15.0,3.5,1.0,71.0,10.0
2934.5709695106675,100.0,0.0,13.0,11.0,15.0,3.5,1.0,71.0,10.0
2934.571514965213,100.0,0.0,13.0,11.0,15.0,3.5,1.0,71.0,10.0
2934.971514965213,100.0,0.0,13.0,11.0,15.0,3.5,1.0,71.0,10.0
2934.9720604197582,100.0,0.0,13.0,11.0,15.0,3.5,1.0,71.0,10.0
2935.3720604197583,100.0,0.0,13.0,11.0,15.0,3.5,1.0,71.0,10.0
2935.3726058743036,100.0,0.0,13.0,11.0,15.0,3.5,1.0,71.0,10.0
2935.7726058743037,100.0,0.0,13.0,11.0,15.0,3.5,1.0,71.0,10.0
2935.773151328849,100.0,0.0,13.0,11.0,15.0,3.5,1.0,71.0,10.0
2936.173151328849,100.0,0.0,13.0,11.0,15.0,3.5,1.0,71.0,10.0
2936.1736967833945,100.0,0.0,13.0,11.0,15.0,3.5,1.0,71.0,10.0
2936.5736967833946,100.0,0.0,13.0,11.0,15.0,3.5,1.0,71.0,10.0
2936.57424223794,100.0,0.0,13.0,11.0,15.0,3.5,1.0,71.0,10.0
2936.97424223794,100.0,0.0,13.0,11.0,15.0,3.5,1.0,71.0,10.0
2936.9747876924853,100.0,0.0,13.0,11.0,15.0,3.5,1.0,71.0,10.0
2937.3747876924854,100.0,0.0,13.0,11.0,15.0,3.5,1.0,71.0,10.0
2937.3753331470307,100.0,0.0,13.0,11.0,15.0,3.5,1.0,71.0,10.0
2937.775333147031,100.0,0.0,13.0,11.0,15.0,3.5,1.0,71.0,10.0
2937.775878601576,100.0,0.0,13.0,11.0,15.0,3.5,1.0,71.0,10.0
2938.175878601576,100.0,0.0,13.0,11.0,15.0,3.5,1.0,71.0,10.0
2938.1764240561215,100.0,0.0,13.0,11.0,15.0,3.5,1.0,71.0,10.0
2938.5764240561216,100.0,0.0,13.0,11.0,15.0,3.5,1.0,71.0,10.0
2938.576969510667,100.0,0.0,13.0,11.0,15.0,3.5,1.0,71.0,10.0
2938.976969510667,100.0,0.0,13.0,11.0,15.0,3.5,1.0,71.0,10.0
2938.9775149652123,100.0,0.0,13.0,11.0,15.0,3.5,1.0,71.0,10.0
2939.3775149652124,100.0,0.0,13.0,11.0,15.0,3.5,1.0,71.0,10.0
2939.3780604197577,100.0,0.0,13.0,11.0,15.0,3.5,1.0,71.0,10.0
2939.778060419758,100.0,0.0,13.0,11.0,15.0,3.5,1.0,71.0,10.0
2939.778605874303,100.0,0.0,13.0,11.0,15.0,3.5,1.0,71.0,10.0
2940.1786058743032,100.0,0.0,13.0,11.0,15.0,3.5,1.0,71.0,10.0
2940.1791513288485,100.0,0.0,13.0,11.0,15.0,3.5,1.0,71.0,10.0
2940.5791513288486,100.0,0.0,13.0,11.0,15.0,3.5,1.0,71.0,10.0
2940.579696783394,100.0,0.0,13.0,11.0,15.0,3.5,1.0,71.0,10.0
2940.979696783394,100.0,0.0,13.0,11.0,15.0,3.5,1.0,71.0,10.0
2940.9802422379394,100.0,0.0,13.0,11.0,15.0,3.5,1.0,71.0,10.0
2941.3802422379395,100.0,0.0,13.0,11.0,15.0,3.5,1.0,71.0,10.0
2941.380787692485,100.0,0.0,13.0,11.0,15.0,3.5,1.0,71.0,10.0
2941.780787692485,100.0,0.0,13.0,11.0,15.0,3.5,1.0,71.0,10.0
2941.78133314703,100.0,0.0,13.0,11.0,15.0,3.5,1.0,71.0,10.0
2942.1813331470303,100.0,0.0,13.0,11.0,15.0,3.5,1.0,71.0,10.0
2942.1818786015756,100.0,0.0,13.0,11.0,15.0,3.5,1.0,71.0,10.0
2942.5818786015757,100.0,0.0,13.0,11.0,15.0,3.5,1.0,71.0,10.0
2942.582424056121,100.0,0.0,13.0,11.0,15.0,3.5,1.0,71.0,10.0
2942.982424056121,100.0,0.0,13.0,11.0,15.0,3.5,1.0,71.0,10.0
2942.9829695106664,100.0,0.0,13.0,11.0,15.0,3.5,1.0,71.0,10.0
2943.3829695106665,100.0,0.0,13.0,11.0,15.0,3.5,1.0,71.0,10.0
2943.383514965212,100.0,0.0,13.0,11.0,15.0,3.5,1.0,71.0,10.0
2943.783514965212,100.0,0.0,13.0,11.0,15.0,3.5,1.0,71.0,10.0
2943.784060419757,100.0,0.0,13.0,11.0,15.0,3.5,1.0,71.0,10.0
2944.1840604197573,100.0,0.0,13.0,11.0,15.0,3.5,1.0,71.0,10.0
2944.1846058743026,100.0,0.0,13.0,11.0,15.0,3.5,1.0,71.0,10.0
2944.5846058743027,100.0,0.0,13.0,11.0,15.0,3.5,1.0,71.0,10.0
2944.585151328848,100.0,0.0,13.0,11.0,15.0,3.5,1.0,71.0,10.0
2944.985151328848,100.0,0.0,13.0,11.0,15.0,3.5,1.0,71.0,10.0
2944.9856967833935,100.0,0.0,13.0,11.0,15.0,3.5,1.0,71.0,10.0
2945.3856967833935,100.0,0.0,13.0,11.0,15.0,3.5,1.0,71.0,10.0
2945.386242237939,100.0,0.0,13.0,11.0,15.0,3.5,1.0,71.0,10.0
2945.786242237939,100.0,0.0,13.0,11.0,15.0,3.5,1.0,71.0,10.0
2945.7867876924843,100.0,0.0,13.0,11.0,15.0,3.5,1.0,71.0,10.0
2946.1867876924844,100.0,0.0,13.0,11.0,15.0,3.5,1.0,71.0,10.0
2946.1873331470297,100.0,0.0,13.0,11.0,15.0,3.5,1.0,71.0,10.0
2946.5873331470298,100.0,0.0,13.0,11.0,15.0,3.5,1.0,71.0,10.0
2946.587878601575,100.0,0.0,13.0,11.0,15.0,3.5,1.0,71.0,10.0
2946.987878601575,100.0,0.0,13.0,11.0,15.0,3.5,1.0,71.0,10.0
2946.9884240561205,100.0,0.0,13.0,11.0,15.0,3.5,1.0,71.0,10.0
2947.3884240561206,100.0,0.0,13.0,11.0,15.0,3.5,1.0,71.0,10.0
2947.388969510666,100.0,0.0,13.0,11.0,15.0,3.5,1.0,71.0,10.0
2947.788969510666,100.0,0.0,13.0,11.0,15.0,3.5,1.0,71.0,10.0
2947.7895149652113,100.0,0.0,13.0,11.0,15.0,3.5,1.0,71.0,10.0
2948.1895149652114,100.0,0.0,13.0,11.0,15.0,3.5,1.0,71.0,10.0
2948.1900604197567,100.0,0.0,13.0,11.0,15.0,3.5,1.0,71.0,10.0
2948.590060419757,100.0,0.0,13.0,11.0,15.0,3.5,1.0,71.0,10.0
2948.590605874302,100.0,0.0,13.0,11.0,15.0,3.5,1.0,71.0,10.0
2948.990605874302,100.0,0.0,13.0,11.0,15.0,3.5,1.0,71.0,10.0
2948.9911513288475,100.0,0.0,13.0,11.0,15.0,3.5,1.0,71.0,10.0
2949.3911513288476,100.0,0.0,13.0,11.0,15.0,3.5,1.0,71.0,10.0
2949.391696783393,100.0,0.0,13.0,11.0,15.0,3.5,1.0,71.0,10.0
2949.791696783393,100.0,0.0,13.0,11.0,15.0,3.5,1.0,71.0,10.0
2949.7922422379384,100.0,0.0,13.0,11.0,15.0,3.5,1.0,71.0,10.0
2950.1922422379384,100.0,0.0,13.0,11.0,15.0,3.5,1.0,71.0,10.0
2950.1927876924838,100.0,0.0,13.0,11.0,15.0,3.5,1.0,71.0,10.0
2950.592787692484,100.0,0.0,13.0,11.0,15.0,3.5,1.0,71.0,10.0
2950.593333147029,100.0,0.0,13.0,11.0,15.0,3.5,1.0,71.0,10.0
2950.9933331470293,100.0,0.0,13.0,11.0,15.0,3.5,1.0,71.0,10.0
2950.9938786015746,100.0,0.0,13.0,11.0,15.0,3.5,1.0,71.0,10.0
2951.3938786015747,100.0,0.0,13.0,11.0,15.0,3.5,1.0,71.0,10.0
2951.39442405612,100.0,0.0,13.0,11.0,15.0,3.5,1.0,71.0,10.0
2951.79442405612,100.0,0.0,13.0,11.0,15.0,3.5,1.0,71.0,10.0
2951.7949695106654,100.0,0.0,13.0,11.0,15.0,3.5,1.0,71.0,10.0
2952.1949695106655,100.0,0.0,13.0,11.0,15.0,3.5,1.0,71.0,10.0
2952.195514965211,100.0,0.0,13.0,11.0,15.0,3.5,1.0,71.0,10.0
2952.595514965211,100.0,0.0,13.0,11.0,15.0,3.5,1.0,71.0,10.0
2952.596060419756,100.0,0.0,13.0,11.0,15.0,3.5,1.0,71.0,10.0
2952.9960604197563,100.0,0.0,13.0,11.0,15.0,3.5,1.0,71.0,10.0
2952.9966058743016,100.0,0.0,13.0,11.0,15.0,3.5,1.0,71.0,10.0
2953.3966058743017,100.0,0.0,13.0,11.0,15.0,3.5,1.0,71.0,10.0
2953.397151328847,100.0,0.0,13.0,11.0,15.0,3.5,1.0,71.0,10.0
2953.797151328847,100.0,0.0,13.0,11.0,15.0,3.5,1.0,71.0,10.0
2953.7976967833924,100.0,0.0,13.0,11.0,15.0,3.5,1.0,71.0,10.0
2954.1976967833925,100.0,0.0,13.0,11.0,15.0,3.5,1.0,71.0,10.0
2954.198242237938,100.0,0.0,13.0,11.0,15.0,3.5,1.0,71.0,10.0
2954.598242237938,100.0,0.0,13.0,11.0,15.0,3.5,1.0,71.0,10.0
2954.5987876924833,100.0,0.0,13.0,11.0,15.0,3.5,1.0,71.0,10.0
2954.9987876924833,100.0,0.0,13.0,11.0,15.0,3.5,1.0,71.0,10.0
2954.9993331470287,100.0,0.0,13.0,11.0,15.0,3.5,1.0,71.0,10.0
2955.3993331470288,100.0,0.0,13.0,11.0,15.0,3.5,1.0,71.0,10.0
2955.399878601574,100.0,0.0,13.0,11.0,15.0,3.5,1.0,71.0,10.0
2955.799878601574,100.0,0.0,13.0,11.0,15.0,3.5,1.0,71.0,10.0
2955.8004240561195,110.0,0.0,13.0,11.0,15.0,3.5,1.0,71.0,10.0
2956.2004240561196,110.0,0.0,13.0,11.0,15.0,3.5,1.0,71.0,10.0
2956.200969510665,110.0,0.0,13.0,11.0,15.0,3.5,1.0,71.0,10.0
2956.600969510665,110.0,0.0,13.0,11.0,15.0,3.5,1.0,71.0,10.0
2956.6015149652103,110.0,0.0,13.0,11.0,15.0,3.5,1.0,71.0,10.0
2957.0015149652104,110.0,0.0,13.0,11.0,15.0,3.5,1.0,71.0,10.0
2957.0020604197557,110.0,0.0,13.0,11.0,15.0,3.5,1.0,71.0,10.0
2957.402060419756,110.0,0.0,13.0,11.0,15.0,3.5,1.0,71.0,10.0
2957.402605874301,110.0,0.0,13.0,11.0,15.0,3.5,1.0,71.0,10.0
2957.802605874301,110.0,0.0,13.0,11.0,15.0,3.5,1.0,71.0,10.0
2957.8031513288465,110.0,0.0,13.0,11.0,15.0,3.5,1.0,71.0,10.0
2958.2031513288466,110.0,0.0,13.0,11.0,15.0,3.5,1.0,71.0,10.0
2958.203696783392,110.0,0.0,13.0,11.0,15.0,3.5,1.0,71.0,10.0
2958.603696783392,110.0,0.0,13.0,11.0,15.0,3.5,1.0,71.0,10.0
2958.6042422379373,110.0,0.0,13.0,11.0,15.0,3.5,1.0,71.0,10.0
2959.0042422379374,110.0,0.0,13.0,11.0,15.0,3.5,1.0,71.0,10.0
2959.0047876924828,110.0,0.0,13.0,11.0,15.0,3.5,1.0,71.0,10.0
2959.404787692483,110.0,0.0,13.0,11.0,15.0,3.5,1.0,71.0,10.0
2959.405333147028,110.0,0.0,13.0,11.0,15.0,3.5,1.0,71.0,10.0
2959.8053331470283,110.0,0.0,13.0,11.0,15.0,3.5,1.0,71.0,10.0
2959.8058786015736,110.0,0.0,13.0,11.0,15.0,3.5,1.0,71.0,10.0
2960.2058786015737,110.0,0.0,13.0,11.0,15.0,3.5,1.0,71.0,10.0
2960.206424056119,110.0,0.0,13.0,11.0,15.0,3.5,1.0,71.0,10.0
2960.606424056119,110.0,0.0,13.0,11.0,15.0,3.5,1.0,71.0,10.0
2960.6069695106644,110.0,0.0,13.0,11.0,15.0,3.5,1.0,71.0,10.0
2961.0069695106645,110.0,0.0,13.0,11.0,15.0,3.5,1.0,71.0,10.0
2961.00751496521,110.0,0.0,13.0,11.0,15.0,3.5,1.0,71.0,10.0
2961.40751496521,110.0,0.0,13.0,11.0,15.0,3.5,1.0,71.0,10.0
2961.408060419755,110.0,0.0,13.0,12.0,15.0,3.5,1.0,71.0,10.0
2961.8080604197553,110.0,0.0,13.0,12.0,15.0,3.5,1.0,71.0,10.0
2961.8085604197554,110.0,0.0,13.0,12.0,15.0,3.5,1.0,71.0,10.0
2962.2085604197555,110.0,0.0,13.0,12.0,15.0,3.5,1.0,71.0,10.0
2962.2090604197556,110.0,0.0,13.0,12.0,15.0,3.5,1.0,71.0,10.0
2962.6090604197557,110.0,0.0,13.0,12.0,15.0,3.5,1.0,71.0,10.0
2962.609560419756,110.0,0.0,13.0,12.0,15.0,3.5,1.0,71.0,10.0
2963.009560419756,110.0,0.0,13.0,12.0,15.0,3.5,1.0,71.0,10.0
2963.010060419756,110.0,0.0,13.0,12.0,15.0,3.5,1.0,71.0,10.0
2963.410060419756,110.0,0.0,13.0,12.0,15.0,3.5,1.0,71.0,10.0
2963.410560419756,110.0,0.0,13.0,12.0,15.0,3.5,1.0,71.0,10.0
2963.8105604197563,110.0,0.0,13.0,12.0,15.0,3.5,1.0,71.0,10.0
2963.8110604197564,110.0,0.0,13.0,12.0,15.0,3.5,1.0,71.0,10.0
2964.2110604197564,110.0,0.0,13.0,12.0,15.0,3.5,1.0,71.0,10.0
2964.2115604197566,110.0,0.0,13.0,12.0,15.0,3.5,1.0,71.0,10.0
2964.6115604197566,110.0,0.0,13.0,12.0,15.0,3.5,1.0,71.0,10.0
2964.6120604197567,110.0,0.0,13.0,12.0,15.0,3.5,1.0,71.0,10.0
2965.012060419757,110.0,0.0,13.0,12.0,15.0,3.5,1.0,71.0,10.0
2965.012560419757,110.0,0.0,13.0,12.0,15.0,3.5,1.0,71.0,10.0
2965.412560419757,110.0,0.0,13.0,12.0,15.0,3.5,1.0,71.0,10.0
2965.413060419757,110.0,0.0,13.0,12.0,15.0,3.5,1.0,71.0,10.0
2965.813060419757,110.0,0.0,13.0,12.0,15.0,3.5,1.0,71.0,10.0
2965.8135604197573,110.0,0.0,13.0,12.0,15.0,3.5,1.0,71.0,10.0
2966.2135604197574,110.0,0.0,13.0,12.0,15.0,3.5,1.0,71.0,10.0
2966.2140604197575,110.0,0.0,13.0,12.0,15.0,3.5,1.0,71.0,10.0
2966.6140604197576,110.0,0.0,13.0,12.0,15.0,3.5,1.0,71.0,10.0
2966.6145604197577,110.0,0.0,13.0,12.0,15.0,3.5,1.0,71.0,10.0
2967.014560419758,110.0,0.0,13.0,12.0,15.0,3.5,1.0,71.0,10.0
2967.015060419758,120.0,0.0,13.0,12.0,15.0,3.5,1.0,71.0,10.0
2967.415060419758,120.0,0.0,13.0,12.0,15.0,3.5,1.0,71.0,10.0
2967.415560419758,120.0,0.0,13.0,12.0,15.0,3.5,1.0,71.0,10.0
2967.815560419758,120.0,0.0,13.0,12.0,15.0,3.5,1.0,71.0,10.0
2967.8160604197583,120.0,0.0,13.0,12.0,15.0,3.5,1.0,71.0,10.0
2968.2160604197584,120.0,0.0,13.0,12.0,15.0,3.5,1.0,71.0,10.0
2968.2165604197585,110.0,0.0,13.0,12.0,15.0,3.5,1.0,71.0,10.0
2968.6165604197586,110.0,0.0,13.0,12.0,15.0,3.5,1.0,71.0,10.0
2968.6170604197587,110.0,0.0,13.0,12.0,15.0,3.5,1.0,71.0,10.0
2969.0170604197588,110.0,0.0,13.0,12.0,15.0,3.5,1.0,71.0,10.0
2969.017560419759,110.0,0.0,13.0,12.0,15.0,3.5,1.0,71.0,10.0
2969.417560419759,110.0,0.0,13.0,12.0,15.0,3.5,1.0,71.0,10.0
2969.418060419759,110.0,0.0,13.0,12.0,15.0,3.5,1.0,71.0,10.0
2969.818060419759,110.0,0.0,13.0,12.0,15.0,3.5,1.0,71.0,10.0
2969.8185604197593,110.0,0.0,13.0,12.0,15.0,3.5,1.0,71.0,10.0
2970.2185604197593,110.0,0.0,13.0,12.0,15.0,3.5,1.0,71.0,10.0
2970.2190604197594,110.0,0.0,13.0,12.0,15.0,3.5,1.0,71.0,10.0
2970.6190604197595,110.0,0.0,13.0,12.0,15.0,3.5,1.0,71.0,10.0
2970.6195604197596,110.0,0.0,13.0,12.0,15.0,3.5,1.0,71.0,10.0
2971.0195604197597,110.0,0.0,13.0,12.0,15.0,3.5,1.0,71.0,10.0
2971.02006041976,110.0,0.0,13.0,12.0,15.0,3.5,1.0,71.0,10.0
2971.42006041976,110.0,0.0,13.0,12.0,15.0,3.5,1.0,71.0,10.0
2971.42056041976,110.0,0.0,13.0,12.0,15.0,3.5,1.0,71.0,10.0
2971.82056041976,110.0,0.0,13.0,12.0,15.0,3.5,1.0,71.0,10.0
2971.82106041976,110.0,0.0,13.0,12.0,15.0,3.5,1.0,71.0,10.0
2972.2210604197603,110.0,0.0,13.0,12.0,15.0,3.5,1.0,71.0,10.0
2972.2215604197604,110.0,0.0,13.0,12.0,15.0,3.5,1.0,71.0,10.0
2972.6215604197605,110.0,0.0,13.0,12.0,15.0,3.5,1.0,71.0,10.0
2972.6220604197606,110.0,0.0,13.0,12.0,15.0,3.5,1.0,71.0,10.0
2973.0220604197607,110.0,0.0,13.0,12.0,15.0,3.5,1.0,71.0,10.0
2973.022560419761,110.0,0.0,13.0,12.0,15.0,3.5,1.0,71.0,10.0
2973.422560419761,110.0,0.0,13.0,12.0,15.0,3.5,1.0,71.0,10.0
2973.423060419761,110.0,0.0,13.0,12.0,15.0,3.5,1.0,71.0,10.0
2973.823060419761,110.0,0.0,13.0,12.0,15.0,3.5,1.0,71.0,10.0
2973.823560419761,110.0,0.0,13.0,12.0,15.0,3.5,1.0,71.0,10.0
2974.2235604197613,110.0,0.0,13.0,12.0,15.0,3.5,1.0,71.0,10.0
2974.2240604197614,110.0,0.0,13.0,12.0,15.0,3.5,1.0,71.0,10.0
2974.6240604197615,110.0,0.0,13.0,12.0,15.0,3.5,1.0,71.0,10.0
2974.6245604197616,110.0,0.0,13.0,12.0,15.0,3.5,1.0,71.0,10.0
2975.0245604197617,110.0,0.0,13.0,12.0,15.0,3.5,1.0,71.0,10.0
2975.0250604197618,110.0,0.0,13.0,12.0,15.0,3.5,1.0,71.0,10.0
2975.425060419762,110.0,0.0,13.0,12.0,15.0,3.5,1.0,71.0,10.0
2975.425560419762,110.0,0.0,13.0,12.0,15.0,3.5,1.0,71.0,10.0
2975.825560419762,110.0,0.0,13.0,12.0,15.0,3.5,1.0,71.0,10.0
2975.826060419762,110.0,0.0,13.0,12.0,15.0,3.5,1.0,71.0,10.0
2976.2260604197622,110.0,0.0,13.0,12.0,15.0,3.5,1.0,71.0,10.0
2976.2265604197623,110.0,0.0,13.0,12.0,15.0,3.5,1.0,71.0,10.0
2976.6265604197624,110.0,0.0,13.0,12.0,15.0,3.5,1.0,71.0,10.0
2976.6270604197625,110.0,0.0,13.0,12.0,15.0,3.5,1.0,71.0,10.0
2977.0270604197626,110.0,0.0,13.0,12.0,15.0,3.5,1.0,71.0,10.0
2977.0275604197627,110.0,0.0,13.0,12.0,15.0,3.5,1.0,71.0,10.0
2977.427560419763,110.0,0.0,13.0,12.0,15.0,3.5,1.0,71.0,10.0
2977.428060419763,110.0,0.0,13.0,12.0,15.0,3.5,1.0,71.0,10.0
2977.828060419763,110.0,0.0,13.0,12.0,15.0,3.5,1.0,71.0,10.0
2977.828560419763,110.0,0.0,13.0,12.0,15.0,3.5,1.0,71.0,10.0
2978.228560419763,110.0,0.0,13.0,12.0,15.0,3.5,1.0,71.0,10.0
2978.2290604197633,110.0,0.0,13.0,12.0,15.0,3.5,1.0,71.0,10.0
2978.6290604197634,110.0,0.0,13.0,12.0,15.0,3.5,1.0,71.0,10.0
2978.6295604197635,110.0,0.0,13.0,12.0,15.0,3.5,1.0,71.0,10.0
2979.0295604197636,110.0,0.0,13.0,12.0,15.0,3.5,1.0,71.0,10.0
2979.0300604197637,110.0,0.0,13.0,12.0,15.0,3.5,1.0,71.0,10.0
2979.430060419764,110.0,0.0,13.0,12.0,15.0,3.5,1.0,71.0,10.0
2979.430560419764,110.0,0.0,13.0,12.0,15.0,3.5,1.0,71.0,10.0
2979.830560419764,110.0,0.0,13.0,12.0,15.0,3.5,1.0,71.0,10.0
2979.831060419764,110.0,0.0,13.0,12.0,15.0,3.5,1.0,71.0,10.0
2980.231060419764,110.0,0.0,13.0,12.0,15.0,3.5,1.0,71.0,10.0
2980.2315604197643,110.0,0.0,13.0,12.0,15.0,3.5,1.0,71.0,10.0
2980.6315604197644,110.0,0.0,13.0,12.0,15.0,3.5,1.0,71.0,10.0
2980.6320604197645,110.0,0.0,13.0,12.0,15.0,3.5,1.0,71.0,10.0
2981.0320604197645,110.0,0.0,13.0,12.0,15.0,3.5,1.0,71.0,10.0
2981.0325604197646,110.0,0.0,13.0,12.0,15.0,3.5,1.0,71.0,10.0
2981.4325604197647,110.0,0.0,13.0,12.0,15.0,3.5,1.0,71.0,10.0
2981.433060419765,110.0,0.0,13.0,12.0,15.0,3.5,1.0,71.0,10.0
2981.833060419765,110.0,0.0,13.0,12.0,15.0,3.5,1.0,71.0,10.0
2981.833560419765,120.0,0.0,13.0,12.0,15.0,3.5,1.0,71.0,10.0
2982.233560419765,120.0,0.0,13.0,12.0,15.0,3.5,1.0,71.0,10.0
2982.2340604197652,100.0,0.0,13.0,12.0,15.0,3.5,1.0,71.0,10.0
2982.6340604197653,100.0,0.0,13.0,12.0,15.0,3.5,1.0,71.0,10.0
2982.6345604197654,100.0,0.0,13.0,12.0,15.0,3.5,1.0,71.0,10.0
2983.0345604197655,100.0,0.0,13.0,12.0,15.0,3.5,1.0,71.0,10.0
2983.0350604197656,100.0,0.0,13.0,12.0,15.0,3.5,1.0,71.0,10.0
2983.4350604197657,100.0,0.0,13.0,12.0,15.0,3.5,1.0,71.0,10.0
2983.435560419766,100.0,0.0,13.0,12.0,15.0,3.5,1.0,71.0,10.0
2983.835560419766,100.0,0.0,13.0,12.0,15.0,3.5,1.0,71.0,10.0
2983.836060419766,100.0,0.0,13.0,12.0,15.0,3.5,1.0,71.0,10.0
2984.236060419766,100.0,0.0,13.0,12.0,15.0,3.5,1.0,71.0,10.0
2984.236560419766,100.0,0.0,13.0,12.0,15.0,3.5,1.0,71.0,10.0
2984.6365604197663,100.0,0.0,13.0,12.0,15.0,3.5,1.0,71.0,10.0
2984.6370604197664,100.0,0.0,13.0,12.0,15.0,3.5,1.0,71.0,10.0
2985.0370604197665,100.0,0.0,13.0,12.0,15.0,3.5,1.0,71.0,10.0
2985.0375604197666,100.0,0.0,13.0,12.0,15.0,3.5,1.0,71.0,10.0
2985.4375604197667,100.0,0.0,13.0,12.0,15.0,3.5,1.0,71.0,10.0
2985.4380604197668,100.0,0.0,13.0,12.0,15.0,3.5,1.0,71.0,10.0
2985.838060419767,100.0,0.0,13.0,12.0,15.0,3.5,1.0,71.0,10.0
2985.838560419767,100.0,0.0,13.0,12.0,15.0,3.5,1.0,71.0,10.0
2986.238560419767,100.0,0.0,13.0,12.0,15.0,3.5,1.0,71.0,10.0
2986.239060419767,100.0,0.0,13.0,12.0,15.0,3.5,1.0,71.0,10.0
2986.6390604197672,100.0,0.0,13.0,12.0,15.0,3.5,1.0,71.0,10.0
2986.6395604197673,100.0,0.0,13.0,12.0,15.0,3.5,1.0,71.0,10.0
2987.0395604197674,100.0,0.0,13.0,12.0,15.0,3.5,1.0,71.0,10.0
2987.0400604197675,100.0,0.0,13.0,12.0,15.0,3.5,1.0,71.0,10.0
2987.4400604197676,100.0,0.0,13.0,12.0,15.0,3.5,1.0,71.0,10.0
2987.4405604197677,100.0,0.0,13.0,12.0,15.0,3.5,1.0,71.0,10.0
2987.840560419768,100.0,0.0,13.0,12.0,15.0,3.5,1.0,71.0,10.0
2987.841060419768,100.0,0.0,13.0,12.0,15.0,3.5,1.0,71.0,10.0
2988.241060419768,100.0,0.0,13.0,12.0,15.0,3.5,1.0,71.0,10.0
2988.241560419768,100.0,0.0,13.0,12.0,15.0,3.5,1.0,71.0,10.0
2988.641560419768,100.0,0.0,13.0,12.0,15.0,3.5,1.0,71.0,10.0
2988.6420604197683,100.0,0.0,13.0,12.0,15.0,3.5,1.0,71.0,10.0
2989.0420604197684,100.0,0.0,13.0,12.0,15.0,3.5,1.0,71.0,10.0
2989.0425604197685,100.0,0.0,13.0,12.0,15.0,3.5,1.0,71.0,10.0
2989.4425604197686,100.0,0.0,13.0,12.0,15.0,3.5,1.0,71.0,10.0
2989.4430604197687,100.0,0.0,13.0,12.0,15.0,3.5,1.0,71.0,10.0
2989.843060419769,100.0,0.0,13.0,12.0,15.0,3.5,1.0,71.0,10.0
2989.843560419769,100.0,0.0,13.0,12.0,15.0,3.5,1.0,71.0,10.0
2990.243560419769,100.0,0.0,13.0,12.0,15.0,3.5,1.0,71.0,10.0
2990.244060419769,110.0,0.0,13.0,12.0,15.0,3.5,1.0,71.0,10.0
2990.644060419769,110.0,0.0,13.0,12.0,15.0,3.5,1.0,71.0,10.0
2990.6445604197693,110.0,0.0,13.0,12.0,15.0,3.5,1.0,71.0,10.0
2991.0445604197694,110.0,0.0,13.0,12.0,15.0,3.5,1.0,71.0,10.0
2991.0450604197695,110.0,0.0,13.0,12.0,15.0,3.5,1.0,71.0,10.0
2991.4450604197696,110.0,0.0,13.0,12.0,15.0,3.5,1.0,71.0,10.0
2991.4455604197697,110.0,0.0,13.0,12.0,15.0,3.5,1.0,71.0,10.0
2991.8455604197698,110.0,0.0,13.0,12.0,15.0,3.5,1.0,71.0,10.0
2991.84606041977,110.0,0.0,13.0,12.0,15.0,3.5,1.0,71.0,10.0
2992.24606041977,110.0,0.0,13.0,12.0,15.0,3.5,1.0,71.0,10.0
2992.24656041977,110.0,0.0,13.0,12.0,15.0,3.5,1.0,71.0,10.0
2992.64656041977,110.0,0.0,13.0,12.0,15.0,3.5,1.0,71.0,10.0
2992.6470604197702,110.0,0.0,13.0,12.0,15.0,3.5,1.0,71.0,10.0
2993.0470604197703,110.0,0.0,13.0,12.0,15.0,3.5,1.0,71.0,10.0
2993.0475604197704,110.0,0.0,13.0,12.0,15.0,3.5,1.0,71.0,10.0
2993.4475604197705,110.0,0.0,13.0,12.0,15.0,3.5,1.0,71.0,10.0
2993.4480604197706,110.0,0.0,13.0,12.0,15.0,3.5,1.0,71.0,10.0
2993.8480604197707,110.0,0.0,13.0,12.0,15.0,3.5,1.0,71.0,10.0
2993.848560419771,110.0,0.0,13.0,12.0,15.0,3.5,1.0,71.0,10.0
2994.248560419771,110.0,0.0,13.0,12.0,15.0,3.5,1.0,71.0,10.0
2994.249060419771,110.0,0.0,13.0,12.0,15.0,3.5,1.0,71.0,10.0
2994.649060419771,110.0,0.0,13.0,12.0,15.0,3.5,1.0,71.0,10.0
2994.649560419771,110.0,0.0,13.0,12.0,15.0,3.5,1.0,71.0,10.0
2995.0495604197713,110.0,0.0,13.0,12.0,15.0,3.5,1.0,71.0,10.0
2995.0500604197714,120.0,0.0,13.0,12.0,15.0,3.5,1.0,71.0,10.0
2995.4500604197715,120.0,0.0,13.0,12.0,15.0,3.5,1.0,71.0,10.0
2995.4505604197716,120.0,0.0,13.0,12.0,15.0,3.5,1.0,71.0,10.0
2995.8505604197717,120.0,0.0,13.0,12.0,15.0,3.5,1.0,71.0,10.0
2995.851060419772,120.0,0.0,14.0,12.0,15.0,3.5,1.0,71.0,10.0
2996.251060419772,120.0,0.0,14.0,12.0,15.0,3.5,1.0,71.0,10.0
2996.251560419772,120.0,0.0,14.0,12.0,15.0,3.5,1.0,71.0,10.0
2996.651560419772,120.0,0.0,14.0,12.0,15.0,3.5,1.0,71.0,10.0
2996.652060419772,120.0,0.0,14.0,12.0,15.0,3.5,1.0,71.0,10.0
2997.0520604197723,120.0,0.0,14.0,12.0,15.0,3.5,1.0,71.0,10.0
2997.0525604197724,120.0,0.0,14.0,12.0,15.0,3.5,1.0,71.0,10.0
2997.4525604197725,120.0,0.0,14.0,12.0,15.0,3.5,1.0,71.0,10.0
2997.4530604197726,120.0,0.0,14.0,12.0,15.0,3.5,1.0,71.0,10.0
2997.8530604197726,120.0,0.0,14.0,12.0,15.0,3.5,1.0,71.0,10.0
2997.8535604197727,120.0,0.0,14.0,12.0,15.0,3.5,1.0,71.0,10.0
2998.253560419773,120.0,0.0,14.0,12.0,15.0,3.5,1.0,71.0,10.0
2998.254060419773,120.0,0.0,14.0,12.0,15.0,3.5,1.0,71.0,10.0
2998.654060419773,120.0,0.0,14.0,12.0,15.0,3.5,1.0,71.0,10.0
2998.654560419773,120.0,0.0,14.0,12.0,15.0,3.5,1.0,71.0,10.0
2999.054560419773,120.0,0.0,14.0,12.0,15.0,3.5,1.0,71.0,10.0
2999.0550604197733,120.0,0.0,14.0,12.0,15.0,3.5,1.0,71.0,10.0
2999.4550604197734,120.0,0.0,14.0,12.0,15.0,3.5,1.0,71.0,10.0
2999.4555604197735,110.0,0.0,14.0,12.0,15.0,3.5,1.0,71.0,10.0
2999.8555604197736,110.0,0.0,14.0,12.0,15.0,3.5,1.0,71.0,10.0
2999.8560604197737,110.0,0.0,14.0,12.0,15.0,3.5,1.0,71.0,10.0
3000.256060419774,110.0,0.0,14.0,12.0,15.0,3.5,1.0,71.0,10.0
3000.256560419774,110.0,0.0,14.0,12.0,15.0,3.5,1.0,71.0,10.0
3000.656560419774,110.0,0.0,14.0,12.0,15.0,3.5,1.0,71.0,10.0
3000.657060419774,110.0,0.0,14.0,12.0,15.0,3.5,1.0,71.0,10.0
3001.057060419774,110.0,0.0,14.0,12.0,15.0,3.5,1.0,71.0,10.0
3001.0575604197743,110.0,0.0,14.0,12.0,15.0,3.5,1.0,71.0,10.0
3001.4575604197744,110.0,0.0,14.0,12.0,15.0,3.5,1.0,71.0,10.0
3001.4580604197745,110.0,0.0,14.0,12.0,15.0,3.5,1.0,71.0,10.0
3001.8580604197746,110.0,0.0,14.0,12.0,15.0,3.5,1.0,71.0,10.0
3001.8585604197747,110.0,0.0,14.0,12.0,15.0,3.5,1.0,71.0,10.0
3002.2585604197748,110.0,0.0,14.0,12.0,15.0,3.5,1.0,71.0,10.0
3002.259060419775,110.0,0.0,14.0,12.0,15.0,3.5,1.0,71.0,10.0
3002.659060419775,110.0,0.0,14.0,12.0,15.0,3.5,1.0,71.0,10.0
3002.659560419775,110.0,0.0,14.0,12.0,15.0,3.5,1.0,71.0,10.0
3003.059560419775,110.0,0.0,14.0,12.0,15.0,3.5,1.0,71.0,10.0
3003.0600604197753,110.0,0.0,14.0,12.0,15.0,3.5,1.0,71.0,10.0
3003.4600604197753,110.0,0.0,14.0,12.0,15.0,3.5,1.0,71.0,10.0
3003.4605604197754,110.0,0.0,14.0,12.0,15.0,3.5,1.0,71.0,10.0
3003.8605604197755,110.0,0.0,14.0,12.0,15.0,3.5,1.0,71.0,10.0
3003.8610604197756,110.0,0.0,14.0,12.0,15.0,3.5,1.0,71.0,10.0
3004.2610604197757,110.0,0.0,14.0,12.0,15.0,3.5,1.0,71.0,10.0
3004.261560419776,110.0,0.0,14.0,12.0,15.0,3.5,1.0,71.0,10.0
3004.661560419776,110.0,0.0,14.0,12.0,15.0,3.5,1.0,71.0,10.0
3004.662060419776,110.0,0.0,14.0,12.0,15.0,3.5,1.0,71.0,10.0
3005.062060419776,110.0,0.0,14.0,12.0,15.0,3.5,1.0,71.0,10.0
3005.062560419776,110.0,0.0,14.0,12.0,15.0,3.5,1.0,71.0,10.0
3005.4625604197763,110.0,0.0,14.0,12.0,15.0,3.5,1.0,71.0,10.0
3005.4630604197764,110.0,0.0,14.0,12.0,15.0,3.5,1.0,71.0,10.0
3005.8630604197765,110.0,0.0,14.0,12.0,15.0,3.5,1.0,71.0,10.0
3005.8635604197766,110.0,0.0,14.0,12.0,15.0,3.5,1.0,71.0,10.0
3006.2635604197767,110.0,0.0,14.0,12.0,15.0,3.5,1.0,71.0,10.0
3006.264060419777,110.0,0.0,14.0,12.0,15.0,3.5,1.0,71.0,10.0
3006.664060419777,110.0,0.0,14.0,12.0,15.0,3.5,1.0,71.0,10.0
3006.664560419777,110.0,0.0,14.0,12.0,15.0,3.5,1.0,71.0,10.0
3007.064560419777,110.0,0.0,14.0,12.0,15.0,3.5,1.0,71.0,10.0
3007.065060419777,110.0,0.0,14.0,12.0,15.0,3.5,1.0,71.0,10.0
3007.4650604197773,110.0,0.0,14.0,12.0,15.0,3.5,1.0,71.0,10.0
3007.4655604197774,110.0,0.0,14.0,12.0,15.0,3.5,1.0,71.0,10.0
3007.8655604197775,110.0,0.0,14.0,12.0,15.0,3.5,1.0,71.0,10.0
3007.8660604197776,110.0,0.0,14.0,12.0,15.0,3.5,1.0,71.0,10.0
3008.2660604197777,110.0,0.0,14.0,12.0,15.0,3.5,1.0,71.0,10.0
3008.2665604197778,110.0,0.0,14.0,12.0,15.0,3.5,1.0,71.0,10.0
3008.666560419778,110.0,0.0,14.0,12.0,15.0,3.5,1.0,71.0,10.0
3008.667060419778,110.0,0.0,14.0,12.0,15.0,3.5,1.0,71.0,10.0
3009.067060419778,110.0,0.0,14.0,12.0,15.0,3.5,1.0,71.0,10.0
3009.067560419778,110.0,0.0,14.0,12.0,15.0,3.5,1.0,71.0,10.0
3009.4675604197782,110.0,0.0,14.0,12.0,15.0,3.5,1.0,71.0,10.0
3009.4680604197783,110.0,0.0,14.0,12.0,15.0,3.5,1.0,71.0,10.0
3009.8680604197784,110.0,0.0,14.0,12.0,15.0,3.5,1.0,71.0,10.0
3009.8685604197785,110.0,0.0,14.0,12.0,15.0,3.5,1.0,71.0,10.0
3010.2685604197786,110.0,0.0,14.0,12.0,15.0,3.5,1.0,71.0,10.0
3010.2690604197787,100.0,0.0,14.0,12.0,15.0,3.5,1.0,71.0,10.0
3010.669060419779,100.0,0.0,14.0,12.0,15.0,3.5,1.0,71.0,10.0
3010.669560419779,100.0,0.0,14.0,12.0,15.0,3.5,1.0,71.0,10.0
3011.069560419779,100.0,0.0,14.0,12.0,15.0,3.5,1.0,71.0,10.0
3011.070060419779,100.0,0.0,14.0,12.0,15.0,3.5,1.0,71.0,10.0
3011.470060419779,100.0,0.0,14.0,12.0,15.0,3.5,1.0,71.0,10.0
3011.4705604197793,100.0,0.0,14.0,12.0,15.0,3.5,1.0,71.0,10.0
3011.8705604197794,100.0,0.0,14.0,12.0,15.0,3.5,1.0,71.0,10.0
3011.8710604197795,100.0,0.0,14.0,12.0,15.0,3.5,1.0,71.0,10.0
3012.2710604197796,100.0,0.0,14.0,12.0,15.0,3.5,1.0,71.0,10.0
3012.2715604197797,100.0,0.0,14.0,12.0,15.0,3.5,1.0,71.0,10.0
3012.67156041978,100.0,0.0,14.0,12.0,15.0,3.5,1.0,71.0,10.0
3012.67206041978,100.0,0.0,14.0,12.0,15.0,3.5,1.0,71.0,10.0
3013.07206041978,100.0,0.0,14.0,12.0,15.0,3.5,1.0,71.0,10.0
3013.07256041978,100.0,0.0,14.0,12.0,15.0,3.5,1.0,71.0,10.0
3013.47256041978,100.0,0.0,14.0,12.0,15.0,3.5,1.0,71.0,10.0
3013.4730604197803,100.0,0.0,14.0,12.0,15.0,3.5,1.0,71.0,10.0
3013.8730604197804,100.0,0.0,14.0,12.0,15.0,3.5,1.0,71.0,10.0
3013.8735604197805,100.0,0.0,14.0,12.0,15.0,3.5,1.0,71.0,10.0
3014.2735604197806,100.0,0.0,14.0,12.0,15.0,3.5,1.0,71.0,10.0
3014.2740604197807,100.0,0.0,14.0,12.0,15.0,3.5,1.0,71.0,10.0
3014.6740604197807,100.0,0.0,14.0,12.0,15.0,3.5,1.0,71.0,10.0
3014.674560419781,100.0,0.0,14.0,12.0,15.0,3.5,1.0,71.0,10.0
3015.074560419781,100.0,0.0,14.0,12.0,15.0,3.5,1.0,71.0,10.0
3015.075060419781,100.0,0.0,14.0,12.0,15.0,3.5,1.0,71.0,10.0
3015.475060419781,100.0,0.0,14.0,12.0,15.0,3.5,1.0,71.0,10.0
3015.4755604197812,100.0,0.0,14.0,12.0,15.0,3.5,1.0,71.0,10.0
3015.8755604197813,100.0,0.0,14.0,12.0,15.0,3.5,1.0,71.0,10.0
3015.8760604197814,100.0,0.0,14.0,12.0,15.0,3.5,1.0,71.0,10.0
3016.2760604197815,100.0,0.0,14.0,12.0,15.0,3.5,1.0,71.0,10.0
3016.2765604197816,100.0,0.0,14.0,12.0,15.0,3.5,1.0,71.0,10.0
3016.6765604197817,100.0,0.0,14.0,12.0,15.0,3.5,1.0,71.0,10.0
3016.677060419782,100.0,0.0,14.0,12.0,15.0,3.5,1.0,71.0,10.0
3017.077060419782,100.0,0.0,14.0,12.0,15.0,3.5,1.0,71.0,10.0
3017.077560419782,100.0,0.0,14.0,12.0,15.0,3.5,1.0,71.0,10.0
3017.477560419782,100.0,0.0,14.0,12.0,15.0,3.5,1.0,71.0,10.0
3017.478060419782,100.0,0.0,14.0,12.0,15.0,3.5,1.0,71.0,10.0
3017.8780604197823,100.0,0.0,14.0,12.0,15.0,3.5,1.0,71.0,10.0
3017.8785604197824,90.0,0.0,14.0,12.0,15.0,3.5,1.0,71.0,10.0
3018.2785604197825,90.0,0.0,14.0,12.0,15.0,3.5,1.0,71.0,10.0
3018.2790604197826,90.0,0.0,14.0,12.0,15.0,3.5,1.0,71.0,10.0
3018.6790604197827,90.0,0.0,14.0,12.0,15.0,3.5,1.0,71.0,10.0
3018.679560419783,90.0,0.0,14.0,12.0,15.0,3.5,1.0,71.0,10.0
3019.079560419783,90.0,0.0,14.0,12.0,15.0,3.5,1.0,71.0,10.0
3019.080060419783,90.0,0.0,14.0,12.0,15.0,3.5,1.0,71.0,10.0
3019.480060419783,90.0,0.0,14.0,12.0,15.0,3.5,1.0,71.0,10.0
3019.480560419783,90.0,0.0,14.0,12.0,15.0,3.5,1.0,71.0,10.0
3019.8805604197833,90.0,0.0,14.0,12.0,15.0,3.5,1.0,71.0,10.0
3019.8810604197834,90.0,0.0,14.0,12.0,15.0,3.5,1.0,71.0,10.0
3020.2810604197834,90.0,0.0,14.0,12.0,15.0,3.5,1.0,71.0,10.0
3020.2815604197835,90.0,0.0,14.0,12.0,15.0,3.5,1.0,71.0,10.0
3020.6815604197836,90.0,0.0,14.0,12.0,15.0,3.5,1.0,71.0,10.0
3020.6820604197837,90.0,0.0,14.0,12.0,15.0,3.5,1.0,71.0,10.0
3021.082060419784,90.0,0.0,14.0,12.0,15.0,3.5,1.0,71.0,10.0
3021.082560419784,90.0,0.0,14.0,12.0,15.0,3.5,1.0,71.0,10.0
3021.482560419784,90.0,0.0,14.0,12.0,15.0,3.5,1.0,71.0,10.0
3021.483060419784,90.0,0.0,14.0,12.0,15.0,3.5,1.0,71.0,10.0
3021.883060419784,90.0,0.0,14.0,12.0,15.0,3.5,1.0,71.0,10.0
3021.8835604197843,90.0,0.0,14.0,12.0,15.0,3.5,1.0,71.0,10.0
3022.2835604197844,90.0,0.0,14.0,12.0,15.0,3.5,1.0,71.0,10.0
3022.2840604197845,90.0,0.0,14.0,12.0,15.0,3.5,1.0,71.0,10.0
3022.6840604197846,90.0,0.0,14.0,12.0,15.0,3.5,1.0,71.0,10.0
3022.6845604197847,90.0,0.0,14.0,12.0,15.0,3.5,1.0,71.0,10.0
3023.084560419785,90.0,0.0,14.0,12.0,15.0,3.5,1.0,71.0,10.0
3023.085060419785,90.0,0.0,14.0,12.0,15.0,3.5,1.0,71.0,10.0
3023.485060419785,90.0,0.0,14.0,12.0,15.0,3.5,1.0,71.0,10.0
3023.485560419785,90.0,0.0,14.0,12.0,15.0,3.5,1.0,71.0,10.0
3023.885560419785,90.0,0.0,14.0,12.0,15.0,3.5,1.0,71.0,10.0
3023.8860604197853,90.0,0.0,14.0,12.0,15.0,3.5,1.0,71.0,10.0
3024.2860604197854,90.0,0.0,14.0,12.0,15.0,3.5,1.0,71.0,10.0
3024.2865604197855,90.0,0.0,14.0,12.0,15.0,3.5,1.0,71.0,10.0
3024.6865604197856,90.0,0.0,14.0,12.0,15.0,3.5,1.0,71.0,10.0
3024.6870604197857,90.0,0.0,14.0,12.0,15.0,3.5,1.0,71.0,10.0
3025.0870604197858,90.0,0.0,14.0,12.0,15.0,3.5,1.0,71.0,10.0
3025.087560419786,90.0,0.0,14.0,12.0,15.0,3.5,1.0,71.0,10.0
3025.487560419786,90.0,0.0,14.0,12.0,15.0,3.5,1.0,71.0,10.0
3025.488060419786,90.0,0.0,14.0,12.0,15.0,3.5,1.0,71.0,10.0
3025.888060419786,90.0,0.0,14.0,12.0,15.0,3.5,1.0,71.0,10.0
3025.8885604197862,90.0,0.0,14.0,12.0,15.0,3.5,1.0,71.0,10.0
3026.2885604197863,90.0,0.0,14.0,12.0,15.0,3.5,1.0,71.0,10.0
3026.2890604197864,90.0,0.0,14.0,12.0,15.0,3.5,1.0,71.0,10.0
3026.6890604197865,90.0,0.0,14.0,12.0,15.0,3.5,1.0,71.0,10.0
3026.6895604197866,90.0,0.0,14.0,12.0,15.0,3.5,1.0,71.0,10.0
3027.0895604197867,90.0,0.0,14.0,12.0,15.0,3.5,1.0,71.0,10.0
3027.090060419787,90.0,0.0,14.0,12.0,15.0,3.5,1.0,71.0,10.0
3027.490060419787,90.0,0.0,14.0,12.0,15.0,3.5,1.0,71.0,10.0
3027.490560419787,90.0,0.0,14.0,12.0,15.0,3.5,1.0,71.0,10.0
3027.890560419787,90.0,0.0,14.0,12.0,15.0,3.5,1.0,71.0,10.0
3027.891060419787,90.0,0.0,14.0,12.0,15.0,3.5,1.0,71.0,10.0
3028.2910604197873,90.0,0.0,14.0,12.0,15.0,3.5,1.0,71.0,10.0
3028.2915604197874,90.0,0.0,14.0,12.0,15.0,3.5,1.0,71.0,10.0
3028.6915604197875,90.0,0.0,14.0,12.0,15.0,3.5,1.0,71.0,10.0
3028.6920604197876,90.0,0.0,14.0,12.0,15.0,3.5,1.0,71.0,10.0
3029.0920604197877,90.0,0.0,14.0,12.0,15.0,3.5,1.0,71.0,10.0
3029.092560419788,90.0,0.0,14.0,12.0,15.0,3.5,1.0,71.0,10.0
3029.492560419788,90.0,0.0,14.0,12.0,15.0,3.5,1.0,71.0,10.0
3029.493060419788,90.0,0.0,14.0,12.0,15.0,3.5,1.0,71.0,10.0
3029.893060419788,90.0,0.0,14.0,12.0,15.0,3.5,1.0,71.0,10.0
3029.893560419788,90.0,0.0,14.0,12.0,15.0,3.5,1.0,71.0,10.0
3030.2935604197883,90.0,0.0,14.0,12.0,15.0,3.5,1.0,71.0,10.0
3030.2940604197884,90.0,0.0,14.0,12.0,15.0,3.5,1.0,71.0,10.0
3030.6940604197885,90.0,0.0,14.0,12.0,15.0,3.5,1.0,71.0,10.0
3030.6945604197886,90.0,0.0,14.0,12.0,15.0,3.5,1.0,71.0,10.0
3031.0945604197886,90.0,0.0,14.0,12.0,15.0,3.5,1.0,71.0,10.0
3031.0950604197888,90.0,0.0,14.0,12.0,15.0,3.5,1.0,71.0,10.0
3031.495060419789,90.0,0.0,14.0,12.0,15.0,3.5,1.0,71.0,10.0
3031.495560419789,90.0,0.0,14.0,12.0,15.0,3.5,1.0,71.0,10.0
3031.895560419789,90.0,0.0,14.0,12.0,15.0,3.5,1.0,71.0,10.0
3031.896060419789,90.0,0.0,14.0,12.0,15.0,3.5,1.0,71.0,10.0
3032.2960604197892,90.0,0.0,14.0,12.0,15.0,3.5,1.0,71.0,10.0
3032.2965604197893,90.0,0.0,14.0,12.0,15.0,3.5,1.0,71.0,10.0
3032.6965604197894,90.0,0.0,14.0,12.0,15.0,3.5,1.0,71.0,10.0
3032.6970604197895,90.0,0.0,14.0,12.0,15.0,3.5,1.0,71.0,10.0
3033.0970604197896,90.0,0.0,14.0,12.0,15.0,3.5,1.0,71.0,10.0
3033.0975604197897,90.0,0.0,14.0,12.0,15.0,3.5,1.0,71.0,10.0
3033.49756041979,90.0,0.0,14.0,12.0,15.0,3.5,1.0,71.0,10.0
3033.49806041979,90.0,0.0,14.0,12.0,15.0,3.5,1.0,71.0,10.0
3033.89806041979,90.0,0.0,14.0,12.0,15.0,3.5,1.0,71.0,10.0
3033.89856041979,90.0,0.0,14.0,12.0,15.0,3.5,1.0,71.0,10.0
3034.29856041979,90.0,0.0,14.0,12.0,15.0,3.5,1.0,71.0,10.0
3034.2990604197903,90.0,0.0,14.0,12.0,15.0,3.5,1.0,71.0,10.0
3034.6990604197904,90.0,0.0,14.0,12.0,15.0,3.5,1.0,71.0,10.0
3034.6995604197905,90.0,0.0,14.0,12.0,15.0,3.5,1.0,71.0,10.0
3035.0995604197906,90.0,0.0,14.0,12.0,15.0,3.5,1.0,71.0,10.0
3035.1000604197907,90.0,0.0,14.0,12.0,15.0,3.5,1.0,71.0,10.0
3035.5000604197908,90.0,0.0,14.0,12.0,15.0,3.5,1.0,71.0,10.0
3035.500560419791,90.0,0.0,14.0,12.0,15.0,3.5,1.0,71.0,10.0
3035.900560419791,90.0,0.0,14.0,12.0,15.0,3.5,1.0,71.0,10.0
3035.901060419791,90.0,0.0,14.0,12.0,15.0,3.5,1.0,71.0,10.0
3036.301060419791,90.0,0.0,14.0,12.0,15.0,3.5,1.0,71.0,10.0
3036.3015604197913,90.0,0.0,14.0,12.0,15.0,3.5,1.0,71.0,10.0
3036.7015604197913,90.0,0.0,14.0,12.0,15.0,3.5,1.0,71.0,10.0
3036.7020604197915,90.0,0.0,14.0,12.0,15.0,3.5,1.0,71.0,10.0
3037.1020604197915,90.0,0.0,14.0,12.0,15.0,3.5,1.0,71.0,10.0
3037.1025604197916,90.0,0.0,14.0,12.0,15.0,3.5,1.0,71.0,10.0
3037.5025604197917,90.0,0.0,14.0,12.0,15.0,3.5,1.0,71.0,10.0
3037.503060419792,90.0,0.0,14.0,12.0,15.0,3.5,1.0,71.0,10.0
3037.903060419792,90.0,0.0,14.0,12.0,15.0,3.5,1.0,71.0,10.0
3037.903560419792,90.0,0.0,14.0,12.0,15.0,3.5,1.0,71.0,10.0
3038.303560419792,90.0,0.0,14.0,12.0,15.0,3.5,1.0,71.0,10.0
3038.304060419792,90.0,0.0,14.0,12.0,15.0,3.5,1.0,71.0,10.0
3038.7040604197923,90.0,0.0,14.0,12.0,15.0,3.5,1.0,71.0,10.0
3038.7045604197924,90.0,0.0,14.0,12.0,15.0,3.5,1.0,71.0,10.0
3039.1045604197925,90.0,0.0,14.0,12.0,15.0,3.5,1.0,71.0,10.0
3039.1050604197926,90.0,0.0,14.0,12.0,15.0,3.5,1.0,71.0,10.0
3039.5050604197927,90.0,0.0,14.0,12.0,15.0,3.5,1.0,71.0,10.0
3039.505560419793,90.0,0.0,14.0,12.0,15.0,3.5,1.0,71.0,10.0
3039.905560419793,90.0,0.0,14.0,12.0,15.0,3.5,1.0,71.0,10.0
3039.906060419793,90.0,0.0,14.0,12.0,15.0,3.5,1.0,71.0,10.0
3040.306060419793,90.0,0.0,14.0,12.0,15.0,3.5,1.0,71.0,10.0
3040.306560419793,90.0,0.0,14.0,12.0,15.0,3.5,1.0,71.0,10.0
3040.7065604197933,90.0,0.0,14.0,12.0,15.0,3.5,1.0,71.0,10.0
3040.7070604197934,90.0,0.0,14.0,12.0,15.0,3.5,1.0,71.0,10.0
3041.1070604197935,90.0,0.0,14.0,12.0,15.0,3.5,1.0,71.0,10.0
3041.1075604197936,90.0,0.0,14.0,12.0,15.0,3.5,1.0,71.0,10.0
3041.5075604197937,90.0,0.0,14.0,12.0,15.0,3.5,1.0,71.0,10.0
3041.5080604197938,90.0,0.0,14.0,12.0,15.0,3.5,1.0,71.0,10.0
3041.908060419794,90.0,0.0,14.0,12.0,15.0,3.5,1.0,71.0,10.0
3041.908560419794,90.0,0.0,14.0,12.0,15.0,3.5,1.0,71.0,10.0
3042.308560419794,90.0,0.0,14.0,12.0,15.0,3.5,1.0,71.0,10.0
3042.309060419794,90.0,0.0,14.0,12.0,15.0,3.5,1.0,71.0,10.0
3042.7090604197942,90.0,0.0,14.0,12.0,15.0,3.5,1.0,71.0,10.0
3042.7095604197943,90.0,0.0,14.0,12.0,15.0,3.5,1.0,71.0,10.0
3043.1095604197944,90.0,0.0,14.0,12.0,15.0,3.5,1.0,71.0,10.0
3043.1100604197945,90.0,0.0,14.0,12.0,15.0,3.5,1.0,71.0,10.0
3043.5100604197946,90.0,0.0,14.0,12.0,15.0,3.5,1.0,71.0,10.0
3043.5105604197947,90.0,0.0,14.0,12.0,15.0,3.5,1.0,71.0,10.0
3043.910560419795,90.0,0.0,14.0,12.0,15.0,3.5,1.0,71.0,10.0
3043.911060419795,90.0,0.0,15.0,12.0,15.0,3.5,1.0,71.0,10.0
3044.311060419795,90.0,0.0,15.0,12.0,15.0,3.5,1.0,71.0,10.0
3044.311560419795,90.0,0.0,15.0,12.0,15.0,3.5,1.0,71.0,10.0
3044.711560419795,90.0,0.0,15.0,12.0,15.0,3.5,1.0,71.0,10.0
3044.7120604197953,90.0,0.0,15.0,12.0,15.0,3.5,1.0,71.0,10.0
3045.1120604197954,90.0,0.0,15.0,12.0,15.0,3.5,1.0,71.0,10.0
3045.1125604197955,90.0,0.0,15.0,12.0,15.0,3.5,1.0,71.0,10.0
3045.5125604197956,90.0,0.0,15.0,12.0,15.0,3.5,1.0,71.0,10.0
3045.5130604197957,90.0,0.0,15.0,12.0,15.0,3.5,1.0,71.0,10.0
3045.913060419796,90.0,0.0,15.0,12.0,15.0,3.5,1.0,71.0,10.0
3045.913560419796,90.0,0.0,15.0,12.0,15.0,3.5,1.0,71.0,10.0
3046.313560419796,90.0,0.0,15.0,12.0,15.0,3.5,1.0,71.0,10.0
3046.314060419796,90.0,0.0,15.0,12.0,15.0,3.5,1.0,71.0,10.0
3046.714060419796,90.0,0.0,15.0,12.0,15.0,3.5,1.0,71.0,10.0
3046.7145604197963,90.0,0.0,15.0,12.0,15.0,3.5,1.0,71.0,10.0
3047.1145604197964,90.0,0.0,15.0,12.0,15.0,3.5,1.0,71.0,10.0
3047.1150604197965,90.0,0.0,15.0,12.0,15.0,3.5,1.0,71.0,10.0
3047.5150604197966,90.0,0.0,15.0,12.0,15.0,3.5,1.0,71.0,10.0
3047.5155604197967,100.0,0.0,15.0,12.0,15.0,3.5,1.0,71.0,10.0
3047.9155604197967,100.0,0.0,15.0,12.0,15.0,3.5,1.0,71.0,10.0
3047.916060419797,100.0,0.0,15.0,12.0,15.0,3.5,1.0,71.0,10.0
3048.316060419797,100.0,0.0,15.0,12.0,15.0,3.5,1.0,71.0,10.0
3048.316560419797,100.0,0.0,15.0,12.0,15.0,3.5,1.0,71.0,10.0
3048.716560419797,100.0,0.0,15.0,12.0,15.0,3.5,1.0,71.0,10.0
3048.7170604197972,100.0,0.0,15.0,12.0,15.0,3.5,1.0,71.0,10.0
3049.1170604197973,100.0,0.0,15.0,12.0,15.0,3.5,1.0,71.0,10.0
3049.1175604197974,100.0,0.0,15.0,11.0,15.0,3.5,1.0,71.0,10.0
3049.5175604197975,100.0,0.0,15.0,11.0,15.0,3.5,1.0,71.0,10.0
3049.518105874343,100.0,0.0,15.0,11.0,15.0,3.5,1.0,71.0,10.0
3049.918105874343,100.0,0.0,15.0,11.0,15.0,3.5,1.0,71.0,10.0
3049.9186513288882,100.0,0.0,15.0,11.0,15.0,3.5,1.0,71.0,10.0
3050.3186513288883,100.0,0.0,15.0,11.0,15.0,3.5,1.0,71.0,10.0
3050.3191967834337,100.0,0.0,15.0,11.0,15.0,3.5,1.0,71.0,10.0
3050.7191967834337,100.0,0.0,15.0,11.0,15.0,3.5,1.0,71.0,10.0
3050.719742237979,100.0,0.0,15.0,11.0,15.0,3.5,1.0,71.0,10.0
3051.119742237979,100.0,0.0,15.0,11.0,15.0,3.5,1.0,71.0,10.0
3051.1202876925245,100.0,0.0,15.0,11.0,15.0,3.5,1.0,71.0,10.0
3051.5202876925246,100.0,0.0,15.0,11.0,15.0,3.5,1.0,71.0,10.0
3051.52083314707,100.0,0.0,15.0,11.0,15.0,3.5,1.0,71.0,10.0
3051.92083314707,100.0,0.0,15.0,11.0,15.0,3.5,1.0,71.0,10.0
3051.9213786016153,100.0,0.0,15.0,11.0,15.0,3.5,1.0,71.0,10.0
3052.3213786016154,100.0,0.0,15.0,11.0,15.0,3.5,1.0,71.0,10.0
3052.3219240561607,100.0,0.0,15.0,11.0,15.0,3.5,1.0,71.0,10.0
3052.721924056161,100.0,0.0,15.0,11.0,15.0,3.5,1.0,71.0,10.0
3052.722469510706,100.0,0.0,15.0,11.0,15.0,3.5,1.0,71.0,10.0
3053.122469510706,100.0,0.0,15.0,11.0,15.0,3.5,1.0,71.0,10.0
3053.1230149652515,100.0,0.0,15.0,11.0,15.0,3.5,1.0,71.0,10.0
3053.5230149652516,100.0,0.0,15.0,11.0,15.0,3.5,1.0,71.0,10.0
3053.523560419797,100.0,0.0,15.0,11.0,15.0,3.5,1.0,71.0,10.0
3053.923560419797,100.0,0.0,15.0,11.0,15.0,3.5,1.0,71.0,10.0
3053.9241058743423,100.0,0.0,15.0,11.0,15.0,3.5,1.0,71.0,10.0
3054.3241058743424,100.0,0.0,15.0,11.0,15.0,3.5,1.0,71.0,10.0
3054.3246513288877,100.0,0.0,15.0,11.0,15.0,3.5,1.0,71.0,10.0
3054.724651328888,100.0,0.0,15.0,11.0,15.0,3.5,1.0,71.0,10.0
3054.725196783433,100.0,0.0,15.0,11.0,15.0,3.5,1.0,71.0,10.0
3055.1251967834332,100.0,0.0,15.0,11.0,15.0,3.5,1.0,71.0,10.0
3055.1257422379786,100.0,0.0,15.0,11.0,15.0,3.5,1.0,71.0,10.0
3055.5257422379786,100.0,0.0,15.0,11.0,15.0,3.5,1.0,71.0,10.0
3055.526287692524,100.0,0.0,15.0,11.0,15.0,3.5,1.0,71.0,10.0
3055.926287692524,100.0,0.0,15.0,11.0,15.0,3.5,1.0,71.0,10.0
3055.9268331470694,100.0,0.0,15.0,11.0,15.0,3.5,1.0,71.0,10.0
3056.3268331470695,100.0,0.0,15.0,11.0,15.0,3.5,1.0,71.0,10.0
3056.327378601615,100.0,0.0,15.0,11.0,15.0,3.5,1.0,71.0,10.0
3056.727378601615,100.0,0.0,15.0,11.0,15.0,3.5,1.0,71.0,10.0
3056.72792405616,100.0,0.0,15.0,11.0,15.0,3.5,1.0,71.0,10.0
3057.1279240561603,100.0,0.0,15.0,11.0,15.0,3.5,1.0,71.0,10.0
3057.1284695107056,100.0,0.0,15.0,11.0,15.0,3.5,1.0,71.0,10.0
3057.5284695107057,100.0,0.0,15.0,11.0,15.0,3.5,1.0,71.0,10.0
3057.529014965251,100.0,0.0,15.0,11.0,15.0,3.5,1.0,71.0,10.0
3057.929014965251,100.0,0.0,15.0,11.0,15.0,3.5,1.0,71.0,10.0
3057.9295604197964,100.0,0.0,15.0,11.0,15.0,3.5,1.0,71.0,10.0
3058.3295604197965,100.0,0.0,15.0,11.0,15.0,3.5,1.0,71.0,10.0
3058.330105874342,100.0,0.0,15.0,11.0,15.0,3.5,1.0,71.0,10.0
3058.730105874342,100.0,0.0,15.0,11.0,15.0,3.5,1.0,71.0,10.0
3058.7306513288872,100.0,0.0,15.0,11.0,15.0,3.5,1.0,71.0,10.0
3059.1306513288873,100.0,0.0,15.0,11.0,15.0,3.5,1.0,71.0,10.0
3059.1311967834326,100.0,0.0,15.0,11.0,15.0,3.5,1.0,71.0,10.0
3059.5311967834327,100.0,0.0,15.0,11.0,15.0,3.5,1.0,71.0,10.0
3059.531742237978,100.0,0.0,15.0,11.0,15.0,3.5,1.0,71.0,10.0
3059.931742237978,100.0,0.0,15.0,11.0,15.0,3.5,1.0,71.0,10.0
3059.9322876925235,100.0,0.0,15.0,11.0,15.0,3.5,1.0,71.0,10.0
3060.3322876925236,100.0,0.0,15.0,11.0,15.0,3.5,1.0,71.0,10.0
3060.332833147069,100.0,0.0,15.0,11.0,15.0,3.5,1.0,71.0,10.0
3060.732833147069,100.0,0.0,15.0,11.0,15.0,3.5,1.0,71.0,10.0
3060.7333786016143,100.0,0.0,15.0,11.0,15.0,3.5,1.0,71.0,10.0
3061.1333786016144,100.0,0.0,15.0,11.0,15.0,3.5,1.0,71.0,10.0
3061.1339240561597,100.0,0.0,15.0,11.0,15.0,3.5,1.0,71.0,10.0
3061.53392405616,100.0,0.0,15.0,11.0,15.0,3.5,1.0,71.0,10.0
3061.534469510705,100.0,0.0,15.0,11.0,15.0,3.5,1.0,71.0,10.0
3061.934469510705,100.0,0.0,15.0,11.0,15.0,3.5,1.0,71.0,10.0
3061.9350149652505,100.0,0.0,15.0,11.0,15.0,3.5,1.0,71.0,10.0
3062.3350149652506,100.0,0.0,15.0,11.0,15.0,3.5,1.0,71.0,10.0
3062.335560419796,100.0,0.0,15.0,11.0,15.0,3.5,1.0,71.0,10.0
3062.735560419796,100.0,0.0,15.0,11.0,15.0,3.5,1.0,71.0,10.0
3062.7361058743413,100.0,0.0,15.0,11.0,15.0,3.5,1.0,71.0,10.0
3063.1361058743414,100.0,0.0,15.0,11.0,15.0,3.5,1.0,71.0,10.0
3063.1366513288867,100.0,0.0,15.0,11.0,15.0,3.5,1.0,71.0,10.0
3063.536651328887,100.0,0.0,15.0,11.0,15.0,3.5,1.0,71.0,10.0
3063.537196783432,100.0,0.0,15.0,11.0,15.0,3.5,1.0,71.0,10.0
3063.9371967834322,100.0,0.0,15.0,11.0,15.0,3.5,1.0,71.0,10.0
3063.9377422379775,100.0,0.0,15.0,11.0,15.0,3.5,1.0,71.0,10.0
3064.3377422379776,100.0,0.0,15.0,11.0,15.0,3.5,1.0,71.0,10.0
3064.338287692523,100.0,0.0,15.0,11.0,15.0,3.5,1.0,71.0,10.0
3064.738287692523,100.0,0.0,15.0,11.0,15.0,3.5,1.0,71.0,10.0
3064.7388331470684,100.0,0.0,15.0,11.0,15.0,3.5,1.0,71.0,10.0
3065.1388331470685,100.0,0.0,15.0,11.0,15.0,3.5,1.0,71.0,10.0
3065.1393786016138,100.0,0.0,15.0,11.0,15.0,3.5,1.0,71.0,10.0
3065.539378601614,100.0,0.0,15.0,11.0,15.0,3.5,1.0,71.0,10.0
3065.539924056159,100.0,0.0,15.0,11.0,15.0,3.5,1.0,71.0,10.0
3065.9399240561593,100.0,0.0,15.0,11.0,15.0,3.5,1.0,71.0,10.0
3065.9404695107046,100.0,0.0,15.0,11.0,15.0,3.5,1.0,71.0,10.0
3066.3404695107047,100.0,0.0,15.0,11.0,15.0,3.5,1.0,71.0,10.0
3066.34101496525,100.0,0.0,15.0,11.0,15.0,3.5,1.0,71.0,10.0
3066.74101496525,100.0,0.0,15.0,11.0,15.0,3.5,1.0,71.0,10.0
3066.7415604197954,100.0,0.0,15.0,11.0,15.0,3.5,1.0,71.0,10.0
3067.1415604197955,100.0,0.0,15.0,11.0,15.0,3.5,1.0,71.0,10.0
3067.142105874341,100.0,0.0,15.0,11.0,15.0,3.5,1.0,71.0,10.0
3067.542105874341,100.0,0.0,15.0,11.0,15.0,3.5,1.0,71.0,10.0
3067.542651328886,100.0,0.0,15.0,11.0,15.0,3.5,1.0,71.0,10.0
3067.9426513288863,100.0,0.0,15.0,11.0,15.0,3.5,1.0,71.0,10.0
3067.9431967834316,100.0,0.0,15.0,11.0,15.0,3.5,1.0,71.0,10.0
3068.3431967834317,100.0,0.0,15.0,11.0,15.0,3.5,1.0,71.0,10.0
3068.343742237977,100.0,0.0,15.0,11.0,15.0,3.5,1.0,71.0,10.0
3068.743742237977,100.0,0.0,15.0,11.0,15.0,3.5,1.0,71.0,10.0
3068.7442876925224,100.0,0.0,15.0,11.0,15.0,3.5,1.0,71.0,10.0
3069.1442876925225,100.0,0.0,15.0,11.0,15.0,3.5,1.0,71.0,10.0
3069.144833147068,100.0,0.0,15.0,11.0,15.0,3.5,1.0,71.0,10.0
3069.544833147068,100.0,0.0,15.0,11.0,15.0,3.5,1.0,71.0,10.0
3069.5453786016133,100.0,0.0,15.0,11.0,15.0,3.5,1.0,71.0,10.0
3069.9453786016134,100.0,0.0,15.0,11.0,15.0,3.5,1.0,71.0,10.0
3069.9459240561587,100.0,0.0,15.0,11.0,15.0,3.5,1.0,71.0,10.0
3070.3459240561588,100.0,0.0,15.0,11.0,15.0,3.5,1.0,71.0,10.0
3070.346469510704,100.0,0.0,15.0,11.0,15.0,3.5,1.0,71.0,10.0
3070.746469510704,100.0,0.0,15.0,11.0,15.0,3.5,1.0,71.0,10.0
3070.7470149652495,100.0,0.0,15.0,11.0,15.0,3.5,1.0,71.0,10.0
3071.1470149652496,100.0,0.0,15.0,11.0,15.0,3.5,1.0,71.0,10.0
3071.147560419795,100.0,0.0,15.0,11.0,15.0,3.5,1.0,71.0,10.0
3071.547560419795,100.0,0.0,15.0,11.0,15.0,3.5,1.0,71.0,10.0
3071.5481058743403,100.0,0.0,15.0,11.0,15.0,3.5,1.0,71.0,10.0
3071.9481058743404,100.0,0.0,15.0,11.0,15.0,3.5,1.0,71.0,10.0
3071.9486513288857,100.0,0.0,15.0,11.0,15.0,3.5,1.0,71.0,10.0
3072.348651328886,100.0,0.0,15.0,11.0,15.0,3.5,1.0,71.0,10.0
3072.349196783431,100.0,0.0,15.0,11.0,15.0,3.5,1.0,71.0,10.0
3072.749196783431,100.0,0.0,15.0,11.0,15.0,3.5,1.0,71.0,10.0
3072.7497422379765,100.0,0.0,15.0,11.0,15.0,3.5,1.0,71.0,10.0
3073.1497422379766,100.0,0.0,15.0,11.0,15.0,3.5,1.0,71.0,10.0
3073.150287692522,100.0,0.0,15.0,11.0,15.0,3.5,1.0,71.0,10.0
3073.550287692522,100.0,0.0,15.0,11.0,15.0,3.5,1.0,71.0,10.0
3073.5508331470674,100.0,0.0,15.0,11.0,15.0,3.5,1.0,71.0,10.0
3073.9508331470674,100.0,0.0,15.0,11.0,15.0,3.5,1.0,71.0,10.0
3073.9513786016128,100.0,0.0,15.0,11.0,15.0,3.5,1.0,71.0,10.0
3074.351378601613,100.0,0.0,15.0,11.0,15.0,3.5,1.0,71.0,10.0
3074.351924056158,100.0,0.0,15.0,11.0,15.0,3.5,1.0,71.0,10.0
3074.7519240561583,100.0,0.0,15.0,11.0,15.0,3.5,1.0,71.0,10.0
3074.7524695107036,100.0,0.0,15.0,11.0,15.0,3.5,1.0,71.0,10.0
3075.1524695107037,100.0,0.0,15.0,11.0,15.0,3.5,1.0,71.0,10.0
3075.153014965249,100.0,0.0,15.0,11.0,15.0,3.5,1.0,71.0,10.0
3075.553014965249,100.0,0.0,15.0,11.0,15.0,3.5,1.0,71.0,10.0
3075.5535604197944,100.0,0.0,15.0,11.0,15.0,3.5,1.0,71.0,10.0
3075.9535604197945,100.0,0.0,15.0,11.0,15.0,3.5,1.0,71.0,10.0
3075.95410587434,100.0,0.0,15.0,11.0,15.0,3.5,1.0,71.0,10.0
3076.35410587434,100.0,0.0,15.0,11.0,15.0,3.5,1.0,71.0,10.0
3076.354651328885,100.0,0.0,15.0,11.0,15.0,3.5,1.0,71.0,10.0
3076.7546513288853,100.0,0.0,15.0,11.0,15.0,3.5,1.0,71.0,10.0
3076.7551967834306,100.0,0.0,15.0,11.0,15.0,3.5,1.0,71.0,10.0
3077.1551967834307,100.0,0.0,15.0,11.0,15.0,3.5,1.0,71.0,10.0
3077.155742237976,100.0,0.0,15.0,11.0,15.0,3.5,1.0,71.0,10.0
3077.555742237976,100.0,0.0,15.0,11.0,15.0,3.5,1.0,71.0,10.0
3077.5562876925214,100.0,0.0,15.0,11.0,15.0,3.5,1.0,71.0,10.0
3077.9562876925215,100.0,0.0,15.0,11.0,15.0,3.5,1.0,71.0,10.0
3077.956833147067,100.0,0.0,15.0,11.0,15.0,3.5,1.0,71.0,10.0
3078.356833147067,100.0,0.0,15.0,11.0,15.0,3.5,1.0,71.0,10.0
3078.3573786016123,100.0,0.0,15.0,11.0,15.0,3.5,1.0,71.0,10.0
3078.7573786016123,100.0,0.0,15.0,11.0,15.0,3.5,1.0,71.0,10.0
3078.7579240561577,100.0,0.0,15.0,11.0,15.0,3.5,1.0,71.0,10.0
3079.1579240561578,100.0,0.0,15.0,11.0,15.0,3.5,1.0,71.0,10.0
3079.158469510703,100.0,0.0,15.0,11.0,15.0,3.5,1.0,71.0,10.0
3079.558469510703,100.0,0.0,15.0,11.0,15.0,3.5,1.0,71.0,10.0
3079.5590149652485,100.0,0.0,15.0,11.0,15.0,3.5,1.0,71.0,10.0
3079.9590149652486,100.0,0.0,15.0,11.0,15.0,3.5,1.0,71.0,10.0
3079.959560419794,100.0,0.0,15.0,11.0,15.0,3.5,1.0,71.0,10.0
3080.359560419794,100.0,0.0,15.0,11.0,15.0,3.5,1.0,71.0,10.0
3080.3601058743393,100.0,0.0,15.0,11.0,15.0,1.5,1.0,72.0,10.0
3080.7601058743394,100.0,0.0,15.0,11.0,15.0,1.5,1.0,72.0,10.0
3080.7606513288847,100.0,0.0,15.0,11.0,15.0,1.5,1.0,72.0,10.0
3081.160651328885,100.0,0.0,15.0,11.0,15.0,1.5,1.0,72.0,10.0
3081.16119678343,100.0,0.0,15.0,11.0,15.0,1.5,1.0,72.0,10.0
3081.56119678343,100.0,0.0,15.0,11.0,15.0,1.5,1.0,72.0,10.0
3081.5617422379755,100.0,0.0,15.0,11.0,15.0,1.5,1.0,72.0,10.0
3081.9617422379756,100.0,0.0,15.0,11.0,15.0,1.5,1.0,72.0,10.0
3081.962287692521,100.0,0.0,15.0,11.0,15.0,1.5,1.0,72.0,10.0
3082.362287692521,100.0,0.0,15.0,11.0,15.0,1.5,1.0,72.0,10.0
3082.3628331470663,100.0,0.0,15.0,11.0,15.0,1.5,1.0,72.0,10.0
3082.7628331470664,100.0,0.0,15.0,11.0,15.0,1.5,1.0,72.0,10.0
3082.7633786016117,100.0,0.0,15.0,11.0,15.0,1.5,1.0,72.0,10.0
3083.163378601612,100.0,0.0,15.0,11.0,15.0,1.5,1.0,72.0,10.0
3083.163924056157,100.0,0.0,15.0,11.0,15.0,1.5,1.0,72.0,10.0
3083.5639240561572,100.0,0.0,15.0,11.0,15.0,1.5,1.0,72.0,10.0
3083.5644695107026,100.0,0.0,15.0,11.0,15.0,1.5,1.0,72.0,10.0
3083.9644695107027,100.0,0.0,15.0,11.0,15.0,1.5,1.0,72.0,10.0
3083.965014965248,100.0,0.0,15.0,11.0,15.0,1.5,1.0,72.0,10.0
3084.365014965248,100.0,0.0,15.0,11.0,15.0,1.5,1.0,72.0,10.0
3084.3655604197934,100.0,0.0,15.0,11.0,15.0,1.5,1.0,72.0,10.0
3084.7655604197935,100.0,0.0,15.0,11.0,15.0,1.5,1.0,72.0,10.0
3084.766105874339,100.0,0.0,15.0,11.0,15.0,1.5,1.0,72.0,10.0
3085.166105874339,100.0,0.0,15.0,11.0,15.0,1.5,1.0,72.0,10.0
3085.166651328884,100.0,0.0,15.0,11.0,15.0,1.5,1.0,72.0,10.0
3085.5666513288843,100.0,0.0,15.0,11.0,15.0,1.5,1.0,72.0,10.0
3085.5671967834296,90.0,0.0,15.0,11.0,15.0,1.5,1.0,72.0,10.0
3085.9671967834297,90.0,0.0,15.0,11.0,15.0,1.5,1.0,72.0,10.0
3085.967742237975,90.0,0.0,15.0,11.0,15.0,1.5,1.0,72.0,10.0
3086.367742237975,90.0,0.0,15.0,11.0,15.0,1.5,1.0,72.0,10.0
3086.3682876925204,90.0,0.0,15.0,11.0,15.0,1.5,1.0,72.0,10.0
3086.7682876925205,90.0,0.0,15.0,11.0,15.0,1.5,1.0,72.0,10.0
3086.768833147066,90.0,0.0,15.0,11.0,15.0,1.5,1.0,72.0,10.0
3087.168833147066,90.0,0.0,15.0,11.0,15.0,1.5,1.0,72.0,10.0
3087.1693786016112,90.0,0.0,15.0,11.0,15.0,1.5,1.0,72.0,10.0
3087.5693786016113,90.0,0.0,15.0,11.0,15.0,1.5,1.0,72.0,10.0
3087.5699240561567,90.0,0.0,15.0,11.0,15.0,1.5,1.0,72.0,10.0
3087.9699240561567,90.0,0.0,15.0,11.0,15.0,1.5,1.0,72.0,10.0
3087.970469510702,90.0,0.0,15.0,11.0,15.0,1.5,1.0,72.0,10.0
3088.370469510702,90.0,0.0,15.0,11.0,15.0,1.5,1.0,72.0,10.0
3088.3710149652475,90.0,0.0,15.0,11.0,15.0,1.5,1.0,72.0,10.0
3088.7710149652476,90.0,0.0,15.0,11.0,15.0,1.5,1.0,72.0,10.0
3088.771560419793,90.0,0.0,15.0,11.0,15.0,1.5,1.0,72.0,10.0
3089.171560419793,90.0,0.0,15.0,11.0,15.0,1.5,1.0,72.0,10.0
3089.1721058743383,90.0,0.0,15.0,11.0,15.0,1.5,1.0,72.0,10.0
3089.5721058743384,90.0,0.0,15.0,11.0,15.0,1.5,1.0,72.0,10.0
3089.5726513288837,90.0,0.0,15.0,11.0,15.0,1.5,1.0,72.0,10.0
3089.972651328884,90.0,0.0,15.0,11.0,15.0,1.5,1.0,72.0,10.0
3089.973196783429,90.0,0.0,15.0,11.0,15.0,1.5,1.0,72.0,10.0
3090.373196783429,90.0,0.0,15.0,11.0,15.0,1.5,1.0,72.0,10.0
3090.3737422379745,90.0,0.0,15.0,11.0,15.0,1.5,1.0,72.0,10.0
3090.7737422379746,90.0,0.0,15.0,11.0,15.0,1.5,1.0,72.0,10.0
3090.77428769252,90.0,0.0,15.0,11.0,15.0,1.5,1.0,72.0,10.0
3091.17428769252,90.0,0.0,15.0,11.0,15.0,1.5,1.0,72.0,10.0
3091.1748331470653,90.0,0.0,15.0,11.0,15.0,1.5,1.0,72.0,10.0
3091.5748331470654,90.0,0.0,15.0,11.0,15.0,1.5,1.0,72.0,10.0
3091.5753786016107,90.0,0.0,15.0,11.0,15.0,1.5,1.0,72.0,10.0
3091.975378601611,90.0,0.0,15.0,11.0,15.0,1.5,1.0,72.0,10.0
3091.975924056156,90.0,0.0,15.0,11.0,15.0,1.5,1.0,72.0,10.0
3092.3759240561562,90.0,0.0,15.0,11.0,15.0,1.5,1.0,72.0,10.0
3092.3764695107016,90.0,0.0,15.0,11.0,15.0,1.5,1.0,72.0,10.0
3092.7764695107016,90.0,0.0,15.0,11.0,15.0,1.5,1.0,72.0,10.0
3092.777014965247,90.0,0.0,15.0,11.0,15.0,1.5,1.0,72.0,10.0
3093.177014965247,90.0,0.0,15.0,11.0,15.0,1.5,1.0,72.0,10.0
3093.1775604197924,90.0,0.0,15.0,11.0,15.0,1.5,1.0,72.0,10.0
3093.5775604197925,90.0,0.0,15.0,11.0,15.0,1.5,1.0,72.0,10.0
3093.578105874338,90.0,0.0,15.0,11.0,15.0,1.5,1.0,72.0,10.0
3093.978105874338,90.0,0.0,15.0,11.0,15.0,1.5,1.0,72.0,10.0
3093.978651328883,90.0,0.0,15.0,11.0,15.0,1.5,1.0,72.0,10.0
3094.3786513288833,90.0,0.0,15.0,11.0,15.0,1.5,1.0,72.0,10.0
3094.3791967834286,90.0,0.0,15.0,11.0,15.0,1.5,1.0,72.0,10.0
3094.7791967834287,90.0,0.0,15.0,11.0,15.0,1.5,1.0,72.0,10.0
3094.779742237974,90.0,0.0,15.0,11.0,15.0,1.5,1.0,72.0,10.0
3095.179742237974,90.0,0.0,15.0,11.0,15.0,1.5,1.0,72.0,10.0
3095.1802876925194,90.0,0.0,15.0,11.0,15.0,1.5,1.0,72.0,10.0
3095.5802876925195,90.0,0.0,15.0,11.0,15.0,1.5,1.0,72.0,10.0
3095.580833147065,90.0,0.0,15.0,11.0,15.0,1.5,1.0,72.0,10.0
3095.980833147065,90.0,0.0,15.0,11.0,15.0,1.5,1.0,72.0,10.0
3095.9813786016102,90.0,0.0,15.0,11.0,15.0,1.5,1.0,72.0,10.0
3096.3813786016103,90.0,0.0,15.0,11.0,15.0,1.5,1.0,72.0,10.0
3096.3819240561556,90.0,0.0,15.0,11.0,15.0,1.5,1.0,72.0,10.0
3096.7819240561557,90.0,0.0,15.0,11.0,15.0,1.5,1.0,72.0,10.0
3096.782469510701,90.0,0.0,15.0,11.0,15.0,1.5,1.0,72.0,10.0
3097.182469510701,90.0,0.0,15.0,11.0,15.0,1.5,1.0,72.0,10.0
3097.1830149652465,90.0,0.0,15.0,11.0,15.0,1.5,1.0,72.0,10.0
3097.5830149652465,90.0,0.0,15.0,11.0,15.0,1.5,1.0,72.0,10.0
3097.583560419792,90.0,0.0,16.0,11.0,15.0,1.5,1.0,72.0,10.0
3097.983560419792,90.0,0.0,16.0,11.0,15.0,1.5,1.0,72.0,10.0
3097.9841058743373,90.0,0.0,16.0,11.0,15.0,1.5,1.0,72.0,10.0
3098.3841058743374,90.0,0.0,16.0,11.0,15.0,1.5,1.0,72.0,10.0
3098.3846513288827,90.0,0.0,16.0,11.0,15.0,1.5,1.0,72.0,10.0
3098.784651328883,90.0,0.0,16.0,11.0,15.0,1.5,1.0,72.0,10.0
3098.785196783428,90.0,0.0,16.0,11.0,15.0,1.5,1.0,72.0,10.0
3099.185196783428,90.0,0.0,16.0,11.0,15.0,1.5,1.0,72.0,10.0
3099.1857422379735,90.0,0.0,16.0,11.0,15.0,1.5,1.0,72.0,10.0
3099.5857422379736,90.0,0.0,16.0,11.0,15.0,1.5,1.0,72.0,10.0
3099.586287692519,90.0,0.0,16.0,11.0,15.0,1.5,1.0,72.0,10.0
3099.986287692519,90.0,0.0,16.0,11.0,15.0,1.5,1.0,72.0,10.0
3099.9868331470643,90.0,0.0,16.0,11.0,15.0,1.5,1.0,72.0,10.0
3100.3868331470644,90.0,0.0,16.0,11.0,15.0,1.5,1.0,72.0,10.0
3100.3873786016097,90.0,0.0,16.0,11.0,15.0,1.5,1.0,72.0,10.0
3100.78737860161,90.0,0.0,16.0,11.0,15.0,1.5,1.0,72.0,10.0
3100.787924056155,90.0,0.0,16.0,11.0,15.0,1.5,1.0,72.0,10.0
3101.187924056155,90.0,0.0,16.0,11.0,15.0,1.5,1.0,72.0,10.0
3101.1884695107005,90.0,0.0,16.0,11.0,15.0,1.5,1.0,72.0,10.0
3101.5884695107006,90.0,0.0,16.0,11.0,15.0,1.5,1.0,72.0,10.0
3101.589014965246,90.0,0.0,16.0,11.0,15.0,1.5,1.0,72.0,10.0
3101.989014965246,90.0,0.0,16.0,11.0,15.0,1.5,1.0,72.0,10.0
3101.9895604197914,90.0,0.0,16.0,11.0,15.0,1.5,1.0,72.0,10.0
3102.3895604197915,90.0,0.0,16.0,11.0,15.0,1.5,1.0,72.0,10.0
3102.3901058743368,90.0,0.0,16.0,11.0,15.0,1.5,1.0,72.0,10.0
3102.790105874337,90.0,0.0,16.0,11.0,15.0,1.5,1.0,72.0,10.0
3102.790651328882,80.0,0.0,16.0,11.0,16.0,1.5,1.0,72.0,10.0
3103.1906513288823,80.0,0.0,16.0,11.0,16.0,1.5,1.0,72.0,10.0
3103.1911967834276,80.0,0.0,16.0,11.0,16.0,1.5,1.0,72.0,10.0
3103.5911967834277,80.0,0.0,16.0,11.0,16.0,1.5,1.0,72.0,10.0
3103.591742237973,80.0,0.0,16.0,11.0,16.0,1.5,1.0,72.0,10.0
3103.991742237973,80.0,0.0,16.0,11.0,16.0,1.5,1.0,72.0,10.0
3103.9922876925184,80.0,0.0,16.0,11.0,16.0,1.5,1.0,72.0,10.0
3104.3922876925185,80.0,0.0,16.0,11.0,16.0,1.5,1.0,72.0,10.0
3104.392833147064,80.0,0.0,16.0,11.0,16.0,1.5,1.0,72.0,10.0
3104.792833147064,80.0,0.0,16.0,11.0,16.0,1.5,1.0,72.0,10.0
3104.793378601609,80.0,0.0,16.0,11.0,16.0,1.5,1.0,72.0,10.0
3105.1933786016093,80.0,0.0,16.0,11.0,16.0,1.5,1.0,72.0,10.0
3105.1939240561546,80.0,0.0,16.0,11.0,16.0,1.5,1.0,72.0,10.0
3105.5939240561547,80.0,0.0,16.0,11.0,16.0,1.5,1.0,72.0,10.0
3105.5944695107,80.0,0.0,16.0,11.0,16.0,1.5,1.0,72.0,10.0
3105.9944695107,80.0,0.0,16.0,11.0,16.0,1.5,1.0,72.0,10.0
3105.9950149652454,80.0,0.0,16.0,11.0,16.0,1.5,1.0,72.0,10.0
3106.3950149652455,80.0,0.0,16.0,11.0,16.0,1.5,1.0,72.0,10.0
3106.395560419791,80.0,0.0,16.0,11.0,16.0,1.5,1.0,72.0,10.0
3106.795560419791,80.0,0.0,16.0,11.0,16.0,1.5,1.0,72.0,10.0
3106.7961058743363,80.0,0.0,16.0,11.0,16.0,1.5,1.0,72.0,10.0
3107.1961058743364,80.0,0.0,16.0,11.0,16.0,1.5,1.0,72.0,10.0
3107.1966513288817,80.0,0.0,16.0,11.0,16.0,1.5,1.0,72.0,10.0
3107.5966513288818,80.0,0.0,16.0,11.0,16.0,1.5,1.0,72.0,10.0
3107.597196783427,80.0,0.0,16.0,11.0,16.0,1.5,1.0,72.0,10.0
3107.997196783427,80.0,0.0,16.0,11.0,16.0,1.5,1.0,72.0,10.0
3107.9977422379725,80.0,0.0,16.0,11.0,16.0,1.5,1.0,72.0,10.0
3108.3977422379726,80.0,0.0,16.0,11.0,16.0,1.5,1.0,72.0,10.0
3108.398287692518,80.0,0.0,16.0,11.0,16.0,1.5,1.0,72.0,10.0
3108.798287692518,80.0,0.0,16.0,11.0,16.0,1.5,1.0,72.0,10.0
3108.7988331470633,80.0,0.0,16.0,11.0,16.0,1.5,1.0,72.0,10.0
3109.1988331470634,80.0,0.0,16.0,11.0,16.0,1.5,1.0,72.0,10.0
3109.1993786016087,80.0,0.0,16.0,11.0,16.0,1.5,1.0,72.0,10.0
3109.599378601609,80.0,0.0,16.0,11.0,16.0,1.5,1.0,72.0,10.0
3109.599924056154,80.0,0.0,16.0,11.0,16.0,1.5,1.0,72.0,10.0
3109.999924056154,80.0,0.0,16.0,11.0,16.0,1.5,1.0,72.0,10.0
3110.0004695106995,80.0,0.0,16.0,11.0,16.0,1.5,1.0,72.0,10.0
3110.4004695106996,80.0,0.0,16.0,11.0,16.0,1.5,1.0,72.0,10.0
3110.401014965245,80.0,0.0,16.0,11.0,16.0,1.5,1.0,72.0,10.0
3110.801014965245,80.0,0.0,16.0,11.0,16.0,1.5,1.0,72.0,10.0
3110.8015604197903,80.0,0.0,16.0,11.0,16.0,1.5,1.0,72.0,10.0
3111.2015604197904,80.0,0.0,16.0,11.0,16.0,1.5,1.0,72.0,10.0
3111.2021058743358,80.0,0.0,16.0,11.0,16.0,1.5,1.0,72.0,10.0
3111.602105874336,80.0,0.0,16.0,11.0,16.0,1.5,1.0,72.0,10.0
3111.602651328881,80.0,0.0,16.0,11.0,16.0,1.5,1.0,72.0,10.0
3112.0026513288813,80.0,0.0,16.0,11.0,16.0,1.5,1.0,72.0,10.0
3112.0031967834266,80.0,0.0,16.0,11.0,16.0,1.5,1.0,72.0,10.0
3112.4031967834267,80.0,0.0,16.0,11.0,16.0,1.5,1.0,72.0,10.0
3112.403742237972,80.0,0.0,16.0,11.0,16.0,1.5,1.0,72.0,10.0
3112.803742237972,80.0,0.0,16.0,11.0,16.0,1.5,1.0,72.0,10.0
3112.8042876925174,70.0,0.0,16.0,11.0,16.0,1.5,1.0,72.0,10.0
3113.2042876925175,70.0,0.0,16.0,11.0,16.0,1.5,1.0,72.0,10.0
3113.204833147063,70.0,0.0,16.0,11.0,16.0,1.5,1.0,72.0,10.0
3113.604833147063,70.0,0.0,16.0,11.0,16.0,1.5,1.0,72.0,10.0
3113.605378601608,70.0,0.0,16.0,11.0,16.0,1.5,1.0,72.0,10.0
3114.0053786016083,70.0,0.0,16.0,11.0,16.0,1.5,1.0,72.0,10.0
3114.0059240561536,70.0,0.0,16.0,11.0,16.0,1.5,1.0,72.0,10.0
3114.4059240561537,70.0,0.0,16.0,11.0,16.0,1.5,1.0,72.0,10.0
3114.406469510699,70.0,0.0,16.0,11.0,16.0,1.5,1.0,72.0,10.0
3114.806469510699,70.0,0.0,16.0,11.0,16.0,1.5,1.0,72.0,10.0
3114.8070149652444,70.0,0.0,16.0,11.0,16.0,1.5,1.0,72.0,10.0
3115.2070149652445,70.0,0.0,16.0,11.0,16.0,1.5,1.0,72.0,10.0
3115.20756041979,80.0,0.0,16.0,11.0,16.0,1.5,1.0,72.0,10.0
3115.60756041979,80.0,0.0,16.0,11.0,16.0,1.5,1.0,72.0,10.0
3115.6081058743353,80.0,0.0,16.0,11.0,16.0,1.5,1.0,72.0,10.0
3116.0081058743353,80.0,0.0,16.0,11.0,16.0,1.5,1.0,72.0,10.0
3116.0086513288807,80.0,0.0,16.0,11.0,16.0,1.5,1.0,72.0,10.0
3116.4086513288808,80.0,0.0,16.0,11.0,16.0,1.5,1.0,72.0,10.0
3116.409196783426,80.0,0.0,16.0,11.0,16.0,1.5,1.0,72.0,10.0
3116.809196783426,80.0,0.0,16.0,11.0,16.0,1.5,1.0,72.0,10.0
3116.8097422379715,80.0,0.0,16.0,11.0,16.0,1.5,1.0,72.0,10.0
3117.2097422379716,80.0,0.0,16.0,11.0,16.0,1.5,1.0,72.0,10.0
3117.210287692517,80.0,0.0,16.0,11.0,16.0,1.5,1.0,72.0,10.0
3117.610287692517,80.0,0.0,16.0,11.0,16.0,1.5,1.0,72.0,10.0
3117.6108331470623,80.0,0.0,16.0,11.0,16.0,1.5,1.0,72.0,10.0
3118.0108331470624,80.0,0.0,16.0,11.0,16.0,1.5,1.0,72.0,10.0
3118.0113786016077,80.0,0.0,16.0,11.0,16.0,1.5,1.0,72.0,10.0
3118.411378601608,80.0,0.0,16.0,11.0,16.0,1.5,1.0,72.0,10.0
3118.411924056153,80.0,0.0,16.0,11.0,16.0,1.5,1.0,72.0,10.0
3118.811924056153,80.0,0.0,16.0,11.0,16.0,1.5,1.0,72.0,10.0
3118.8124695106985,80.0,0.0,16.0,11.0,16.0,1.5,1.0,72.0,10.0
3119.2124695106986,80.0,0.0,16.0,11.0,16.0,1.5,1.0,72.0,10.0
3119.213014965244,80.0,0.0,16.0,11.0,16.0,1.5,1.0,72.0,10.0
3119.613014965244,80.0,0.0,16.0,11.0,16.0,1.5,1.0,72.0,10.0
3119.6135604197893,80.0,0.0,16.0,11.0,16.0,1.5,1.0,72.0,10.0
3120.0135604197894,80.0,0.0,16.0,11.0,16.0,1.5,1.0,72.0,10.0
3120.0141058743347,80.0,0.0,16.0,11.0,16.0,1.5,1.0,72.0,10.0
3120.414105874335,80.0,0.0,16.0,11.0,16.0,1.5,1.0,72.0,10.0
3120.41465132888,80.0,0.0,16.0,11.0,16.0,1.5,1.0,72.0,10.0
3120.8146513288802,80.0,0.0,16.0,11.0,16.0,1.5,1.0,72.0,10.0
3120.8151967834256,80.0,0.0,16.0,11.0,16.0,1.5,1.0,72.0,10.0
3121.2151967834257,80.0,0.0,16.0,11.0,16.0,1.5,1.0,72.0,10.0
3121.215742237971,80.0,0.0,16.0,11.0,16.0,1.5,1.0,72.0,10.0
3121.615742237971,80.0,0.0,16.0,11.0,16.0,1.5,1.0,72.0,10.0
3121.6162876925164,80.0,0.0,16.0,11.0,16.0,1.5,1.0,72.0,10.0
3122.0162876925165,80.0,0.0,16.0,11.0,16.0,1.5,1.0,72.0,10.0
3122.016833147062,80.0,0.0,16.0,11.0,16.0,1.5,1.0,72.0,10.0
3122.416833147062,80.0,0.0,16.0,11.0,16.0,1.5,1.0,72.0,10.0
3122.417378601607,80.0,0.0,16.0,11.0,16.0,1.5,1.0,72.0,10.0
3122.8173786016073,80.0,0.0,16.0,11.0,16.0,1.5,1.0,72.0,10.0
3122.8179240561526,80.0,0.0,16.0,11.0,16.0,1.5,1.0,72.0,10.0
3123.2179240561527,80.0,0.0,16.0,11.0,16.0,1.5,1.0,72.0,10.0
3123.218469510698,80.0,0.0,16.0,11.0,16.0,1.5,1.0,72.0,10.0
3123.618469510698,80.0,0.0,16.0,11.0,16.0,1.5,1.0,72.0,10.0
3123.6190149652434,80.0,0.0,16.0,11.0,16.0,1.5,1.0,72.0,10.0
3124.0190149652435,80.0,0.0,16.0,11.0,16.0,1.5,1.0,72.0,10.0
3124.019560419789,80.0,0.0,16.0,11.0,16.0,1.5,1.0,72.0,10.0
3124.419560419789,80.0,0.0,16.0,11.0,16.0,1.5,1.0,72.0,10.0
3124.4201058743342,80.0,0.0,16.0,11.0,16.0,1.5,1.0,72.0,10.0
3124.8201058743343,80.0,0.0,16.0,11.0,16.0,1.5,1.0,72.0,10.0
3124.8206513288796,80.0,0.0,16.0,11.0,16.0,1.5,1.0,72.0,10.0
3125.2206513288797,80.0,0.0,16.0,11.0,16.0,1.5,1.0,72.0,10.0
3125.221196783425,80.0,0.0,16.0,11.0,16.0,1.5,1.0,72.0,10.0
3125.621196783425,80.0,0.0,16.0,11.0,16.0,1.5,1.0,72.0,10.0
3125.6217422379705,80.0,0.0,16.0,11.0,16.0,1.5,1.0,72.0,10.0
3126.0217422379706,80.0,0.0,16.0,11.0,16.0,1.5,1.0,72.0,10.0
3126.022287692516,80.0,0.0,16.0,11.0,16.0,1.5,1.0,72.0,10.0
3126.422287692516,80.0,0.0,16.0,11.0,16.0,1.5,1.0,72.0,10.0
3126.4228331470613,80.0,0.0,16.0,11.0,16.0,1.5,1.0,72.0,10.0
3126.8228331470614,80.0,0.0,16.0,11.0,16.0,1.5,1.0,72.0,10.0
3126.8233786016067,80.0,0.0,16.0,11.0,16.0,1.5,1.0,72.0,10.0
3127.223378601607,80.0,0.0,16.0,11.0,16.0,1.5,1.0,72.0,10.0
3127.223924056152,80.0,0.0,16.0,11.0,16.0,1.5,1.0,72.0,10.0
3127.623924056152,80.0,0.0,16.0,11.0,16.0,1.5,1.0,72.0,10.0
3127.6244695106975,80.0,0.0,16.0,11.0,16.0,1.5,1.0,72.0,10.0
3128.0244695106976,80.0,0.0,16.0,11.0,16.0,1.5,1.0,72.0,10.0
3128.025014965243,80.0,0.0,16.0,11.0,16.0,1.5,1.0,72.0,10.0
3128.425014965243,80.0,0.0,16.0,11.0,16.0,1.5,1.0,72.0,10.0
3128.4255604197883,80.0,0.0,16.0,11.0,16.0,1.5,1.0,72.0,10.0
3128.8255604197884,80.0,0.0,16.0,11.0,16.0,1.5,1.0,72.0,10.0
3128.8261058743337,80.0,0.0,16.0,11.0,16.0,1.5,1.0,72.0,10.0
3129.226105874334,80.0,0.0,16.0,11.0,16.0,1.5,1.0,72.0,10.0
3129.226651328879,80.0,0.0,16.0,11.0,16.0,1.5,1.0,72.0,10.0
3129.6266513288792,80.0,0.0,16.0,11.0,16.0,1.5,1.0,72.0,10.0
3129.6271967834246,80.0,0.0,16.0,11.0,16.0,1.5,1.0,72.0,10.0
3130.0271967834246,80.0,0.0,16.0,11.0,16.0,1.5,1.0,72.0,10.0
3130.02774223797,80.0,0.0,16.0,11.0,16.0,1.5,1.0,72.0,10.0
3130.42774223797,80.0,0.0,16.0,11.0,16.0,1.5,1.0,72.0,10.0
3130.4282876925154,80.0,0.0,16.0,11.0,16.0,1.5,1.0,72.0,10.0
3130.8282876925155,80.0,0.0,16.0,11.0,16.0,1.5,1.0,72.0,10.0
3130.828833147061,80.0,0.0,16.0,11.0,16.0,1.5,1.0,72.0,10.0
3131.228833147061,80.0,0.0,16.0,11.0,16.0,1.5,1.0,72.0,10.0
3131.229378601606,80.0,0.0,16.0,11.0,16.0,1.5,1.0,72.0,10.0
3131.6293786016063,80.0,0.0,16.0,11.0,16.0,1.5,1.0,72.0,10.0
3131.6299240561516,80.0,0.0,16.0,11.0,16.0,1.5,1.0,72.0,10.0
3132.0299240561517,80.0,0.0,16.0,11.0,16.0,1.5,1.0,72.0,10.0
3132.030469510697,80.0,0.0,16.0,11.0,16.0,1.5,1.0,72.0,10.0
3132.430469510697,80.0,0.0,16.0,11.0,16.0,1.5,1.0,72.0,10.0
3132.4310149652424,80.0,0.0,16.0,11.0,16.0,1.5,1.0,72.0,10.0
3132.8310149652425,80.0,0.0,16.0,11.0,16.0,1.5,1.0,72.0,10.0
3132.831560419788,80.0,0.0,16.0,11.0,16.0,1.5,1.0,72.0,10.0
3133.231560419788,80.0,0.0,16.0,11.0,16.0,1.5,1.0,72.0,10.0
3133.2321058743332,80.0,0.0,16.0,11.0,16.0,1.5,1.0,72.0,10.0
3133.6321058743333,80.0,0.0,16.0,11.0,16.0,1.5,1.0,72.0,10.0
3133.6326513288786,70.0,0.0,16.0,11.0,16.0,1.5,1.0,72.0,10.0
3134.0326513288787,70.0,0.0,16.0,11.0,16.0,1.5,1.0,72.0,10.0
3134.033196783424,70.0,0.0,16.0,11.0,16.0,1.5,1.0,72.0,10.0
3134.433196783424,70.0,0.0,16.0,11.0,16.0,1.5,1.0,72.0,10.0
3134.4337422379695,70.0,0.0,16.0,11.0,16.0,1.5,1.0,72.0,10.0
3134.8337422379695,70.0,0.0,16.0,11.0,16.0,1.5,1.0,72.0,10.0
3134.834287692515,70.0,0.0,16.0,11.0,16.0,1.5,1.0,72.0,10.0
3135.234287692515,70.0,0.0,16.0,11.0,16.0,1.5,1.0,72.0,10.0
3135.2348331470603,70.0,0.0,16.0,11.0,16.0,1.5,1.0,72.0,10.0
3135.6348331470604,70.0,0.0,16.0,11.0,16.0,1.5,1.0,72.0,10.0
3135.6353786016057,70.0,0.0,16.0,11.0,16.0,1.5,1.0,72.0,10.0
3136.0353786016058,70.0,0.0,16.0,11.0,16.0,1.5,1.0,72.0,10.0
3136.035924056151,70.0,0.0,16.0,11.0,16.0,1.5,1.0,72.0,10.0
3136.435924056151,70.0,0.0,16.0,11.0,16.0,1.5,1.0,72.0,10.0
3136.4364695106965,70.0,0.0,16.0,11.0,16.0,1.5,1.0,72.0,10.0
3136.8364695106966,70.0,0.0,16.0,11.0,16.0,1.5,1.0,72.0,10.0
3136.837014965242,70.0,0.0,16.0,11.0,16.0,1.5,1.0,72.0,10.0
3137.237014965242,70.0,0.0,16.0,11.0,16.0,1.5,1.0,72.0,10.0
3137.2375604197873,70.0,0.0,16.0,11.0,16.0,1.5,1.0,72.0,10.0
3137.6375604197874,70.0,0.0,16.0,11.0,16.0,1.5,1.0,72.0,10.0
3137.6381058743327,70.0,0.0,16.0,11.0,16.0,1.5,1.0,72.0,10.0
3138.038105874333,70.0,0.0,16.0,11.0,16.0,1.5,1.0,72.0,10.0
3138.038651328878,70.0,0.0,16.0,11.0,16.0,1.5,1.0,72.0,10.0
3138.438651328878,70.0,0.0,16.0,11.0,16.0,1.5,1.0,72.0,10.0
3138.4391967834235,70.0,0.0,16.0,11.0,16.0,1.5,1.0,72.0,10.0
3138.8391967834236,70.0,0.0,16.0,11.0,16.0,1.5,1.0,72.0,10.0
3138.839742237969,70.0,0.0,16.0,11.0,16.0,1.5,1.0,72.0,10.0
3139.239742237969,70.0,0.0,16.0,11.0,16.0,1.5,1.0,72.0,10.0
3139.2402876925144,70.0,0.0,16.0,11.0,16.0,1.5,1.0,72.0,10.0
3139.6402876925144,70.0,0.0,16.0,11.0,16.0,1.5,1.0,72.0,10.0
3139.6408331470598,70.0,0.0,16.0,11.0,16.0,1.5,1.0,72.0,10.0
3140.04083314706,70.0,0.0,16.0,11.0,16.0,1.5,1.0,72.0,10.0
3140.041378601605,70.0,0.0,16.0,11.0,16.0,1.5,1.0,72.0,10.0
3140.4413786016053,70.0,0.0,16.0,11.0,16.0,1.5,1.0,72.0,10.0
3140.4419240561506,70.0,0.0,16.0,11.0,16.0,1.5,1.0,72.0,10.0
3140.8419240561507,70.0,0.0,16.0,11.0,16.0,1.5,1.0,72.0,10.0
3140.842469510696,70.0,0.0,16.0,11.0,16.0,1.5,1.0,72.0,10.0
3141.242469510696,70.0,0.0,16.0,11.0,16.0,1.5,1.0,72.0,10.0
3141.2430149652414,70.0,0.0,16.0,11.0,16.0,1.5,1.0,72.0,10.0
3141.6430149652415,70.0,0.0,16.0,11.0,16.0,1.5,1.0,72.0,10.0
3141.643560419787,70.0,0.0,16.0,11.0,16.0,1.5,1.0,72.0,10.0
3142.043560419787,70.0,0.0,16.0,11.0,16.0,1.5,1.0,72.0,10.0
3142.044105874332,70.0,0.0,16.0,11.0,16.0,1.5,1.0,72.0,10.0
3142.4441058743323,70.0,0.0,16.0,11.0,16.0,1.5,1.0,72.0,10.0
3142.4446513288776,90.0,0.0,16.0,11.0,16.0,1.5,1.0,72.0,10.0
3142.8446513288777,90.0,0.0,16.0,11.0,16.0,1.5,1.0,72.0,10.0
3142.845196783423,90.0,0.0,16.0,11.0,16.0,1.5,1.0,72.0,10.0
3143.245196783423,90.0,0.0,16.0,11.0,16.0,1.5,1.0,72.0,10.0
3143.2457422379684,90.0,0.0,16.0,11.0,16.0,1.5,1.0,72.0,10.0
3143.6457422379685,90.0,0.0,16.0,11.0,16.0,1.5,1.0,72.0,10.0
3143.646287692514,90.0,0.0,16.0,11.0,16.0,1.5,1.0,72.0,10.0
3144.046287692514,90.0,0.0,16.0,11.0,16.0,1.5,1.0,72.0,10.0
3144.0468331470593,90.0,0.0,16.0,11.0,16.0,1.5,1.0,72.0,10.0
3144.4468331470594,90.0,0.0,16.0,11.0,16.0,1.5,1.0,72.0,10.0
3144.4473786016047,90.0,0.0,16.0,11.0,16.0,1.5,1.0,72.0,10.0
3144.8473786016048,90.0,0.0,16.0,11.0,16.0,1.5,1.0,72.0,10.0
3144.84792405615,90.0,0.0,16.0,11.0,16.0,1.5,1.0,72.0,10.0
3145.24792405615,90.0,0.0,16.0,11.0,16.0,1.5,1.0,72.0,10.0
3145.2484695106955,90.0,0.0,16.0,11.0,16.0,1.5,1.0,72.0,10.0
3145.6484695106956,90.0,0.0,16.0,11.0,16.0,1.5,1.0,72.0,10.0
3145.649014965241,90.0,0.0,16.0,11.0,16.0,1.5,1.0,72.0,10.0
3146.049014965241,90.0,0.0,16.0,11.0,16.0,1.5,1.0,72.0,10.0
3146.0495604197863,90.0,0.0,16.0,11.0,16.0,1.5,1.0,72.0,10.0
3146.4495604197864,90.0,0.0,16.0,11.0,16.0,1.5,1.0,72.0,10.0
3146.4501058743317,90.0,0.0,16.0,11.0,16.0,1.5,1.0,72.0,10.0
3146.850105874332,90.0,0.0,16.0,11.0,16.0,1.5,1.0,72.0,10.0
3146.850651328877,90.0,0.0,16.0,11.0,16.0,1.5,1.0,72.0,10.0
3147.250651328877,90.0,0.0,16.0,11.0,16.0,1.5,1.0,72.0,10.0
3147.2511967834225,90.0,0.0,16.0,11.0,16.0,1.5,1.0,72.0,10.0
3147.6511967834226,90.0,0.0,16.0,11.0,16.0,1.5,1.0,72.0,10.0
3147.651742237968,90.0,0.0,16.0,11.0,16.0,1.5,1.0,72.0,10.0
3148.051742237968,90.0,0.0,16.0,11.0,16.0,1.5,1.0,72.0,10.0
3148.0522876925133,90.0,0.0,16.0,11.0,16.0,1.5,1.0,72.0,10.0
3148.4522876925134,90.0,0.0,16.0,11.0,16.0,1.5,1.0,72.0,10.0
3148.4528331470588,90.0,0.0,16.0,11.0,16.0,1.5,1.0,72.0,10.0
3148.852833147059,90.0,0.0,16.0,11.0,16.0,1.5,1.0,72.0,10.0
3148.853378601604,90.0,0.0,16.0,11.0,16.0,1.5,1.0,72.0,10.0
3149.2533786016043,90.0,0.0,16.0,11.0,16.0,1.5,1.0,72.0,10.0
3149.2539240561496,90.0,0.0,16.0,11.0,16.0,1.5,1.0,72.0,10.0
3149.6539240561497,90.0,0.0,16.0,11.0,16.0,1.5,1.0,72.0,10.0
3149.654469510695,90.0,0.0,16.0,11.0,16.0,1.5,1.0,72.0,10.0
3150.054469510695,90.0,0.0,16.0,11.0,16.0,1.5,1.0,72.0,10.0
3150.0550149652404,90.0,0.0,16.0,11.0,16.0,1.5,1.0,72.0,10.0
3150.4550149652405,90.0,0.0,16.0,11.0,16.0,1.5,1.0,72.0,10.0
3150.455560419786,90.0,0.0,16.0,11.0,16.0,1.5,1.0,72.0,10.0
3150.855560419786,90.0,0.0,16.0,11.0,16.0,1.5,1.0,72.0,10.0
3150.856105874331,90.0,0.0,16.0,11.0,16.0,1.5,1.0,72.0,10.0
3151.2561058743313,90.0,0.0,16.0,11.0,16.0,1.5,1.0,72.0,10.0
3151.2566513288766,90.0,0.0,16.0,11.0,16.0,1.5,1.0,72.0,10.0
3151.6566513288767,90.0,0.0,16.0,11.0,16.0,1.5,1.0,72.0,10.0
3151.657196783422,90.0,0.0,16.0,11.0,16.0,1.5,1.0,72.0,10.0
3152.057196783422,90.0,0.0,16.0,11.0,16.0,1.5,1.0,72.0,10.0
3152.0577422379674,90.0,0.0,16.0,11.0,16.0,1.5,1.0,72.0,10.0
3152.4577422379675,90.0,0.0,16.0,11.0,16.0,1.5,1.0,72.0,10.0
3152.458287692513,90.0,0.0,16.0,11.0,16.0,1.5,1.0,72.0,10.0
3152.858287692513,90.0,0.0,16.0,11.0,16.0,1.5,1.0,72.0,10.0
3152.8588331470582,90.0,0.0,16.0,11.0,16.0,1.5,1.0,72.0,10.0
3153.2588331470583,90.0,0.0,16.0,11.0,16.0,1.5,1.0,72.0,10.0
3153.2593786016037,90.0,0.0,16.0,11.0,16.0,1.5,1.0,72.0,10.0
3153.6593786016037,90.0,0.0,16.0,11.0,16.0,1.5,1.0,72.0,10.0
3153.659924056149,90.0,0.0,16.0,11.0,16.0,1.5,1.0,72.0,10.0
3154.059924056149,90.0,0.0,16.0,11.0,16.0,1.5,1.0,72.0,10.0
3154.0604695106945,90.0,0.0,16.0,11.0,16.0,1.5,1.0,72.0,10.0
3154.4604695106946,90.0,0.0,16.0,11.0,16.0,1.5,1.0,72.0,10.0
3154.46101496524,90.0,0.0,16.0,11.0,16.0,1.5,1.0,72.0,10.0
3154.86101496524,90.0,0.0,16.0,11.0,16.0,1.5,1.0,72.0,10.0
3154.8615604197853,90.0,0.0,16.0,11.0,16.0,1.5,1.0,72.0,10.0
3155.2615604197854,90.0,0.0,16.0,11.0,16.0,1.5,1.0,72.0,10.0
3155.2621058743307,90.0,0.0,16.0,11.0,16.0,1.5,1.0,72.0,10.0
3155.662105874331,90.0,0.0,16.0,11.0,16.0,1.5,1.0,72.0,10.0
3155.662651328876,100.0,0.0,16.0,11.0,16.0,1.5,1.0,72.0,10.0
3156.062651328876,100.0,0.0,16.0,11.0,16.0,1.5,1.0,72.0,10.0
3156.0631967834215,100.0,0.0,16.0,11.0,16.0,1.5,1.0,72.0,10.0
3156.4631967834216,100.0,0.0,16.0,11.0,16.0,1.5,1.0,72.0,10.0
3156.463742237967,100.0,0.0,16.0,11.0,16.0,1.5,1.0,72.0,10.0
3156.863742237967,100.0,0.0,16.0,11.0,16.0,1.5,1.0,72.0,10.0
3156.8642876925123,100.0,0.0,16.0,11.0,16.0,1.5,1.0,72.0,10.0
3157.2642876925124,100.0,0.0,16.0,11.0,16.0,1.5,1.0,72.0,10.0
3157.2648331470577,100.0,0.0,16.0,11.0,16.0,1.5,1.0,72.0,10.0
3157.664833147058,100.0,0.0,16.0,11.0,16.0,1.5,1.0,72.0,10.0
3157.665378601603,100.0,0.0,16.0,11.0,16.0,1.5,1.0,72.0,10.0
3158.0653786016032,100.0,0.0,16.0,11.0,16.0,1.5,1.0,72.0,10.0
3158.0659240561486,100.0,0.0,16.0,11.0,16.0,1.5,1.0,72.0,10.0
3158.4659240561487,100.0,0.0,16.0,11.0,16.0,1.5,1.0,72.0,10.0
3158.466469510694,100.0,0.0,16.0,11.0,16.0,1.5,1.0,72.0,10.0
3158.866469510694,100.0,0.0,16.0,11.0,16.0,1.5,1.0,72.0,10.0
3158.8670149652394,100.0,0.0,16.0,11.0,16.0,1.5,1.0,72.0,10.0
3159.2670149652395,100.0,0.0,16.0,11.0,16.0,1.5,1.0,72.0,10.0
3159.267560419785,100.0,0.0,16.0,11.0,16.0,1.5,1.0,72.0,10.0
3159.667560419785,100.0,0.0,16.0,11.0,16.0,1.5,1.0,72.0,10.0
3159.66810587433,100.0,0.0,16.0,11.0,16.0,1.5,1.0,72.0,10.0
3160.0681058743303,100.0,0.0,16.0,11.0,16.0,1.5,1.0,72.0,10.0
3160.0686513288756,100.0,0.0,16.0,11.0,16.0,1.5,1.0,72.0,10.0
3160.4686513288757,100.0,0.0,16.0,11.0,16.0,1.5,1.0,72.0,10.0
3160.469196783421,100.0,0.0,16.0,11.0,16.0,1.5,1.0,72.0,10.0
3160.869196783421,100.0,0.0,16.0,11.0,16.0,1.5,1.0,72.0,10.0
3160.8697422379664,100.0,0.0,16.0,11.0,16.0,1.5,1.0,72.0,10.0
3161.2697422379665,100.0,0.0,16.0,11.0,16.0,1.5,1.0,72.0,10.0
3161.270287692512,100.0,0.0,16.0,11.0,16.0,1.5,1.0,72.0,10.0
3161.670287692512,100.0,0.0,16.0,11.0,16.0,1.5,1.0,72.0,10.0
3161.6708331470572,100.0,0.0,16.0,11.0,16.0,1.5,1.0,72.0,10.0
3162.0708331470573,100.0,0.0,16.0,11.0,16.0,1.5,1.0,72.0,10.0
3162.0713786016026,100.0,0.0,16.0,11.0,16.0,1.5,1.0,72.0,10.0
3162.4713786016027,100.0,0.0,16.0,11.0,16.0,1.5,1.0,72.0,10.0
3162.471924056148,100.0,0.0,16.0,11.0,16.0,1.5,1.0,72.0,10.0
3162.871924056148,100.0,0.0,16.0,11.0,16.0,1.5,1.0,72.0,10.0
3162.8724695106935,100.0,0.0,16.0,11.0,16.0,1.5,1.0,72.0,10.0
3163.2724695106936,100.0,0.0,16.0,11.0,16.0,1.5,1.0,72.0,10.0
3163.273014965239,100.0,0.0,16.0,11.0,16.0,1.5,1.0,72.0,10.0
3163.673014965239,100.0,0.0,16.0,11.0,16.0,1.5,1.0,72.0,10.0
3163.6735604197843,100.0,0.0,16.0,11.0,16.0,1.5,1.0,72.0,10.0
3164.0735604197844,100.0,0.0,16.0,11.0,16.0,1.5,1.0,72.0,10.0
3164.0741058743297,100.0,0.0,16.0,11.0,16.0,1.5,1.0,72.0,10.0
3164.47410587433,100.0,0.0,16.0,11.0,16.0,1.5,1.0,72.0,10.0
3164.474651328875,100.0,0.0,16.0,11.0,16.0,1.5,1.0,72.0,10.0
3164.874651328875,100.0,0.0,16.0,11.0,16.0,1.5,1.0,72.0,10.0
3164.8751967834205,100.0,0.0,16.0,11.0,16.0,1.5,1.0,72.0,10.0
3165.2751967834206,100.0,0.0,16.0,11.0,16.0,1.5,1.0,72.0,10.0
3165.275742237966,100.0,0.0,16.0,11.0,16.0,1.5,1.0,72.0,10.0
3165.675742237966,100.0,0.0,16.0,11.0,16.0,1.5,1.0,72.0,10.0
3165.6762876925113,100.0,0.0,16.0,11.0,16.0,1.5,1.0,72.0,10.0
3166.0762876925114,100.0,0.0,16.0,11.0,16.0,1.5,1.0,72.0,10.0
3166.0768331470567,100.0,0.0,16.0,11.0,16.0,1.5,1.0,72.0,10.0
3166.476833147057,100.0,0.0,16.0,11.0,16.0,1.5,1.0,72.0,10.0
3166.477378601602,100.0,0.0,16.0,11.0,16.0,1.5,1.0,72.0,10.0
3166.8773786016022,100.0,0.0,16.0,11.0,16.0,1.5,1.0,72.0,10.0
3166.8779240561475,100.0,0.0,16.0,11.0,16.0,1.5,1.0,72.0,10.0
3167.2779240561476,100.0,0.0,16.0,11.0,16.0,1.5,1.0,72.0,10.0
3167.278469510693,100.0,0.0,16.0,11.0,16.0,1.5,1.0,72.0,10.0
3167.678469510693,100.0,0.0,16.0,11.0,16.0,1.5,1.0,72.0,10.0
3167.6790149652384,100.0,0.0,16.0,11.0,16.0,1.5,1.0,72.0,10.0
3168.0790149652385,100.0,0.0,16.0,11.0,16.0,1.5,1.0,72.0,10.0
3168.079560419784,100.0,0.0,16.0,11.0,16.0,1.5,1.0,72.0,10.0
3168.479560419784,100.0,0.0,16.0,11.0,16.0,1.5,1.0,72.0,10.0
3168.480105874329,100.0,0.0,16.0,11.0,16.0,1.5,1.0,72.0,10.0
3168.8801058743293,100.0,0.0,16.0,11.0,16.0,1.5,1.0,72.0,10.0
3168.8806513288746,100.0,0.0,16.0,11.0,16.0,1.5,1.0,72.0,10.0
3169.2806513288747,100.0,0.0,16.0,11.0,16.0,1.5,1.0,72.0,10.0
3169.28119678342,100.0,0.0,16.0,11.0,16.0,1.5,1.0,72.0,10.0
3169.68119678342,100.0,0.0,16.0,11.0,16.0,1.5,1.0,72.0,10.0
3169.6817422379654,100.0,0.0,16.0,11.0,16.0,1.5,1.0,72.0,10.0
3170.0817422379655,100.0,0.0,16.0,11.0,16.0,1.5,1.0,72.0,10.0
3170.082287692511,100.0,0.0,16.0,11.0,16.0,1.5,1.0,72.0,10.0
3170.482287692511,100.0,0.0,16.0,11.0,16.0,1.5,1.0,72.0,10.0
3170.482833147056,100.0,0.0,16.0,11.0,16.0,1.5,1.0,72.0,10.0
3170.8828331470563,100.0,0.0,16.0,11.0,16.0,1.5,1.0,72.0,10.0
3170.8833786016016,100.0,0.0,16.0,11.0,16.0,1.5,1.0,72.0,10.0
3171.2833786016017,100.0,0.0,16.0,11.0,16.0,1.5,1.0,72.0,10.0
3171.283924056147,100.0,0.0,16.0,11.0,16.0,1.5,1.0,72.0,10.0
3171.683924056147,100.0,0.0,16.0,11.0,16.0,1.5,1.0,72.0,10.0
3171.6844695106925,100.0,0.0,16.0,11.0,16.0,1.5,1.0,72.0,10.0
3172.0844695106925,100.0,0.0,16.0,11.0,16.0,1.5,1.0,72.0,10.0
3172.085014965238,100.0,0.0,16.0,11.0,16.0,1.5,1.0,72.0,10.0
3172.485014965238,100.0,0.0,16.0,11.0,16.0,1.5,1.0,72.0,10.0
3172.4855604197833,100.0,0.0,16.0,11.0,16.0,1.5,1.0,72.0,10.0
3172.8855604197834,100.0,0.0,16.0,11.0,16.0,1.5,1.0,72.0,10.0
3172.8861058743287,100.0,0.0,16.0,11.0,16.0,1.5,1.0,72.0,10.0
3173.2861058743288,100.0,0.0,16.0,11.0,16.0,1.5,1.0,72.0,10.0
3173.286651328874,100.0,0.0,16.0,11.0,16.0,1.5,1.0,72.0,10.0
3173.686651328874,100.0,0.0,16.0,11.0,16.0,1.5,1.0,72.0,10.0
3173.6871967834195,100.0,0.0,16.0,11.0,16.0,1.5,1.0,72.0,10.0
3174.0871967834196,100.0,0.0,16.0,11.0,16.0,1.5,1.0,72.0,10.0
3174.087742237965,100.0,0.0,16.0,11.0,16.0,1.5,1.0,72.0,10.0
3174.487742237965,100.0,0.0,16.0,11.0,16.0,1.5,1.0,72.0,10.0
3174.4882876925103,100.0,0.0,16.0,11.0,16.0,1.5,1.0,72.0,10.0
3174.8882876925104,100.0,0.0,16.0,11.0,16.0,1.5,1.0,72.0,10.0
3174.8888331470557,100.0,0.0,16.0,11.0,16.0,1.5,1.0,72.0,10.0
3175.288833147056,100.0,0.0,16.0,11.0,16.0,1.5,1.0,72.0,10.0
3175.289378601601,100.0,0.0,16.0,11.0,16.0,1.5,1.0,72.0,10.0
3175.689378601601,100.0,0.0,16.0,11.0,16.0,1.5,1.0,72.0,10.0
3175.6899240561465,100.0,0.0,16.0,11.0,16.0,1.5,1.0,72.0,10.0
3176.0899240561466,100.0,0.0,16.0,11.0,16.0,1.5,1.0,72.0,10.0
3176.090469510692,100.0,0.0,16.0,11.0,16.0,1.5,1.0,72.0,10.0
3176.490469510692,100.0,0.0,16.0,11.0,16.0,1.5,1.0,72.0,10.0
3176.4910149652374,100.0,0.0,16.0,11.0,16.0,1.5,1.0,72.0,10.0
3176.8910149652374,100.0,0.0,16.0,11.0,16.0,1.5,1.0,72.0,10.0
3176.8915604197828,100.0,0.0,16.0,11.0,16.0,1.5,1.0,72.0,10.0
3177.291560419783,100.0,0.0,16.0,11.0,16.0,1.5,1.0,72.0,10.0
3177.292105874328,100.0,0.0,16.0,11.0,16.0,1.5,1.0,72.0,10.0
3177.6921058743283,100.0,0.0,16.0,11.0,16.0,1.5,1.0,72.0,10.0
3177.6926513288736,100.0,0.0,16.0,11.0,16.0,1.5,1.0,72.0,10.0
3178.0926513288737,100.0,0.0,16.0,11.0,16.0,1.5,1.0,72.0,10.0
3178.093196783419,100.0,0.0,16.0,11.0,16.0,1.5,1.0,72.0,10.0
3178.493196783419,100.0,0.0,16.0,11.0,16.0,1.5,1.0,72.0,10.0
3178.4937422379644,100.0,0.0,16.0,11.0,16.0,1.5,1.0,72.0,10.0
3178.8937422379645,100.0,0.0,16.0,11.0,16.0,1.5,1.0,72.0,10.0
3178.89428769251,100.0,0.0,16.0,11.0,16.0,1.5,1.0,72.0,10.0
3179.29428769251,100.0,0.0,16.0,11.0,16.0,1.5,1.0,72.0,10.0
3179.294833147055,100.0,0.0,16.0,11.0,16.0,1.5,1.0,72.0,10.0
3179.6948331470553,100.0,0.0,16.0,11.0,16.0,1.5,1.0,72.0,10.0
3179.6953786016006,100.0,0.0,16.0,11.0,16.0,1.5,1.0,72.0,10.0
3180.0953786016007,100.0,0.0,16.0,11.0,16.0,1.5,1.0,72.0,10.0
3180.095924056146,100.0,0.0,16.0,11.0,16.0,1.5,1.0,72.0,10.0
3180.495924056146,100.0,0.0,16.0,11.0,16.0,1.5,1.0,72.0,10.0
3180.4964695106914,100.0,0.0,16.0,11.0,16.0,1.5,1.0,72.0,10.0
3180.8964695106915,100.0,0.0,16.0,11.0,16.0,1.5,1.0,72.0,10.0
3180.897014965237,100.0,0.0,16.0,11.0,16.0,1.5,1.0,72.0,10.0
3181.297014965237,100.0,0.0,16.0,11.0,16.0,1.5,1.0,72.0,10.0
3181.2975604197823,100.0,0.0,16.0,11.0,16.0,1.5,1.0,72.0,10.0
3181.6975604197823,100.0,0.0,16.0,11.0,16.0,1.5,1.0,72.0,10.0
3181.6981058743277,100.0,0.0,16.0,11.0,16.0,1.5,1.0,72.0,10.0
3182.0981058743278,100.0,0.0,16.0,11.0,16.0,1.5,1.0,72.0,10.0
3182.098651328873,100.0,0.0,16.0,11.0,16.0,1.5,1.0,72.0,10.0
3182.498651328873,100.0,0.0,16.0,11.0,16.0,1.5,1.0,72.0,10.0
3182.4991967834185,100.0,0.0,16.0,11.0,16.0,1.5,1.0,72.0,10.0
3182.8991967834186,100.0,0.0,16.0,11.0,16.0,1.5,1.0,72.0,10.0
3182.899742237964,110.0,0.0,16.0,11.0,16.0,1.5,1.0,72.0,10.0
3183.299742237964,110.0,0.0,16.0,11.0,16.0,1.5,1.0,72.0,10.0
3183.3002876925093,110.0,0.0,16.0,11.0,16.0,1.5,1.0,72.0,10.0
3183.7002876925094,110.0,0.0,16.0,11.0,16.0,1.5,1.0,72.0,10.0
3183.7008331470547,110.0,0.0,16.0,11.0,16.0,1.5,1.0,72.0,10.0
3184.100833147055,110.0,0.0,16.0,11.0,16.0,1.5,1.0,72.0,10.0
3184.1013786016,110.0,0.0,16.0,11.0,16.0,1.5,1.0,72.0,10.0
3184.5013786016,110.0,0.0,16.0,11.0,16.0,1.5,1.0,72.0,10.0
3184.5019240561455,110.0,0.0,16.0,11.0,16.0,1.5,1.0,72.0,10.0
3184.9019240561456,110.0,0.0,16.0,11.0,16.0,1.5,1.0,72.0,10.0
3184.902469510691,110.0,0.0,16.0,11.0,16.0,1.5,1.0,72.0,10.0
3185.302469510691,110.0,0.0,16.0,11.0,16.0,1.5,1.0,72.0,10.0
3185.3030149652363,110.0,0.0,16.0,11.0,16.0,1.5,1.0,72.0,10.0
3185.7030149652364,110.0,0.0,16.0,11.0,16.0,1.5,1.0,72.0,10.0
3185.7035604197818,110.0,0.0,16.0,11.0,16.0,1.5,1.0,72.0,10.0
3186.103560419782,110.0,0.0,16.0,11.0,16.0,1.5,1.0,72.0,10.0
3186.104105874327,110.0,0.0,16.0,11.0,16.0,1.5,1.0,72.0,10.0
3186.5041058743273,110.0,0.0,16.0,11.0,16.0,1.5,1.0,72.0,10.0
3186.5046513288726,110.0,0.0,16.0,11.0,16.0,1.5,1.0,72.0,10.0
3186.9046513288727,110.0,0.0,16.0,11.0,16.0,1.5,1.0,72.0,10.0
3186.905196783418,110.0,0.0,16.0,11.0,16.0,1.5,1.0,72.0,10.0
3187.305196783418,110.0,0.0,16.0,11.0,16.0,1.5,1.0,72.0,10.0
3187.3057422379634,110.0,0.0,16.0,11.0,16.0,1.5,1.0,72.0,10.0
3187.7057422379635,110.0,0.0,16.0,11.0,16.0,1.5,1.0,72.0,10.0
3187.706287692509,110.0,0.0,16.0,11.0,16.0,1.5,1.0,72.0,10.0
3188.106287692509,110.0,0.0,16.0,11.0,16.0,1.5,1.0,72.0,10.0
3188.106833147054,110.0,0.0,16.0,11.0,16.0,1.5,1.0,72.0,10.0
3188.5068331470543,110.0,0.0,16.0,11.0,16.0,1.5,1.0,72.0,10.0
3188.5073786015996,110.0,0.0,16.0,11.0,16.0,1.5,1.0,72.0,10.0
3188.9073786015997,110.0,0.0,16.0,11.0,16.0,1.5,1.0,72.0,10.0
3188.907924056145,110.0,0.0,16.0,11.0,16.0,1.5,1.0,72.0,10.0
3189.307924056145,110.0,0.0,16.0,11.0,16.0,1.5,1.0,72.0,10.0
3189.3084695106904,110.0,0.0,16.0,11.0,16.0,1.5,1.0,72.0,10.0
3189.7084695106905,110.0,0.0,16.0,11.0,16.0,1.5,1.0,72.0,10.0
3189.709014965236,110.0,0.0,16.0,11.0,16.0,1.5,1.0,72.0,10.0
3190.109014965236,110.0,0.0,16.0,11.0,16.0,1.5,1.0,72.0,10.0
3190.1095604197812,110.0,0.0,16.0,11.0,16.0,1.5,1.0,72.0,10.0
3190.5095604197813,110.0,0.0,16.0,11.0,16.0,1.5,1.0,72.0,10.0
3190.5101058743267,110.0,0.0,16.0,11.0,16.0,1.5,1.0,72.0,10.0
3190.9101058743267,110.0,0.0,16.0,11.0,16.0,1.5,1.0,72.0,10.0
3190.910651328872,110.0,0.0,16.0,11.0,16.0,1.5,1.0,72.0,10.0
3191.310651328872,110.0,0.0,16.0,11.0,16.0,1.5,1.0,72.0,10.0
3191.3111967834175,110.0,0.0,16.0,11.0,16.0,1.5,1.0,72.0,10.0
3191.7111967834176,110.0,0.0,16.0,11.0,16.0,1.5,1.0,72.0,10.0
3191.711742237963,110.0,0.0,16.0,11.0,16.0,1.5,1.0,72.0,10.0
3192.111742237963,110.0,0.0,16.0,11.0,16.0,1.5,1.0,72.0,10.0
3192.1122876925083,110.0,0.0,16.0,11.0,16.0,1.5,1.0,72.0,10.0
3192.5122876925084,110.0,0.0,16.0,11.0,16.0,1.5,1.0,72.0,10.0
3192.5128331470537,120.0,0.0,16.0,11.0,16.0,1.5,1.0,72.0,10.0
3192.912833147054,120.0,0.0,16.0,11.0,16.0,1.5,1.0,72.0,10.0
3192.913333147054,120.0,0.0,16.0,11.0,16.0,1.5,1.0,72.0,10.0
3193.313333147054,120.0,0.0,16.0,11.0,16.0,1.5,1.0,72.0,10.0
3193.313833147054,120.0,0.0,16.0,11.0,16.0,1.5,1.0,72.0,10.0
3193.713833147054,120.0,0.0,16.0,11.0,16.0,1.5,1.0,72.0,10.0
3193.7143331470543,120.0,0.0,16.0,11.0,16.0,1.5,1.0,72.0,10.0
3194.1143331470544,120.0,0.0,16.0,11.0,16.0,1.5,1.0,72.0,10.0
3194.1148331470545,120.0,0.0,16.0,11.0,16.0,1.5,1.0,72.0,10.0
3194.5148331470546,120.0,0.0,16.0,11.0,16.0,1.5,1.0,72.0,10.0
3194.5153331470547,120.0,0.0,16.0,11.0,16.0,1.5,1.0,72.0,10.0
3194.9153331470548,120.0,0.0,16.0,11.0,16.0,1.5,1.0,72.0,10.0
3194.915833147055,120.0,0.0,16.0,11.0,16.0,1.5,1.0,72.0,10.0
3195.315833147055,120.0,0.0,16.0,11.0,16.0,1.5,1.0,72.0,10.0
3195.316333147055,120.0,0.0,16.0,11.0,16.0,1.5,1.0,72.0,10.0
3195.716333147055,120.0,0.0,16.0,11.0,16.0,1.5,1.0,72.0,10.0
3195.7168331470552,120.0,0.0,16.0,11.0,16.0,1.5,1.0,72.0,10.0
3196.1168331470553,120.0,0.0,16.0,11.0,16.0,1.5,1.0,72.0,10.0
3196.1173331470554,120.0,0.0,16.0,11.0,16.0,1.5,1.0,72.0,10.0
3196.5173331470555,120.0,0.0,16.0,11.0,16.0,1.5,1.0,72.0,10.0
3196.5178331470556,120.0,0.0,16.0,11.0,16.0,1.5,1.0,72.0,10.0
3196.9178331470557,120.0,0.0,16.0,11.0,16.0,1.5,1.0,72.0,10.0
3196.918333147056,120.0,0.0,16.0,11.0,16.0,1.5,1.0,72.0,10.0
3197.318333147056,120.0,0.0,16.0,11.0,16.0,1.5,1.0,72.0,10.0
3197.318833147056,120.0,0.0,16.0,11.0,16.0,1.5,1.0,72.0,10.0
3197.718833147056,120.0,0.0,16.0,11.0,16.0,1.5,1.0,72.0,10.0
3197.719333147056,120.0,0.0,16.0,11.0,16.0,1.5,1.0,72.0,10.0
3198.1193331470563,120.0,0.0,16.0,11.0,16.0,1.5,1.0,72.0,10.0
3198.1198331470564,120.0,0.0,16.0,11.0,16.0,1.5,1.0,72.0,10.0
3198.5198331470565,120.0,0.0,16.0,11.0,16.0,1.5,1.0,72.0,10.0
3198.5203331470566,120.0,0.0,16.0,11.0,16.0,1.5,1.0,72.0,10.0
3198.9203331470567,120.0,0.0,16.0,11.0,16.0,1.5,1.0,72.0,10.0
3198.920833147057,120.0,0.0,16.0,11.0,16.0,1.5,1.0,72.0,10.0
3199.320833147057,120.0,0.0,16.0,11.0,16.0,1.5,1.0,72.0,10.0
3199.321333147057,120.0,0.0,16.0,11.0,16.0,1.5,1.0,72.0,10.0
3199.721333147057,120.0,0.0,16.0,11.0,16.0,1.5,1.0,72.0,10.0
3199.721833147057,120.0,0.0,16.0,11.0,16.0,1.5,1.0,72.0,10.0
3200.1218331470573,120.0,0.0,16.0,11.0,16.0,1.5,1.0,72.0,10.0
3200.1223331470574,120.0,0.0,16.0,11.0,16.0,1.5,1.0,72.0,10.0
3200.5223331470575,120.0,0.0,16.0,11.0,16.0,1.5,1.0,72.0,10.0
3200.5228331470576,120.0,0.0,16.0,11.0,16.0,1.5,1.0,72.0,10.0
3200.9228331470576,120.0,0.0,16.0,11.0,16.0,1.5,1.0,72.0,10.0
3200.9233331470577,120.0,0.0,16.0,11.0,16.0,1.5,1.0,72.0,10.0
3201.323333147058,120.0,0.0,16.0,11.0,16.0,1.5,1.0,72.0,10.0
3201.323833147058,120.0,0.0,16.0,11.0,16.0,1.5,1.0,72.0,10.0
3201.723833147058,120.0,0.0,16.0,11.0,16.0,1.5,1.0,72.0,10.0
3201.724333147058,120.0,0.0,16.0,11.0,16.0,1.5,1.0,72.0,10.0
3202.124333147058,120.0,0.0,16.0,11.0,16.0,1.5,1.0,72.0,10.0
3202.1248331470583,120.0,0.0,16.0,11.0,16.0,1.5,1.0,72.0,10.0
3202.5248331470584,120.0,0.0,16.0,11.0,16.0,1.5,1.0,72.0,10.0
3202.5253331470585,120.0,0.0,16.0,11.0,16.0,1.5,1.0,72.0,10.0
3202.9253331470586,120.0,0.0,16.0,11.0,16.0,1.5,1.0,72.0,10.0
3202.9258331470587,120.0,0.0,16.0,11.0,16.0,1.5,1.0,72.0,10.0
3203.325833147059,120.0,0.0,16.0,11.0,16.0,1.5,1.0,72.0,10.0
3203.326333147059,110.0,0.0,16.0,11.0,16.0,1.5,1.0,72.0,10.0
3203.726333147059,110.0,0.0,16.0,11.0,16.0,1.5,1.0,72.0,10.0
3203.7268786016043,110.0,0.0,16.0,11.0,16.0,1.5,1.0,72.0,10.0
3204.1268786016044,110.0,0.0,16.0,11.0,16.0,1.5,1.0,72.0,10.0
3204.1274240561497,110.0,0.0,16.0,11.0,16.0,1.5,1.0,72.0,10.0
3204.52742405615,110.0,0.0,16.0,11.0,16.0,1.5,1.0,72.0,10.0
3204.527969510695,110.0,0.0,16.0,11.0,16.0,1.5,1.0,72.0,10.0
3204.927969510695,110.0,0.0,16.0,11.0,16.0,1.5,1.0,72.0,10.0
3204.9285149652405,110.0,0.0,16.0,11.0,16.0,1.5,1.0,72.0,10.0
3205.3285149652406,110.0,0.0,16.0,11.0,16.0,1.5,1.0,72.0,10.0
3205.329060419786,110.0,0.0,16.0,11.0,16.0,1.5,1.0,72.0,10.0
3205.729060419786,110.0,0.0,16.0,11.0,16.0,1.5,1.0,72.0,10.0
3205.7296058743314,110.0,0.0,16.0,11.0,16.0,1.5,1.0,72.0,10.0
3206.1296058743314,110.0,0.0,16.0,11.0,16.0,1.5,1.0,72.0,10.0
3206.1301513288768,110.0,0.0,16.0,11.0,16.0,1.5,1.0,72.0,10.0
3206.530151328877,110.0,0.0,16.0,11.0,16.0,1.5,1.0,72.0,10.0
3206.530696783422,110.0,0.0,16.0,11.0,16.0,1.5,1.0,72.0,10.0
3206.9306967834223,110.0,0.0,16.0,11.0,16.0,1.5,1.0,72.0,10.0
3206.9312422379676,110.0,0.0,16.0,11.0,16.0,1.5,1.0,72.0,10.0
3207.3312422379677,110.0,0.0,16.0,11.0,16.0,1.5,1.0,72.0,10.0
3207.331787692513,110.0,0.0,16.0,11.0,16.0,1.5,1.0,72.0,10.0
3207.731787692513,110.0,0.0,16.0,11.0,16.0,1.5,1.0,72.0,10.0
3207.7323331470584,110.0,0.0,16.0,11.0,16.0,1.5,1.0,72.0,10.0
3208.1323331470585,110.0,0.0,16.0,11.0,16.0,1.5,1.0,72.0,10.0
3208.132878601604,110.0,0.0,16.0,11.0,16.0,1.5,1.0,72.0,10.0
3208.532878601604,110.0,0.0,16.0,11.0,16.0,1.5,1.0,72.0,10.0
3208.533424056149,110.0,0.0,16.0,11.0,16.0,1.5,1.0,72.0,10.0
3208.9334240561493,110.0,0.0,16.0,11.0,16.0,1.5,1.0,72.0,10.0
3208.9339695106946,110.0,0.0,16.0,11.0,16.0,1.5,1.0,72.0,10.0
3209.3339695106947,110.0,0.0,16.0,11.0,16.0,1.5,1.0,72.0,10.0
3209.33451496524,110.0,0.0,16.0,11.0,16.0,1.5,1.0,72.0,10.0
3209.73451496524,110.0,0.0,16.0,11.0,16.0,1.5,1.0,72.0,10.0
3209.7350604197854,110.0,0.0,16.0,11.0,16.0,1.5,1.0,72.0,10.0
3210.1350604197855,110.0,0.0,16.0,11.0,16.0,1.5,1.0,72.0,10.0
3210.135605874331,110.0,0.0,16.0,11.0,16.0,1.5,1.0,72.0,10.0
3210.535605874331,110.0,0.0,16.0,11.0,16.0,1.5,1.0,72.0,10.0
3210.5361513288763,110.0,0.0,16.0,11.0,16.0,1.5,1.0,72.0,10.0
3210.9361513288763,110.0,0.0,16.0,11.0,16.0,1.5,1.0,72.0,10.0
3210.9366967834217,110.0,0.0,16.0,11.0,16.0,1.5,1.0,72.0,10.0
3211.3366967834218,110.0,0.0,16.0,11.0,16.0,1.5,1.0,72.0,10.0
3211.337242237967,110.0,0.0,16.0,11.0,16.0,1.5,1.0,72.0,10.0
3211.737242237967,110.0,0.0,16.0,11.0,16.0,1.5,1.0,72.0,10.0
3211.7377876925125,110.0,0.0,16.0,11.0,16.0,1.5,1.0,72.0,10.0
3212.1377876925126,110.0,0.0,16.0,11.0,16.0,1.5,1.0,72.0,10.0
3212.138333147058,110.0,0.0,16.0,11.0,16.0,1.5,1.0,72.0,10.0
3212.538333147058,110.0,0.0,16.0,11.0,16.0,1.5,1.0,72.0,10.0
3212.5388786016033,110.0,0.0,16.0,11.0,16.0,1.5,1.0,72.0,10.0
3212.9388786016034,110.0,0.0,16.0,11.0,16.0,1.5,1.0,72.0,10.0
3212.9394240561487,110.0,0.0,16.0,11.0,17.0,1.5,1.0,72.0,10.0
3213.339424056149,110.0,0.0,16.0,11.0,17.0,1.5,1.0,72.0,10.0
3213.339969510694,110.0,0.0,16.0,11.0,17.0,1.5,1.0,72.0,10.0
3213.739969510694,110.0,0.0,16.0,11.0,17.0,1.5,1.0,72.0,10.0
3213.7405149652395,110.0,0.0,16.0,11.0,17.0,1.5,1.0,72.0,10.0
3214.1405149652396,110.0,0.0,16.0,11.0,17.0,1.5,1.0,72.0,10.0
3214.141060419785,110.0,0.0,16.0,11.0,17.0,1.5,1.0,72.0,10.0
3214.541060419785,110.0,0.0,16.0,11.0,17.0,1.5,1.0,72.0,10.0
3214.5416058743303,110.0,0.0,16.0,11.0,17.0,1.5,1.0,72.0,10.0
3214.9416058743304,110.0,0.0,16.0,11.0,17.0,1.5,1.0,72.0,10.0
3214.9421513288758,110.0,0.0,16.0,11.0,17.0,1.5,1.0,72.0,10.0
3215.342151328876,110.0,0.0,16.0,11.0,17.0,1.5,1.0,72.0,10.0
3215.342696783421,110.0,0.0,16.0,11.0,17.0,1.5,1.0,72.0,10.0
3215.7426967834213,110.0,0.0,16.0,11.0,17.0,1.5,1.0,72.0,10.0
3215.7432422379666,110.0,0.0,16.0,11.0,17.0,1.5,1.0,72.0,10.0
3216.1432422379667,110.0,0.0,16.0,11.0,17.0,1.5,1.0,72.0,10.0
3216.143787692512,110.0,0.0,16.0,11.0,17.0,1.5,1.0,72.0,10.0
3216.543787692512,110.0,0.0,16.0,11.0,17.0,1.5,1.0,72.0,10.0
3216.5443331470574,110.0,0.0,16.0,11.0,17.0,1.5,1.0,72.0,10.0
3216.9443331470575,110.0,0.0,16.0,11.0,17.0,1.5,1.0,72.0,10.0
3216.944878601603,110.0,0.0,16.0,11.0,17.0,1.5,1.0,72.0,10.0
3217.344878601603,110.0,0.0,16.0,11.0,17.0,1.5,1.0,72.0,10.0
3217.345424056148,100.0,0.0,16.0,11.0,17.0,1.5,1.0,72.0,10.0
3217.7454240561483,100.0,0.0,16.0,11.0,17.0,1.5,1.0,72.0,10.0
3217.7459695106936,100.0,0.0,16.0,11.0,17.0,1.5,1.0,72.0,10.0
3218.1459695106937,100.0,0.0,16.0,11.0,17.0,1.5,1.0,72.0,10.0
3218.146514965239,100.0,0.0,16.0,11.0,17.0,1.5,1.0,72.0,10.0
3218.546514965239,100.0,0.0,16.0,11.0,17.0,1.5,1.0,72.0,10.0
3218.5470604197844,110.0,0.0,16.0,11.0,17.0,1.5,1.0,72.0,10.0
3218.9470604197845,110.0,0.0,16.0,11.0,17.0,1.5,1.0,72.0,10.0
3218.94760587433,110.0,0.0,16.0,11.0,17.0,1.5,1.0,72.0,10.0
3219.34760587433,110.0,0.0,16.0,11.0,17.0,1.5,1.0,72.0,10.0
3219.3481513288752,110.0,0.0,16.0,11.0,17.0,1.5,1.0,72.0,10.0
3219.7481513288753,110.0,0.0,16.0,11.0,17.0,1.5,1.0,72.0,10.0
3219.7486967834207,110.0,0.0,16.0,11.0,17.0,1.5,1.0,72.0,10.0
3220.1486967834207,110.0,0.0,16.0,11.0,17.0,1.5,1.0,72.0,10.0
3220.149242237966,110.0,0.0,16.0,11.0,17.0,1.5,1.0,72.0,10.0
3220.549242237966,110.0,0.0,16.0,11.0,17.0,1.5,1.0,72.0,10.0
3220.5497876925115,110.0,0.0,16.0,11.0,17.0,1.5,1.0,72.0,10.0
3220.9497876925116,110.0,0.0,16.0,11.0,17.0,1.5,1.0,72.0,10.0
3220.950333147057,110.0,0.0,16.0,11.0,17.0,1.5,1.0,72.0,10.0
3221.350333147057,110.0,0.0,16.0,11.0,17.0,1.5,1.0,72.0,10.0
3221.3508786016023,100.0,0.0,16.0,11.0,17.0,1.5,1.0,72.0,10.0
3221.7508786016024,100.0,0.0,16.0,11.0,17.0,1.5,1.0,72.0,10.0
3221.7514240561477,100.0,0.0,16.0,11.0,17.0,1.5,1.0,72.0,10.0
3222.151424056148,100.0,0.0,16.0,11.0,17.0,1.5,1.0,72.0,10.0
3222.151969510693,100.0,0.0,16.0,11.0,17.0,1.5,1.0,72.0,10.0
3222.551969510693,100.0,0.0,16.0,11.0,17.0,1.5,1.0,72.0,10.0
3222.5525149652385,100.0,0.0,16.0,11.0,17.0,1.5,1.0,72.0,10.0
3222.9525149652386,100.0,0.0,16.0,11.0,17.0,1.5,1.0,72.0,10.0
3222.953060419784,100.0,0.0,16.0,11.0,17.0,1.5,1.0,72.0,10.0
3223.353060419784,100.0,0.0,16.0,11.0,17.0,1.5,1.0,72.0,10.0
3223.3536058743293,100.0,0.0,16.0,11.0,17.0,1.5,1.0,72.0,10.0
3223.7536058743294,100.0,0.0,16.0,11.0,17.0,1.5,1.0,72.0,10.0
3223.7541513288747,100.0,0.0,16.0,11.0,17.0,1.5,1.0,72.0,10.0
3224.154151328875,100.0,0.0,16.0,11.0,17.0,1.5,1.0,72.0,10.0
3224.15469678342,100.0,0.0,16.0,11.0,17.0,1.5,1.0,72.0,10.0
3224.5546967834202,100.0,0.0,16.0,11.0,17.0,1.5,1.0,72.0,10.0
3224.5552422379656,100.0,0.0,16.0,11.0,17.0,1.5,1.0,72.0,10.0
3224.9552422379656,100.0,0.0,16.0,11.0,17.0,1.5,1.0,72.0,10.0
3224.955787692511,100.0,0.0,16.0,11.0,17.0,1.5,1.0,72.0,10.0
3225.355787692511,100.0,0.0,16.0,11.0,17.0,1.5,1.0,72.0,10.0
3225.3563331470564,100.0,0.0,16.0,11.0,17.0,1.5,1.0,72.0,10.0
3225.7563331470565,100.0,0.0,16.0,11.0,17.0,1.5,1.0,72.0,10.0
3225.756878601602,100.0,0.0,16.0,11.0,17.0,1.5,1.0,72.0,10.0
3226.156878601602,100.0,0.0,16.0,11.0,17.0,1.5,1.0,72.0,10.0
3226.157424056147,100.0,0.0,16.0,11.0,17.0,1.5,1.0,72.0,10.0
3226.5574240561473,100.0,0.0,16.0,11.0,17.0,1.5,1.0,72.0,10.0
3226.5579695106926,100.0,0.0,16.0,11.0,17.0,1.5,1.0,72.0,10.0
3226.9579695106927,100.0,0.0,16.0,11.0,17.0,1.5,1.0,72.0,10.0
3226.958514965238,100.0,0.0,16.0,11.0,17.0,1.5,1.0,72.0,10.0
3227.358514965238,100.0,0.0,16.0,11.0,17.0,1.5,1.0,72.0,10.0
3227.3590604197834,110.0,0.0,16.0,11.0,17.0,1.5,1.0,72.0,10.0
3227.7590604197835,110.0,0.0,16.0,11.0,17.0,1.5,1.0,72.0,10.0
3227.759605874329,110.0,0.0,16.0,11.0,17.0,1.5,1.0,72.0,10.0
3228.159605874329,110.0,0.0,16.0,11.0,17.0,1.5,1.0,72.0,10.0
3228.1601513288742,110.0,0.0,16.0,11.0,17.0,6.5,1.0,72.0,10.0
3228.5601513288743,110.0,0.0,16.0,11.0,17.0,6.5,1.0,72.0,10.0
3228.5606967834196,110.0,0.0,16.0,11.0,17.0,6.5,1.0,72.0,10.0
3228.9606967834197,110.0,0.0,16.0,11.0,17.0,6.5,1.0,72.0,10.0
3228.961242237965,110.0,0.0,16.0,11.0,17.0,6.5,1.0,72.0,10.0
3229.361242237965,110.0,0.0,16.0,11.0,17.0,6.5,1.0,72.0,10.0
3229.3617876925105,120.0,0.0,16.0,11.0,17.0,6.5,1.0,72.0,10.0
3229.7617876925106,120.0,0.0,16.0,11.0,17.0,6.5,1.0,72.0,10.0
3229.7622876925107,120.0,0.0,16.0,11.0,17.0,6.5,1.0,72.0,10.0
3230.1622876925107,120.0,0.0,16.0,11.0,17.0,6.5,1.0,72.0,10.0
3230.162787692511,120.0,0.0,16.0,11.0,17.0,6.5,1.0,72.0,10.0
3230.562787692511,120.0,0.0,16.0,11.0,17.0,6.5,1.0,72.0,10.0
3230.563287692511,120.0,0.0,16.0,11.0,17.0,6.5,1.0,72.0,10.0
3230.963287692511,120.0,0.0,16.0,11.0,17.0,6.5,1.0,72.0,10.0
3230.9637876925112,120.0,0.0,16.0,11.0,17.0,6.5,1.0,72.0,10.0
3231.3637876925113,120.0,0.0,16.0,11.0,17.0,6.5,1.0,72.0,10.0
3231.3642876925114,120.0,0.0,16.0,11.0,17.0,6.5,1.0,72.0,10.0
3231.7642876925115,120.0,0.0,16.0,11.0,17.0,6.5,1.0,72.0,10.0
3231.7647876925116,120.0,0.0,16.0,11.0,17.0,6.5,1.0,72.0,10.0
3232.1647876925117,120.0,0.0,16.0,11.0,17.0,6.5,1.0,72.0,10.0
3232.165287692512,120.0,0.0,16.0,11.0,17.0,6.5,1.0,72.0,10.0
3232.565287692512,120.0,0.0,16.0,11.0,17.0,6.5,1.0,72.0,10.0
3232.565787692512,120.0,0.0,16.0,11.0,17.0,6.5,1.0,72.0,10.0
3232.965787692512,120.0,0.0,16.0,11.0,17.0,6.5,1.0,72.0,10.0
3232.966287692512,120.0,0.0,16.0,11.0,17.0,6.5,1.0,72.0,10.0
3233.3662876925123,120.0,0.0,16.0,11.0,17.0,6.5,1.0,72.0,10.0
3233.3667876925124,120.0,0.0,16.0,11.0,17.0,6.5,1.0,72.0,10.0
3233.7667876925125,120.0,0.0,16.0,11.0,17.0,6.5,1.0,72.0,10.0
3233.7672876925126,120.0,0.0,16.0,11.0,17.0,6.5,1.0,72.0,10.0
3234.1672876925127,120.0,0.0,16.0,11.0,17.0,6.5,1.0,72.0,10.0
3234.167787692513,120.0,0.0,16.0,11.0,17.0,4.5,1.0,73.0,10.0
3234.567787692513,120.0,0.0,16.0,11.0,17.0,4.5,1.0,73.0,10.0
3234.568287692513,120.0,0.0,16.0,11.0,17.0,4.5,1.0,73.0,10.0
3234.968287692513,120.0,0.0,16.0,11.0,17.0,4.5,1.0,73.0,10.0
3234.968787692513,120.0,0.0,16.0,11.0,17.0,4.5,1.0,73.0,10.0
3235.3687876925133,120.0,0.0,16.0,11.0,17.0,4.5,1.0,73.0,10.0
3235.3692876925134,120.0,0.0,16.0,11.0,17.0,4.5,1.0,73.0,10.0
3235.7692876925134,120.0,0.0,16.0,11.0,17.0,4.5,1.0,73.0,10.0
3235.7697876925135,120.0,0.0,16.0,11.0,17.0,4.5,1.0,73.0,10.0
3236.1697876925136,120.0,0.0,16.0,11.0,17.0,4.5,1.0,73.0,10.0
3236.1702876925137,120.0,0.0,16.0,11.0,17.0,4.5,1.0,73.0,10.0
3236.570287692514,120.0,0.0,16.0,11.0,17.0,4.5,1.0,73.0,10.0
3236.570787692514,120.0,0.0,16.0,11.0,17.0,4.5,1.0,73.0,10.0
3236.970787692514,120.0,0.0,16.0,11.0,17.0,4.5,1.0,73.0,10.0
3236.971287692514,120.0,0.0,16.0,11.0,17.0,4.5,1.0,73.0,10.0
3237.371287692514,120.0,0.0,16.0,11.0,17.0,4.5,1.0,73.0,10.0
3237.3717876925143,120.0,0.0,16.0,11.0,17.0,4.5,1.0,73.0,10.0
3237.7717876925144,120.0,0.0,16.0,11.0,17.0,4.5,1.0,73.0,10.0
3237.7722876925145,120.0,0.0,16.0,11.0,17.0,4.5,1.0,73.0,10.0
3238.1722876925146,120.0,0.0,16.0,11.0,17.0,4.5,1.0,73.0,10.0
3238.1727876925147,120.0,0.0,16.0,11.0,17.0,4.5,1.0,73.0,10.0
3238.572787692515,120.0,0.0,16.0,11.0,17.0,4.5,1.0,73.0,10.0
3238.573287692515,120.0,0.0,16.0,11.0,17.0,4.5,1.0,73.0,10.0
3238.973287692515,120.0,0.0,16.0,11.0,17.0,4.5,1.0,73.0,10.0
3238.973787692515,120.0,0.0,16.0,11.0,17.0,4.5,1.0,73.0,10.0
3239.373787692515,120.0,0.0,16.0,11.0,17.0,4.5,1.0,73.0,10.0
3239.3742876925153,120.0,0.0,16.0,11.0,17.0,4.5,1.0,73.0,10.0
3239.7742876925154,120.0,0.0,16.0,11.0,17.0,4.5,1.0,73.0,10.0
3239.7747876925155,120.0,0.0,16.0,11.0,17.0,4.5,1.0,73.0,10.0
3240.1747876925156,120.0,0.0,16.0,11.0,17.0,4.5,1.0,73.0,10.0
3240.1752876925157,120.0,0.0,16.0,11.0,17.0,4.5,1.0,73.0,10.0
3240.5752876925158,120.0,0.0,16.0,11.0,17.0,4.5,1.0,73.0,10.0
3240.575787692516,120.0,0.0,16.0,11.0,17.0,4.5,1.0,73.0,10.0
3240.975787692516,120.0,0.0,16.0,11.0,17.0,4.5,1.0,73.0,10.0
3240.976287692516,120.0,0.0,16.0,11.0,17.0,4.5,1.0,73.0,10.0
3241.376287692516,120.0,0.0,16.0,11.0,17.0,4.5,1.0,73.0,10.0
3241.3767876925162,120.0,0.0,16.0,11.0,17.0,4.5,1.0,73.0,10.0
3241.7767876925163,120.0,0.0,16.0,11.0,17.0,4.5,1.0,73.0,10.0
3241.7772876925164,120.0,0.0,16.0,11.0,17.0,4.5,1.0,73.0,10.0
3242.1772876925165,120.0,0.0,16.0,11.0,17.0,4.5,1.0,73.0,10.0
3242.1777876925166,120.0,0.0,16.0,11.0,17.0,4.5,1.0,73.0,10.0
3242.5777876925167,120.0,0.0,16.0,11.0,17.0,4.5,1.0,73.0,10.0
3242.578287692517,120.0,0.0,16.0,11.0,17.0,4.5,1.0,73.0,10.0
3242.978287692517,120.0,0.0,16.0,11.0,17.0,4.5,1.0,73.0,10.0
3242.978787692517,120.0,0.0,16.0,11.0,17.0,4.5,1.0,73.0,10.0
3243.378787692517,120.0,0.0,16.0,11.0,17.0,4.5,1.0,73.0,10.0
3243.379287692517,120.0,0.0,16.0,11.0,17.0,4.5,1.0,73.0,10.0
3243.7792876925173,120.0,0.0,16.0,11.0,17.0,4.5,1.0,73.0,10.0
3243.7797876925174,120.0,0.0,16.0,11.0,17.0,4.5,1.0,73.0,10.0
3244.1797876925175,120.0,0.0,16.0,11.0,17.0,4.5,1.0,73.0,10.0
3244.1802876925176,120.0,0.0,16.0,11.0,17.0,4.5,1.0,73.0,10.0
3244.5802876925177,120.0,0.0,16.0,11.0,17.0,4.5,1.0,73.0,10.0
3244.580787692518,130.0,0.0,16.0,11.0,17.0,4.5,1.0,73.0,10.0
3244.980787692518,130.0,0.0,16.0,11.0,17.0,4.5,1.0,73.0,10.0
3244.9812492309793,130.0,0.0,16.0,11.0,17.0,4.5,1.0,73.0,10.0
3245.3812492309794,130.0,0.0,16.0,11.0,17.0,4.5,1.0,73.0,10.0
3245.381710769441,130.0,0.0,16.0,11.0,17.0,4.5,1.0,73.0,10.0
3245.781710769441,130.0,0.0,16.0,11.0,17.0,4.5,1.0,73.0,10.0
3245.7821723079023,130.0,0.0,16.0,11.0,17.0,4.5,1.0,73.0,10.0
3246.1821723079024,130.0,0.0,16.0,11.0,17.0,4.5,1.0,73.0,10.0
3246.182633846364,130.0,0.0,16.0,11.0,17.0,4.5,1.0,73.0,10.0
3246.582633846364,130.0,0.0,16.0,11.0,17.0,4.5,1.0,73.0,10.0
3246.5830953848254,130.0,0.0,16.0,11.0,17.0,4.5,1.0,73.0,10.0
3246.9830953848254,130.0,0.0,16.0,11.0,17.0,4.5,1.0,73.0,10.0
3246.983556923287,130.0,0.0,16.0,11.0,17.0,4.5,1.0,73.0,10.0
3247.383556923287,130.0,0.0,16.0,11.0,17.0,4.5,1.0,73.0,10.0
3247.3840184617484,130.0,0.0,16.0,11.0,17.0,4.5,1.0,73.0,10.0
3247.7840184617485,130.0,0.0,16.0,11.0,17.0,4.5,1.0,73.0,10.0
3247.78448000021,130.0,0.0,16.0,11.0,17.0,4.5,1.0,73.0,10.0
3248.18448000021,130.0,0.0,16.0,11.0,17.0,4.5,1.0,73.0,10.0
3248.1849415386714,130.0,0.0,16.0,11.0,18.0,4.5,1.0,73.0,10.0
3248.5849415386715,130.0,0.0,16.0,11.0,18.0,4.5,1.0,73.0,10.0
3248.585403077133,130.0,0.0,16.0,11.0,18.0,4.5,1.0,73.0,10.0
3248.985403077133,130.0,0.0,16.0,11.0,18.0,4.5,1.0,73.0,10.0
3248.9858646155944,130.0,0.0,16.0,11.0,18.0,4.5,1.0,73.0,10.0
3249.3858646155945,130.0,0.0,16.0,11.0,18.0,4.5,1.0,73.0,10.0
3249.386326154056,130.0,0.0,16.0,11.0,18.0,4.5,1.0,73.0,10.0
3249.786326154056,130.0,0.0,16.0,11.0,18.0,4.5,1.0,73.0,10.0
3249.7867876925175,130.0,0.0,16.0,11.0,18.0,4.5,1.0,73.0,10.0
3250.1867876925176,130.0,0.0,16.0,11.0,18.0,4.5,1.0,73.0,10.0
3250.187249230979,120.0,0.0,16.0,11.0,18.0,4.5,1.0,73.0,10.0
3250.587249230979,120.0,0.0,16.0,11.0,18.0,4.5,1.0,73.0,10.0
3250.587749230979,120.0,0.0,16.0,11.0,18.0,4.5,1.0,73.0,10.0
3250.9877492309793,120.0,0.0,16.0,11.0,18.0,4.5,1.0,73.0,10.0
3250.9882492309794,120.0,0.0,16.0,11.0,18.0,4.5,1.0,73.0,10.0
3251.3882492309795,120.0,0.0,16.0,11.0,18.0,4.5,1.0,73.0,10.0
3251.3887492309796,130.0,0.0,16.0,11.0,18.0,4.5,1.0,73.0,10.0
3251.7887492309796,130.0,0.0,16.0,11.0,18.0,4.5,1.0,73.0,10.0
3251.789210769441,120.0,0.0,16.0,11.0,18.0,4.5,1.0,73.0,10.0
3252.189210769441,120.0,0.0,16.0,11.0,18.0,4.5,1.0,73.0,10.0
3252.1897107694413,110.0,0.0,16.0,11.0,18.0,4.5,1.0,73.0,10.0
3252.5897107694414,110.0,0.0,16.0,11.0,18.0,4.5,1.0,73.0,10.0
3252.5902562239867,110.0,0.0,16.0,11.0,18.0,4.5,1.0,73.0,10.0
3252.9902562239868,110.0,0.0,16.0,11.0,18.0,4.5,1.0,73.0,10.0
3252.990801678532,110.0,0.0,16.0,11.0,18.0,4.5,1.0,73.0,10.0
3253.390801678532,110.0,0.0,16.0,11.0,18.0,4.5,1.0,73.0,10.0
3253.3913471330775,110.0,0.0,16.0,11.0,18.0,4.5,1.0,73.0,10.0
3253.7913471330776,110.0,0.0,16.0,11.0,18.0,4.5,1.0,73.0,10.0
3253.791892587623,110.0,0.0,16.0,11.0,18.0,4.5,1.0,73.0,10.0
3254.191892587623,110.0,0.0,16.0,11.0,18.0,4.5,1.0,73.0,10.0
3254.1924380421683,110.0,0.0,16.0,11.0,18.0,4.5,1.0,73.0,10.0
3254.5924380421684,110.0,0.0,16.0,11.0,18.0,4.5,1.0,73.0,10.0
3254.5929834967137,110.0,0.0,16.0,11.0,18.0,4.5,1.0,73.0,10.0
3254.992983496714,110.0,0.0,16.0,11.0,18.0,4.5,1.0,73.0,10.0
3254.993528951259,110.0,0.0,16.0,11.0,18.0,4.5,1.0,73.0,10.0
3255.393528951259,110.0,0.0,16.0,11.0,18.0,4.5,1.0,73.0,10.0
3255.3940744058045,110.0,0.0,16.0,11.0,18.0,4.5,1.0,73.0,10.0
3255.7940744058046,110.0,0.0,16.0,11.0,18.0,4.5,1.0,73.0,10.0
3255.79461986035,110.0,0.0,16.0,11.0,18.0,4.5,1.0,73.0,10.0
3256.19461986035,110.0,0.0,16.0,11.0,18.0,4.5,1.0,73.0,10.0
3256.1951653148953,110.0,0.0,16.0,11.0,18.0,4.5,1.0,73.0,10.0
3256.5951653148954,110.0,0.0,16.0,11.0,18.0,4.5,1.0,73.0,10.0
3256.5957107694408,110.0,0.0,16.0,11.0,18.0,4.5,1.0,73.0,10.0
3256.995710769441,110.0,0.0,16.0,11.0,18.0,4.5,1.0,73.0,10.0
3256.996256223986,110.0,0.0,16.0,11.0,18.0,4.5,1.0,73.0,10.0
3257.3962562239863,110.0,0.0,16.0,11.0,18.0,4.5,1.0,73.0,10.0
3257.3968016785316,110.0,0.0,16.0,11.0,18.0,4.5,1.0,73.0,10.0
3257.7968016785317,110.0,0.0,16.0,11.0,18.0,4.5,1.0,73.0,10.0
3257.797347133077,110.0,0.0,16.0,11.0,18.0,4.5,1.0,73.0,10.0
3258.197347133077,110.0,0.0,16.0,11.0,18.0,4.5,1.0,73.0,10.0
3258.1978925876224,110.0,0.0,16.0,11.0,18.0,4.5,1.0,73.0,10.0
3258.5978925876225,110.0,0.0,16.0,11.0,18.0,4.5,1.0,73.0,10.0
3258.598438042168,110.0,0.0,16.0,11.0,18.0,4.5,1.0,73.0,10.0
3258.998438042168,110.0,0.0,16.0,11.0,18.0,4.5,1.0,73.0,10.0
3258.998983496713,110.0,0.0,16.0,11.0,18.0,4.5,1.0,73.0,10.0
3259.3989834967133,110.0,0.0,16.0,11.0,18.0,4.5,1.0,73.0,10.0
3259.3995289512586,110.0,0.0,16.0,11.0,18.0,4.5,1.0,73.0,10.0
3259.7995289512587,110.0,0.0,16.0,11.0,18.0,4.5,1.0,73.0,10.0
3259.800074405804,110.0,0.0,16.0,11.0,18.0,4.5,1.0,73.0,10.0
3260.200074405804,110.0,0.0,16.0,11.0,18.0,4.5,1.0,73.0,10.0
3260.2006198603494,110.0,0.0,16.0,11.0,18.0,4.5,1.0,73.0,10.0
3260.6006198603495,110.0,0.0,16.0,11.0,18.0,4.5,1.0,73.0,10.0
3260.601165314895,110.0,0.0,16.0,11.0,18.0,4.5,1.0,73.0,10.0
3261.001165314895,110.0,0.0,16.0,11.0,18.0,4.5,1.0,73.0,10.0
3261.0017107694403,100.0,0.0,16.0,11.0,18.0,4.5,1.0,73.0,10.0
3261.4017107694403,100.0,0.0,16.0,11.0,18.0,4.5,1.0,73.0,10.0
3261.4022562239857,100.0,0.0,16.0,11.0,18.0,4.5,1.0,73.0,10.0
3261.8022562239858,100.0,0.0,16.0,11.0,18.0,4.5,1.0,73.0,10.0
3261.802801678531,100.0,0.0,16.0,11.0,18.0,4.5,1.0,73.0,10.0
3262.202801678531,100.0,0.0,16.0,11.0,18.0,4.5,1.0,73.0,10.0
3262.2033471330765,100.0,0.0,16.0,11.0,18.0,4.5,1.0,73.0,10.0
3262.6033471330766,100.0,0.0,16.0,11.0,18.0,4.5,1.0,73.0,10.0
3262.603892587622,100.0,0.0,16.0,11.0,18.0,4.5,1.0,73.0,10.0
3263.003892587622,100.0,0.0,16.0,11.0,18.0,4.5,1.0,73.0,10.0
3263.0044380421673,100.0,0.0,16.0,11.0,18.0,4.5,1.0,73.0,10.0
3263.4044380421674,100.0,0.0,16.0,11.0,18.0,4.5,1.0,73.0,10.0
3263.4049834967127,100.0,0.0,16.0,11.0,18.0,4.5,1.0,73.0,10.0
3263.804983496713,100.0,0.0,16.0,11.0,18.0,4.5,1.0,73.0,10.0
3263.805528951258,100.0,0.0,16.0,11.0,18.0,4.5,1.0,73.0,10.0
3264.205528951258,100.0,0.0,16.0,11.0,18.0,4.5,1.0,73.0,10.0
3264.2060744058035,100.0,0.0,16.0,11.0,18.0,4.5,1.0,73.0,10.0
3264.6060744058036,100.0,0.0,16.0,11.0,18.0,4.5,1.0,73.0,10.0
3264.606619860349,100.0,0.0,16.0,11.0,18.0,4.5,1.0,73.0,10.0
3265.006619860349,100.0,0.0,16.0,11.0,18.0,4.5,1.0,73.0,10.0
3265.0071653148943,100.0,0.0,16.0,11.0,18.0,4.5,1.0,73.0,10.0
3265.4071653148944,100.0,0.0,16.0,11.0,18.0,4.5,1.0,73.0,10.0
3265.4077107694397,100.0,0.0,16.0,11.0,18.0,4.5,1.0,73.0,10.0
3265.80771076944,100.0,0.0,16.0,11.0,18.0,4.5,1.0,73.0,10.0
3265.808256223985,100.0,0.0,16.0,11.0,18.0,4.5,1.0,73.0,10.0
3266.2082562239852,100.0,0.0,16.0,11.0,18.0,4.5,1.0,73.0,10.0
3266.2088016785306,100.0,0.0,16.0,11.0,18.0,4.5,1.0,73.0,10.0
3266.6088016785307,100.0,0.0,16.0,11.0,18.0,4.5,1.0,73.0,10.0
3266.609347133076,100.0,0.0,16.0,11.0,18.0,4.5,1.0,73.0,10.0
3267.009347133076,100.0,0.0,16.0,11.0,18.0,4.5,1.0,73.0,10.0
3267.0098925876214,100.0,0.0,16.0,11.0,18.0,4.5,1.0,73.0,10.0
3267.4098925876215,100.0,0.0,16.0,11.0,18.0,4.5,1.0,73.0,10.0
3267.410438042167,100.0,0.0,16.0,11.0,18.0,4.5,1.0,73.0,10.0
3267.810438042167,100.0,0.0,16.0,11.0,18.0,4.5,1.0,73.0,10.0
3267.810983496712,100.0,0.0,16.0,11.0,18.0,4.5,1.0,73.0,10.0
3268.2109834967123,100.0,0.0,16.0,11.0,18.0,4.5,1.0,73.0,10.0
3268.2115289512576,100.0,0.0,16.0,11.0,18.0,4.5,1.0,73.0,10.0
3268.6115289512577,100.0,0.0,16.0,11.0,18.0,4.5,1.0,73.0,10.0
3268.612074405803,100.0,0.0,16.0,11.0,18.0,4.5,1.0,73.0,10.0
3269.012074405803,100.0,0.0,16.0,11.0,18.0,4.5,1.0,73.0,10.0
3269.0126198603484,100.0,0.0,16.0,11.0,18.0,4.5,1.0,73.0,10.0
3269.4126198603485,100.0,0.0,16.0,11.0,18.0,4.5,1.0,73.0,10.0
3269.413165314894,100.0,0.0,16.0,11.0,18.0,4.5,1.0,73.0,10.0
3269.813165314894,100.0,0.0,16.0,11.0,18.0,4.5,1.0,73.0,10.0
3269.8137107694392,100.0,0.0,16.0,11.0,18.0,4.5,1.0,73.0,10.0
3270.2137107694393,100.0,0.0,16.0,11.0,18.0,4.5,1.0,73.0,10.0
3270.2142562239846,100.0,0.0,16.0,11.0,18.0,4.5,1.0,73.0,10.0
3270.6142562239847,100.0,0.0,16.0,11.0,18.0,4.5,1.0,73.0,10.0
3270.61480167853,100.0,0.0,16.0,11.0,18.0,4.5,1.0,73.0,10.0
3271.01480167853,100.0,0.0,16.0,11.0,18.0,4.5,1.0,73.0,10.0
3271.0153471330755,100.0,0.0,16.0,11.0,18.0,4.5,1.0,73.0,10.0
3271.4153471330756,100.0,0.0,16.0,11.0,18.0,4.5,1.0,73.0,10.0
3271.415892587621,100.0,0.0,16.0,11.0,18.0,4.5,1.0,73.0,10.0
3271.815892587621,100.0,0.0,16.0,11.0,18.0,4.5,1.0,73.0,10.0
3271.8164380421663,100.0,0.0,16.0,11.0,18.0,4.5,1.0,73.0,10.0
3272.2164380421664,100.0,0.0,16.0,11.0,18.0,4.5,1.0,73.0,10.0
3272.2169834967117,100.0,0.0,16.0,11.0,18.0,4.5,1.0,73.0,10.0
3272.616983496712,100.0,0.0,16.0,11.0,18.0,4.5,1.0,73.0,10.0
3272.617528951257,100.0,0.0,16.0,11.0,18.0,4.5,1.0,73.0,10.0
3273.017528951257,100.0,0.0,16.0,11.0,18.0,4.5,1.0,73.0,10.0
3273.0180744058025,100.0,0.0,16.0,11.0,18.0,4.5,1.0,73.0,10.0
3273.4180744058026,100.0,0.0,16.0,11.0,18.0,4.5,1.0,73.0,10.0
3273.418619860348,100.0,0.0,16.0,11.0,18.0,4.5,1.0,73.0,10.0
3273.818619860348,100.0,0.0,16.0,11.0,18.0,4.5,1.0,73.0,10.0
3273.8191653148933,100.0,0.0,16.0,11.0,18.0,4.5,1.0,73.0,10.0
3274.2191653148934,100.0,0.0,16.0,11.0,18.0,4.5,1.0,73.0,10.0
3274.2197107694387,100.0,0.0,16.0,11.0,18.0,4.5,1.0,73.0,10.0
3274.619710769439,100.0,0.0,16.0,11.0,18.0,4.5,1.0,73.0,10.0
3274.620256223984,100.0,0.0,16.0,11.0,18.0,4.5,1.0,73.0,10.0
3275.0202562239842,100.0,0.0,16.0,11.0,18.0,4.5,1.0,73.0,10.0
3275.0208016785296,100.0,0.0,16.0,11.0,18.0,4.5,1.0,73.0,10.0
3275.4208016785296,100.0,0.0,16.0,11.0,18.0,4.5,1.0,73.0,10.0
3275.421347133075,100.0,0.0,16.0,11.0,18.0,4.5,1.0,73.0,10.0
3275.821347133075,100.0,0.0,16.0,11.0,18.0,4.5,1.0,73.0,10.0
3275.8218925876204,100.0,0.0,16.0,11.0,18.0,4.5,1.0,73.0,10.0
3276.2218925876205,100.0,0.0,16.0,11.0,18.0,4.5,1.0,73.0,10.0
3276.222438042166,100.0,0.0,16.0,11.0,18.0,4.5,1.0,73.0,10.0
3276.622438042166,100.0,0.0,16.0,11.0,18.0,4.5,1.0,73.0,10.0
3276.622983496711,100.0,0.0,16.0,11.0,18.0,4.5,1.0,73.0,10.0
3277.0229834967113,100.0,0.0,16.0,11.0,18.0,4.5,1.0,73.0,10.0
3277.0235289512566,80.0,0.0,16.0,11.0,18.0,4.5,1.0,73.0,10.0
3277.4235289512567,80.0,0.0,16.0,11.0,18.0,4.5,1.0,73.0,10.0
3277.424074405802,80.0,0.0,16.0,11.0,18.0,4.5,1.0,73.0,10.0
3277.824074405802,80.0,0.0,16.0,11.0,18.0,4.5,1.0,73.0,10.0
3277.8246198603474,80.0,0.0,16.0,11.0,18.0,4.5,1.0,73.0,10.0
3278.2246198603475,80.0,0.0,16.0,11.0,18.0,4.5,1.0,73.0,10.0
3278.225165314893,90.0,0.0,16.0,11.0,18.0,4.5,1.0,73.0,10.0
3278.625165314893,90.0,0.0,16.0,11.0,18.0,4.5,1.0,73.0,10.0
3278.6257107694382,90.0,0.0,16.0,11.0,18.0,4.5,1.0,73.0,10.0
3279.0257107694383,90.0,0.0,16.0,11.0,18.0,4.5,1.0,73.0,10.0
3279.0262562239836,90.0,0.0,16.0,11.0,18.0,4.5,1.0,73.0,10.0
3279.4262562239837,90.0,0.0,16.0,11.0,18.0,4.5,1.0,73.0,10.0
3279.426801678529,80.0,0.0,16.0,11.0,18.0,4.5,1.0,73.0,10.0
3279.826801678529,80.0,0.0,16.0,11.0,18.0,4.5,1.0,73.0,10.0
3279.8273471330745,80.0,0.0,16.0,11.0,18.0,4.5,1.0,73.0,10.0
3280.2273471330745,80.0,0.0,16.0,11.0,18.0,4.5,1.0,73.0,10.0
3280.22789258762,80.0,0.0,16.0,11.0,18.0,4.5,1.0,73.0,10.0
3280.62789258762,80.0,0.0,16.0,11.0,18.0,4.5,1.0,73.0,10.0
3280.6284380421653,80.0,0.0,16.0,11.0,18.0,4.5,1.0,73.0,10.0
3281.0284380421654,80.0,0.0,16.0,11.0,18.0,4.5,1.0,73.0,10.0
3281.0289834967107,80.0,0.0,16.0,11.0,18.0,4.5,1.0,73.0,10.0
3281.4289834967108,80.0,0.0,16.0,11.0,18.0,4.5,1.0,73.0,10.0
3281.429528951256,80.0,0.0,16.0,11.0,18.0,4.5,1.0,73.0,10.0
3281.829528951256,80.0,0.0,16.0,11.0,18.0,4.5,1.0,73.0,10.0
3281.8300744058015,80.0,0.0,16.0,11.0,18.0,4.5,1.0,73.0,10.0
3282.2300744058016,80.0,0.0,16.0,11.0,18.0,4.5,1.0,73.0,10.0
3282.230619860347,80.0,0.0,16.0,11.0,18.0,4.5,1.0,73.0,10.0
3282.630619860347,80.0,0.0,16.0,11.0,18.0,4.5,1.0,73.0,10.0
3282.6311653148923,80.0,0.0,16.0,11.0,18.0,4.5,1.0,73.0,10.0
3283.0311653148924,80.0,0.0,16.0,11.0,18.0,4.5,1.0,73.0,10.0
3283.0317107694377,80.0,0.0,16.0,11.0,18.0,4.5,1.0,73.0,10.0
3283.431710769438,80.0,0.0,16.0,11.0,18.0,4.5,1.0,73.0,10.0
3283.432256223983,80.0,0.0,16.0,11.0,18.0,2.5,1.0,74.0,10.0
3283.832256223983,80.0,0.0,16.0,11.0,18.0,2.5,1.0,74.0,10.0
3283.8328016785285,80.0,0.0,16.0,11.0,18.0,2.5,1.0,74.0,10.0
3284.2328016785286,80.0,0.0,16.0,11.0,18.0,2.5,1.0,74.0,10.0
3284.233347133074,80.0,0.0,16.0,11.0,18.0,2.5,1.0,74.0,10.0
3284.633347133074,80.0,0.0,16.0,11.0,18.0,2.5,1.0,74.0,10.0
3284.6338925876194,80.0,0.0,16.0,11.0,18.0,2.5,1.0,74.0,10.0
3285.0338925876194,80.0,0.0,16.0,11.0,18.0,2.5,1.0,74.0,10.0
3285.0344380421648,80.0,0.0,16.0,11.0,18.0,2.5,1.0,74.0,10.0
3285.434438042165,80.0,0.0,16.0,11.0,18.0,2.5,1.0,74.0,10.0
3285.43498349671,80.0,0.0,16.0,11.0,18.0,2.5,1.0,74.0,10.0
3285.8349834967103,80.0,0.0,16.0,11.0,18.0,2.5,1.0,74.0,10.0
3285.8355289512556,80.0,0.0,16.0,11.0,18.0,2.5,1.0,74.0,10.0
3286.2355289512557,80.0,0.0,16.0,11.0,18.0,2.5,1.0,74.0,10.0
3286.236074405801,80.0,0.0,16.0,11.0,18.0,2.5,1.0,74.0,10.0
3286.636074405801,80.0,0.0,16.0,11.0,18.0,2.5,1.0,74.0,10.0
3286.6366198603464,80.0,0.0,16.0,11.0,18.0,2.5,1.0,74.0,10.0
3287.0366198603465,80.0,0.0,16.0,11.0,18.0,2.5,1.0,74.0,10.0
3287.037165314892,80.0,0.0,16.0,11.0,18.0,2.5,1.0,74.0,10.0
3287.437165314892,80.0,0.0,16.0,11.0,18.0,2.5,1.0,74.0,10.0
3287.437710769437,80.0,0.0,16.0,11.0,18.0,2.5,1.0,74.0,10.0
3287.8377107694373,80.0,0.0,16.0,11.0,18.0,2.5,1.0,74.0,10.0
3287.8382562239826,80.0,0.0,16.0,11.0,18.0,2.5,1.0,74.0,10.0
3288.2382562239827,80.0,0.0,16.0,11.0,18.0,2.5,1.0,74.0,10.0
3288.238801678528,80.0,0.0,16.0,11.0,18.0,2.5,1.0,74.0,10.0
3288.638801678528,80.0,0.0,16.0,11.0,18.0,2.5,1.0,74.0,10.0
3288.6393471330734,80.0,0.0,16.0,11.0,18.0,2.5,1.0,74.0,10.0
3289.0393471330735,80.0,0.0,16.0,11.0,18.0,2.5,1.0,74.0,10.0
3289.039892587619,80.0,0.0,16.0,11.0,18.0,2.5,1.0,74.0,10.0
3289.439892587619,80.0,0.0,16.0,11.0,18.0,2.5,1.0,74.0,10.0
3289.4404380421643,80.0,0.0,16.0,11.0,18.0,2.5,1.0,74.0,10.0
3289.8404380421644,80.0,0.0,16.0,11.0,18.0,2.5,1.0,74.0,10.0
3289.8409834967097,80.0,0.0,16.0,11.0,18.0,2.5,1.0,74.0,10.0
3290.2409834967098,80.0,0.0,16.0,11.0,18.0,2.5,1.0,74.0,10.0
3290.241528951255,80.0,0.0,16.0,11.0,18.0,2.5,1.0,74.0,10.0
3290.641528951255,80.0,0.0,16.0,11.0,18.0,2.5,1.0,74.0,10.0
3290.6420744058005,80.0,0.0,16.0,11.0,18.0,2.5,1.0,74.0,10.0
3291.0420744058006,80.0,0.0,16.0,11.0,18.0,2.5,1.0,74.0,10.0
3291.042619860346,80.0,0.0,16.0,11.0,18.0,2.5,1.0,74.0,10.0
3291.442619860346,80.0,0.0,16.0,11.0,18.0,2.5,1.0,74.0,10.0
3291.4431653148913,80.0,0.0,16.0,11.0,18.0,2.5,1.0,74.0,10.0
3291.8431653148914,80.0,0.0,16.0,11.0,18.0,2.5,1.0,74.0,10.0
3291.8437107694367,80.0,0.0,16.0,11.0,18.0,2.5,1.0,74.0,10.0
3292.243710769437,80.0,0.0,16.0,11.0,18.0,2.5,1.0,74.0,10.0
3292.244256223982,80.0,0.0,16.0,11.0,18.0,2.5,1.0,74.0,10.0
3292.644256223982,80.0,0.0,16.0,11.0,18.0,2.5,1.0,74.0,10.0
3292.6448016785275,80.0,0.0,16.0,11.0,18.0,2.5,1.0,74.0,10.0
3293.0448016785276,80.0,0.0,16.0,11.0,18.0,2.5,1.0,74.0,10.0
3293.045347133073,80.0,0.0,16.0,11.0,18.0,2.5,1.0,74.0,10.0
3293.445347133073,80.0,0.0,16.0,11.0,18.0,2.5,1.0,74.0,10.0
3293.4458925876183,80.0,0.0,16.0,11.0,18.0,2.5,1.0,74.0,10.0
3293.8458925876184,80.0,0.0,16.0,11.0,18.0,2.5,1.0,74.0,10.0
3293.8464380421638,80.0,0.0,16.0,11.0,18.0,2.5,1.0,74.0,10.0
3294.246438042164,80.0,0.0,16.0,11.0,18.0,2.5,1.0,74.0,10.0
3294.246983496709,80.0,0.0,16.0,11.0,18.0,2.5,1.0,74.0,10.0
3294.6469834967093,80.0,0.0,16.0,11.0,18.0,2.5,1.0,74.0,10.0
3294.6475289512546,80.0,0.0,16.0,11.0,18.0,2.5,1.0,74.0,10.0
3295.0475289512547,80.0,0.0,16.0,11.0,18.0,2.5,1.0,74.0,10.0
3295.0480744058,80.0,0.0,16.0,11.0,18.0,2.5,1.0,74.0,10.0
3295.4480744058,80.0,0.0,16.0,11.0,18.0,2.5,1.0,74.0,10.0
3295.4486198603454,80.0,0.0,16.0,11.0,18.0,2.5,1.0,74.0,10.0
3295.8486198603455,80.0,0.0,16.0,11.0,18.0,2.5,1.0,74.0,10.0
3295.849165314891,80.0,0.0,16.0,11.0,18.0,2.5,1.0,74.0,10.0
3296.249165314891,80.0,0.0,16.0,11.0,18.0,2.5,1.0,74.0,10.0
3296.249710769436,80.0,0.0,16.0,11.0,18.0,2.5,1.0,74.0,10.0
3296.6497107694363,80.0,0.0,16.0,11.0,18.0,2.5,1.0,74.0,10.0
3296.6502562239816,80.0,0.0,16.0,11.0,18.0,2.5,1.0,74.0,10.0
3297.0502562239817,80.0,0.0,16.0,11.0,18.0,2.5,1.0,74.0,10.0
3297.050801678527,80.0,0.0,16.0,11.0,18.0,2.5,1.0,74.0,10.0
3297.450801678527,80.0,0.0,16.0,11.0,18.0,2.5,1.0,74.0,10.0
3297.4513471330724,80.0,0.0,16.0,11.0,18.0,2.5,1.0,74.0,10.0
3297.8513471330725,80.0,0.0,16.0,11.0,18.0,2.5,1.0,74.0,10.0
3297.851892587618,80.0,0.0,16.0,11.0,18.0,2.5,1.0,74.0,10.0
3298.251892587618,80.0,0.0,16.0,11.0,18.0,2.5,1.0,74.0,10.0
3298.2524380421632,80.0,0.0,16.0,11.0,18.0,2.5,1.0,74.0,10.0
3298.6524380421633,80.0,0.0,16.0,11.0,18.0,2.5,1.0,74.0,10.0
3298.6529834967087,80.0,0.0,16.0,11.0,18.0,2.5,1.0,73.0,10.0
3299.0529834967087,80.0,0.0,16.0,11.0,18.0,2.5,1.0,73.0,10.0
3299.053528951254,80.0,0.0,16.0,11.0,18.0,2.5,1.0,73.0,10.0
3299.453528951254,80.0,0.0,16.0,11.0,18.0,2.5,1.0,73.0,10.0
3299.4540744057995,80.0,0.0,16.0,11.0,18.0,2.5,1.0,73.0,10.0
3299.8540744057996,80.0,0.0,16.0,11.0,18.0,2.5,1.0,73.0,10.0
3299.854619860345,80.0,0.0,16.0,11.0,18.0,2.5,1.0,73.0,10.0
3300.254619860345,80.0,0.0,16.0,11.0,18.0,2.5,1.0,73.0,10.0
3300.2551653148903,80.0,0.0,16.0,11.0,18.0,2.5,1.0,73.0,10.0
3300.6551653148904,80.0,0.0,16.0,11.0,18.0,2.5,1.0,73.0,10.0
3300.6557107694357,80.0,0.0,16.0,11.0,18.0,2.5,1.0,73.0,10.0
3301.055710769436,80.0,0.0,16.0,11.0,18.0,2.5,1.0,73.0,10.0
3301.056256223981,80.0,0.0,16.0,11.0,18.0,2.5,1.0,73.0,10.0
3301.456256223981,80.0,0.0,16.0,11.0,18.0,2.5,1.0,73.0,10.0
3301.4568016785265,80.0,0.0,16.0,11.0,18.0,2.5,1.0,73.0,10.0
3301.8568016785266,80.0,0.0,16.0,11.0,18.0,2.5,1.0,73.0,10.0
3301.857347133072,80.0,0.0,16.0,11.0,18.0,2.5,1.0,73.0,10.0
3302.257347133072,80.0,0.0,16.0,11.0,18.0,2.5,1.0,73.0,10.0
3302.2578925876173,80.0,0.0,16.0,11.0,18.0,2.5,1.0,73.0,10.0
3302.6578925876174,80.0,0.0,16.0,11.0,18.0,2.5,1.0,73.0,10.0
3302.6584380421627,80.0,0.0,16.0,11.0,18.0,2.5,1.0,73.0,10.0
3303.058438042163,80.0,0.0,16.0,11.0,18.0,2.5,1.0,73.0,10.0
3303.058983496708,80.0,0.0,16.0,11.0,18.0,2.5,1.0,73.0,10.0
3303.4589834967082,80.0,0.0,16.0,11.0,18.0,2.5,1.0,73.0,10.0
3303.4595289512536,80.0,0.0,16.0,11.0,18.0,2.5,1.0,73.0,10.0
3303.8595289512537,80.0,0.0,16.0,11.0,18.0,2.5,1.0,73.0,10.0
3303.860074405799,80.0,0.0,16.0,11.0,18.0,2.5,1.0,73.0,10.0
3304.260074405799,80.0,0.0,16.0,11.0,18.0,2.5,1.0,73.0,10.0
3304.2606198603444,80.0,0.0,16.0,11.0,18.0,2.5,1.0,73.0,10.0
3304.6606198603445,80.0,0.0,16.0,11.0,18.0,2.5,1.0,73.0,10.0
3304.66116531489,80.0,0.0,16.0,11.0,18.0,2.5,1.0,73.0,10.0
3305.06116531489,80.0,0.0,16.0,11.0,18.0,2.5,1.0,73.0,10.0
3305.061710769435,80.0,0.0,16.0,11.0,18.0,2.5,1.0,73.0,10.0
3305.4617107694353,80.0,0.0,16.0,11.0,18.0,2.5,1.0,73.0,10.0
3305.4622562239806,80.0,0.0,16.0,11.0,18.0,2.5,1.0,73.0,10.0
3305.8622562239807,80.0,0.0,16.0,11.0,18.0,2.5,1.0,73.0,10.0
3305.862801678526,80.0,0.0,16.0,11.0,18.0,2.5,1.0,73.0,10.0
3306.262801678526,80.0,0.0,16.0,11.0,18.0,2.5,1.0,73.0,10.0
3306.2633471330714,80.0,0.0,16.0,11.0,18.0,2.5,1.0,73.0,10.0
3306.6633471330715,80.0,0.0,16.0,11.0,18.0,2.5,1.0,73.0,10.0
3306.663892587617,80.0,0.0,16.0,11.0,18.0,2.5,1.0,73.0,10.0
3307.063892587617,80.0,0.0,16.0,11.0,18.0,2.5,1.0,73.0,10.0
3307.0644380421622,80.0,0.0,16.0,11.0,18.0,2.5,1.0,73.0,10.0
3307.4644380421623,80.0,0.0,16.0,11.0,18.0,2.5,1.0,73.0,10.0
3307.4649834967076,80.0,0.0,16.0,11.0,18.0,2.5,1.0,73.0,10.0
3307.8649834967077,80.0,0.0,16.0,11.0,18.0,2.5,1.0,73.0,10.0
3307.865528951253,80.0,0.0,16.0,11.0,18.0,2.5,1.0,73.0,10.0
3308.265528951253,80.0,0.0,16.0,11.0,18.0,2.5,1.0,73.0,10.0
3308.2660744057985,80.0,0.0,16.0,11.0,18.0,2.5,1.0,73.0,10.0
3308.6660744057986,80.0,0.0,16.0,11.0,18.0,2.5,1.0,73.0,10.0
3308.666619860344,80.0,0.0,16.0,11.0,18.0,2.5,1.0,73.0,10.0
3309.066619860344,80.0,0.0,16.0,11.0,18.0,2.5,1.0,73.0,10.0
3309.0671653148893,80.0,0.0,16.0,11.0,18.0,2.5,1.0,73.0,10.0
3309.4671653148894,80.0,0.0,16.0,11.0,18.0,2.5,1.0,73.0,10.0
3309.4677107694347,80.0,0.0,16.0,11.0,18.0,2.5,1.0,73.0,10.0
3309.867710769435,80.0,0.0,16.0,11.0,18.0,2.5,1.0,73.0,10.0
3309.86825622398,80.0,0.0,16.0,11.0,18.0,2.5,1.0,73.0,10.0
3310.26825622398,80.0,0.0,16.0,11.0,18.0,2.5,1.0,73.0,10.0
3310.2688016785255,80.0,0.0,16.0,11.0,18.0,2.5,1.0,73.0,10.0
3310.6688016785256,80.0,0.0,16.0,11.0,18.0,2.5,1.0,73.0,10.0
3310.669347133071,80.0,0.0,16.0,11.0,18.0,2.5,1.0,73.0,10.0
3311.069347133071,80.0,0.0,16.0,11.0,18.0,2.5,1.0,73.0,10.0
3311.0698925876163,80.0,0.0,16.0,11.0,18.0,2.5,1.0,73.0,10.0
3311.4698925876164,80.0,0.0,16.0,11.0,18.0,2.5,1.0,73.0,10.0
3311.4704380421617,80.0,0.0,16.0,11.0,18.0,2.5,1.0,73.0,10.0
3311.870438042162,80.0,0.0,16.0,11.0,18.0,2.5,1.0,73.0,10.0
3311.870983496707,80.0,0.0,16.0,11.0,18.0,2.5,1.0,73.0,10.0
3312.2709834967072,80.0,0.0,16.0,11.0,18.0,2.5,1.0,73.0,10.0
3312.2715289512525,80.0,0.0,16.0,11.0,18.0,2.5,1.0,73.0,10.0
3312.6715289512526,80.0,0.0,16.0,11.0,18.0,2.5,1.0,73.0,10.0
3312.672074405798,80.0,0.0,16.0,11.0,18.0,2.5,1.0,73.0,10.0
3313.072074405798,80.0,0.0,16.0,11.0,18.0,2.5,1.0,73.0,10.0
3313.0726198603434,80.0,0.0,16.0,11.0,18.0,2.5,1.0,73.0,10.0
3313.4726198603435,80.0,0.0,16.0,11.0,18.0,2.5,1.0,73.0,10.0
3313.473165314889,80.0,0.0,16.0,12.0,18.0,2.5,1.0,73.0,10.0
3313.873165314889,80.0,0.0,16.0,12.0,18.0,2.5,1.0,73.0,10.0
3313.873665314889,80.0,0.0,16.0,12.0,18.0,2.5,1.0,73.0,10.0
3314.273665314889,80.0,0.0,16.0,12.0,18.0,2.5,1.0,73.0,10.0
3314.274165314889,80.0,0.0,16.0,12.0,18.0,2.5,1.0,73.0,10.0
3314.6741653148893,80.0,0.0,16.0,12.0,18.0,2.5,1.0,73.0,10.0
3314.6746653148894,80.0,0.0,16.0,12.0,18.0,2.5,1.0,73.0,10.0
3315.0746653148894,80.0,0.0,16.0,12.0,18.0,2.5,1.0,73.0,10.0
3315.0751653148895,80.0,0.0,16.0,12.0,18.0,2.5,1.0,73.0,10.0
3315.4751653148896,80.0,0.0,16.0,12.0,18.0,2.5,1.0,73.0,10.0
3315.4756653148897,80.0,0.0,16.0,12.0,18.0,2.5,1.0,73.0,10.0
3315.87566531489,80.0,0.0,16.0,12.0,18.0,2.5,1.0,73.0,10.0
3315.87616531489,80.0,0.0,16.0,12.0,18.0,2.5,1.0,73.0,10.0
3316.27616531489,80.0,0.0,16.0,12.0,18.0,2.5,1.0,73.0,10.0
3316.27666531489,80.0,0.0,16.0,12.0,18.0,2.5,1.0,73.0,10.0
3316.67666531489,80.0,0.0,16.0,12.0,18.0,2.5,1.0,73.0,10.0
3316.6771653148903,80.0,0.0,16.0,12.0,18.0,2.5,1.0,73.0,10.0
3317.0771653148904,80.0,0.0,16.0,12.0,18.0,2.5,1.0,73.0,10.0
3317.0776653148905,80.0,0.0,16.0,12.0,18.0,2.5,1.0,73.0,10.0
3317.4776653148906,80.0,0.0,16.0,12.0,18.0,2.5,1.0,73.0,10.0
3317.4781653148907,80.0,0.0,16.0,12.0,18.0,2.5,1.0,73.0,10.0
3317.878165314891,80.0,0.0,16.0,12.0,18.0,2.5,1.0,73.0,10.0
3317.878665314891,80.0,0.0,16.0,12.0,18.0,2.5,1.0,73.0,10.0
3318.278665314891,80.0,0.0,16.0,12.0,18.0,2.5,1.0,73.0,10.0
3318.279165314891,80.0,0.0,16.0,12.0,18.0,2.5,1.0,73.0,10.0
3318.679165314891,80.0,0.0,16.0,12.0,18.0,2.5,1.0,73.0,10.0
3318.6796653148913,80.0,0.0,16.0,12.0,18.0,2.5,1.0,73.0,10.0
3319.0796653148914,80.0,0.0,16.0,12.0,18.0,2.5,1.0,73.0,10.0
3319.0801653148915,80.0,0.0,16.0,12.0,18.0,2.5,1.0,73.0,10.0
3319.4801653148916,80.0,0.0,16.0,12.0,18.0,2.5,1.0,73.0,10.0
3319.4806653148917,80.0,0.0,16.0,12.0,18.0,2.5,1.0,73.0,10.0
3319.8806653148918,80.0,0.0,16.0,12.0,18.0,2.5,1.0,73.0,10.0
3319.881165314892,80.0,0.0,16.0,12.0,18.0,2.5,1.0,73.0,10.0
3320.281165314892,80.0,0.0,16.0,12.0,18.0,2.5,1.0,73.0,10.0
3320.281665314892,80.0,0.0,16.0,12.0,18.0,2.5,1.0,73.0,10.0
3320.681665314892,80.0,0.0,16.0,12.0,18.0,2.5,1.0,73.0,10.0
3320.6821653148922,80.0,0.0,16.0,12.0,18.0,2.5,1.0,73.0,10.0
3321.0821653148923,80.0,0.0,16.0,12.0,18.0,2.5,1.0,73.0,10.0
3321.0826653148924,80.0,0.0,16.0,12.0,18.0,2.5,1.0,73.0,10.0
3321.4826653148925,80.0,0.0,16.0,12.0,18.0,2.5,1.0,73.0,10.0
3321.4831653148926,80.0,0.0,16.0,12.0,18.0,2.5,1.0,73.0,10.0
3321.8831653148927,80.0,0.0,16.0,12.0,18.0,2.5,1.0,73.0,10.0
3321.883665314893,80.0,0.0,16.0,12.0,18.0,2.5,1.0,73.0,10.0
3322.283665314893,80.0,0.0,16.0,12.0,18.0,2.5,1.0,73.0,10.0
3322.284165314893,80.0,0.0,16.0,12.0,18.0,2.5,1.0,73.0,10.0
3322.684165314893,80.0,0.0,16.0,12.0,18.0,2.5,1.0,73.0,10.0
3322.684665314893,80.0,0.0,16.0,12.0,18.0,2.5,1.0,73.0,10.0
3323.0846653148933,80.0,0.0,16.0,12.0,18.0,2.5,1.0,73.0,10.0
3323.0851653148934,80.0,0.0,16.0,12.0,18.0,2.5,1.0,73.0,10.0
3323.4851653148935,80.0,0.0,16.0,12.0,18.0,2.5,1.0,73.0,10.0
3323.4856653148936,70.0,0.0,16.0,12.0,18.0,2.5,1.0,73.0,10.0
3323.8856653148937,70.0,0.0,16.0,12.0,18.0,2.5,1.0,73.0,10.0
3323.886165314894,70.0,0.0,16.0,12.0,18.0,2.5,1.0,73.0,10.0
3324.286165314894,70.0,0.0,16.0,12.0,18.0,2.5,1.0,73.0,10.0
3324.286665314894,70.0,0.0,16.0,12.0,18.0,2.5,1.0,73.0,10.0
3324.686665314894,70.0,0.0,16.0,12.0,18.0,2.5,1.0,73.0,10.0
3324.687165314894,60.0,0.0,16.0,12.0,18.0,2.5,1.0,73.0,10.0
3325.0871653148943,60.0,0.0,16.0,12.0,18.0,2.5,1.0,73.0,10.0
3325.0876653148944,60.0,0.0,16.0,12.0,18.0,2.5,1.0,73.0,10.0
3325.4876653148945,60.0,0.0,16.0,12.0,18.0,2.5,1.0,73.0,10.0
3325.4881653148946,60.0,0.0,16.0,12.0,18.0,2.5,1.0,73.0,10.0
3325.8881653148946,60.0,0.0,16.0,12.0,18.0,2.5,1.0,73.0,10.0
3325.8886653148948,70.0,0.0,16.0,12.0,18.0,2.5,1.0,73.0,10.0
3326.288665314895,70.0,0.0,16.0,12.0,18.0,2.5,1.0,73.0,10.0
3326.289165314895,70.0,0.0,16.0,12.0,18.0,2.5,1.0,73.0,10.0
3326.689165314895,70.0,0.0,16.0,12.0,18.0,2.5,1.0,73.0,10.0
3326.689665314895,70.0,0.0,16.0,12.0,18.0,2.5,1.0,73.0,10.0
3327.0896653148952,70.0,0.0,16.0,12.0,18.0,2.5,1.0,73.0,10.0
3327.0901653148953,70.0,0.0,16.0,12.0,18.0,2.5,1.0,73.0,10.0
3327.4901653148954,70.0,0.0,16.0,12.0,18.0,2.5,1.0,73.0,10.0
3327.4906653148955,70.0,0.0,16.0,12.0,18.0,2.5,1.0,73.0,10.0
3327.8906653148956,70.0,0.0,16.0,12.0,18.0,2.5,1.0,73.0,10.0
3327.8911653148957,70.0,0.0,16.0,12.0,18.0,2.5,1.0,73.0,10.0
3328.291165314896,70.0,0.0,16.0,12.0,18.0,2.5,1.0,73.0,10.0
3328.291665314896,70.0,0.0,16.0,12.0,18.0,2.5,1.0,73.0,10.0
3328.691665314896,70.0,0.0,16.0,12.0,18.0,2.5,1.0,73.0,10.0
3328.692165314896,70.0,0.0,16.0,12.0,18.0,2.5,1.0,73.0,10.0
3329.092165314896,70.0,0.0,16.0,12.0,18.0,2.5,1.0,73.0,10.0
3329.0926653148963,70.0,0.0,16.0,12.0,18.0,2.5,1.0,73.0,10.0
3329.4926653148964,70.0,0.0,16.0,12.0,18.0,2.5,1.0,73.0,10.0
3329.4931653148965,70.0,0.0,16.0,12.0,18.0,2.5,1.0,73.0,10.0
3329.8931653148966,70.0,0.0,16.0,12.0,18.0,2.5,1.0,73.0,10.0
3329.8936653148967,70.0,0.0,16.0,12.0,18.0,2.5,1.0,73.0,10.0
3330.2936653148968,70.0,0.0,16.0,12.0,18.0,2.5,1.0,73.0,10.0
3330.294165314897,70.0,0.0,16.0,12.0,18.0,2.5,1.0,73.0,10.0
3330.694165314897,70.0,0.0,16.0,12.0,18.0,2.5,1.0,73.0,10.0
3330.694665314897,70.0,0.0,16.0,12.0,18.0,2.5,1.0,73.0,10.0
3331.094665314897,70.0,0.0,16.0,12.0,18.0,2.5,1.0,73.0,10.0
3331.0951653148973,70.0,0.0,16.0,12.0,18.0,2.5,1.0,73.0,10.0
3331.4951653148973,70.0,0.0,16.0,12.0,18.0,2.5,1.0,73.0,10.0
3331.4956653148975,70.0,0.0,16.0,12.0,18.0,2.5,1.0,73.0,10.0
3331.8956653148975,70.0,0.0,16.0,12.0,18.0,2.5,1.0,73.0,10.0
3331.8961653148976,70.0,0.0,16.0,12.0,18.0,2.5,1.0,73.0,10.0
3332.2961653148977,70.0,0.0,16.0,12.0,18.0,2.5,1.0,73.0,10.0
3332.296665314898,70.0,0.0,16.0,12.0,18.0,2.5,1.0,73.0,10.0
3332.696665314898,70.0,0.0,16.0,12.0,18.0,2.5,1.0,73.0,10.0
3332.697165314898,70.0,0.0,16.0,12.0,18.0,2.5,1.0,73.0,10.0
3333.097165314898,70.0,0.0,16.0,12.0,18.0,2.5,1.0,73.0,10.0
3333.097665314898,70.0,0.0,16.0,12.0,18.0,2.5,1.0,73.0,10.0
3333.4976653148983,70.0,0.0,16.0,12.0,18.0,2.5,1.0,73.0,10.0
3333.4981653148984,70.0,0.0,16.0,12.0,18.0,2.5,1.0,73.0,10.0
3333.8981653148985,70.0,0.0,16.0,12.0,18.0,2.5,1.0,73.0,10.0
3333.8986653148986,70.0,0.0,16.0,12.0,18.0,2.5,1.0,73.0,10.0
3334.2986653148987,70.0,0.0,16.0,12.0,18.0,2.5,1.0,73.0,10.0
3334.299165314899,70.0,0.0,16.0,12.0,18.0,2.5,1.0,73.0,10.0
3334.699165314899,70.0,0.0,16.0,12.0,18.0,2.5,1.0,73.0,10.0
3334.699665314899,70.0,0.0,16.0,12.0,18.0,2.5,1.0,73.0,10.0
3335.099665314899,70.0,0.0,16.0,12.0,18.0,2.5,1.0,73.0,10.0
3335.100165314899,60.0,0.0,16.0,12.0,18.0,2.5,1.0,73.0,10.0
3335.5001653148993,60.0,0.0,16.0,12.0,18.0,2.5,1.0,73.0,10.0
3335.5006653148994,60.0,0.0,16.0,12.0,18.0,2.5,1.0,73.0,10.0
3335.9006653148995,60.0,0.0,16.0,12.0,18.0,2.5,1.0,73.0,10.0
3335.9011653148996,60.0,0.0,16.0,12.0,18.0,2.5,1.0,73.0,10.0
3336.3011653148997,60.0,0.0,16.0,12.0,18.0,2.5,1.0,73.0,10.0
3336.3016653148998,60.0,0.0,16.0,12.0,18.0,2.5,1.0,73.0,10.0
3336.7016653149,60.0,0.0,16.0,12.0,18.0,2.5,1.0,73.0,10.0
3336.7021653149,60.0,0.0,16.0,12.0,18.0,2.5,1.0,73.0,10.0
3337.1021653149,60.0,0.0,16.0,12.0,18.0,2.5,1.0,73.0,10.0
3337.1026653149,60.0,0.0,16.0,12.0,18.0,2.5,1.0,73.0,10.0
3337.5026653149002,60.0,0.0,16.0,12.0,18.0,2.5,1.0,73.0,10.0
3337.5031653149003,60.0,0.0,16.0,12.0,18.0,2.5,1.0,73.0,10.0
3337.9031653149004,60.0,0.0,16.0,12.0,18.0,2.5,1.0,73.0,10.0
3337.9036653149005,60.0,0.0,16.0,12.0,18.0,2.5,1.0,73.0,10.0
3338.3036653149006,60.0,0.0,16.0,12.0,18.0,2.5,1.0,73.0,10.0
3338.3041653149007,60.0,0.0,16.0,12.0,18.0,2.5,1.0,73.0,10.0
3338.704165314901,60.0,0.0,16.0,12.0,18.0,2.5,1.0,73.0,10.0
3338.704665314901,60.0,0.0,16.0,12.0,18.0,2.5,1.0,73.0,10.0
3339.104665314901,60.0,0.0,16.0,12.0,18.0,2.5,1.0,73.0,10.0
3339.105165314901,70.0,0.0,16.0,12.0,18.0,2.5,1.0,73.0,10.0
3339.505165314901,70.0,0.0,16.0,12.0,18.0,2.5,1.0,73.0,10.0
3339.5056653149013,70.0,0.0,16.0,12.0,18.0,2.5,1.0,73.0,10.0
3339.9056653149014,70.0,0.0,16.0,12.0,18.0,2.5,1.0,73.0,10.0
3339.9061653149015,70.0,0.0,16.0,12.0,18.0,2.5,1.0,73.0,10.0
3340.3061653149016,70.0,0.0,16.0,12.0,18.0,2.5,1.0,73.0,10.0
3340.3066653149017,70.0,0.0,16.0,12.0,18.0,2.5,1.0,73.0,10.0
3340.706665314902,70.0,0.0,16.0,12.0,18.0,2.5,1.0,73.0,10.0
3340.707165314902,70.0,0.0,16.0,12.0,18.0,2.5,1.0,73.0,10.0
3341.107165314902,70.0,0.0,16.0,12.0,18.0,2.5,1.0,73.0,10.0
3341.107665314902,70.0,0.0,16.0,12.0,18.0,2.5,1.0,73.0,10.0
3341.507665314902,70.0,0.0,16.0,12.0,18.0,2.5,1.0,73.0,10.0
3341.5081653149023,70.0,0.0,16.0,12.0,18.0,2.5,1.0,73.0,10.0
3341.9081653149024,70.0,0.0,16.0,12.0,18.0,2.5,1.0,73.0,10.0
3341.9086653149025,70.0,0.0,16.0,12.0,18.0,2.5,1.0,73.0,10.0
3342.3086653149026,70.0,0.0,16.0,12.0,18.0,2.5,1.0,73.0,10.0
3342.3091653149027,60.0,0.0,16.0,12.0,18.0,2.5,1.0,73.0,10.0
3342.7091653149027,60.0,0.0,16.0,12.0,18.0,2.5,1.0,73.0,10.0
3342.709665314903,60.0,0.0,16.0,12.0,18.0,2.5,1.0,73.0,10.0
3343.109665314903,60.0,0.0,16.0,12.0,18.0,2.5,1.0,73.0,10.0
3343.110165314903,60.0,0.0,16.0,12.0,18.0,2.5,1.0,73.0,10.0
3343.510165314903,60.0,0.0,16.0,12.0,18.0,2.5,1.0,73.0,10.0
3343.5106653149032,60.0,0.0,16.0,12.0,18.0,2.5,1.0,73.0,10.0
3343.9106653149033,60.0,0.0,16.0,12.0,18.0,2.5,1.0,73.0,10.0
3343.9111653149034,60.0,0.0,16.0,12.0,18.0,2.5,1.0,73.0,10.0
3344.3111653149035,60.0,0.0,16.0,12.0,18.0,2.5,1.0,73.0,10.0
3344.3116653149036,60.0,0.0,16.0,12.0,18.0,2.5,1.0,73.0,10.0
3344.7116653149037,60.0,0.0,16.0,12.0,18.0,2.5,1.0,73.0,10.0
3344.712165314904,60.0,0.0,16.0,12.0,18.0,2.5,1.0,73.0,10.0
3345.112165314904,60.0,0.0,16.0,12.0,18.0,2.5,1.0,73.0,10.0
3345.112665314904,60.0,0.0,16.0,12.0,18.0,2.5,1.0,73.0,10.0
3345.512665314904,60.0,0.0,16.0,12.0,18.0,2.5,1.0,73.0,10.0
3345.513165314904,60.0,0.0,16.0,12.0,18.0,2.5,1.0,73.0,10.0
3345.9131653149043,60.0,0.0,16.0,12.0,18.0,2.5,1.0,73.0,10.0
3345.9136653149044,60.0,0.0,16.0,12.0,18.0,2.5,1.0,73.0,10.0
3346.3136653149045,60.0,0.0,16.0,12.0,18.0,2.5,1.0,73.0,10.0
3346.3141653149046,60.0,0.0,16.0,12.0,18.0,2.5,1.0,73.0,10.0
3346.7141653149047,60.0,0.0,16.0,12.0,18.0,2.5,1.0,73.0,10.0
3346.714665314905,60.0,0.0,16.0,12.0,18.0,2.5,1.0,73.0,10.0
3347.114665314905,60.0,0.0,16.0,12.0,18.0,2.5,1.0,73.0,10.0
3347.115165314905,60.0,0.0,16.0,12.0,18.0,2.5,1.0,73.0,10.0
3347.515165314905,60.0,0.0,16.0,12.0,18.0,2.5,1.0,73.0,10.0
3347.515665314905,60.0,0.0,16.0,12.0,18.0,2.5,1.0,73.0,10.0
3347.9156653149053,60.0,0.0,16.0,12.0,18.0,2.5,1.0,73.0,10.0
3347.9161653149054,60.0,0.0,16.0,12.0,18.0,2.5,1.0,73.0,10.0
3348.3161653149054,60.0,0.0,16.0,12.0,18.0,2.5,1.0,73.0,10.0
3348.3166653149055,60.0,0.0,16.0,12.0,18.0,2.5,1.0,73.0,10.0
3348.7166653149056,60.0,0.0,16.0,12.0,18.0,2.5,1.0,73.0,10.0
3348.7171653149057,60.0,0.0,16.0,12.0,18.0,2.5,1.0,73.0,10.0
3349.117165314906,60.0,0.0,16.0,12.0,18.0,2.5,1.0,73.0,10.0
3349.117665314906,70.0,0.0,16.0,12.0,18.0,2.5,1.0,73.0,10.0
3349.517665314906,70.0,0.0,16.0,12.0,18.0,2.5,1.0,73.0,10.0
3349.518165314906,70.0,0.0,16.0,12.0,18.0,2.5,1.0,73.0,10.0
3349.918165314906,70.0,0.0,16.0,12.0,18.0,2.5,1.0,73.0,10.0
3349.9186653149063,70.0,0.0,16.0,12.0,18.0,2.5,1.0,73.0,10.0
3350.3186653149064,70.0,0.0,16.0,12.0,18.0,2.5,1.0,73.0,10.0
3350.3191653149065,70.0,0.0,16.0,12.0,18.0,2.5,1.0,73.0,10.0
3350.7191653149066,70.0,0.0,16.0,12.0,18.0,2.5,1.0,73.0,10.0
3350.7196653149067,70.0,0.0,16.0,12.0,18.0,2.5,1.0,73.0,10.0
3351.119665314907,70.0,0.0,16.0,12.0,18.0,2.5,1.0,73.0,10.0
3351.120165314907,70.0,0.0,16.0,12.0,18.0,2.5,1.0,73.0,10.0
3351.520165314907,70.0,0.0,16.0,12.0,18.0,2.5,1.0,73.0,10.0
3351.520665314907,70.0,0.0,16.0,12.0,18.0,2.5,1.0,73.0,10.0
3351.920665314907,70.0,0.0,16.0,12.0,18.0,2.5,1.0,73.0,10.0
3351.9211653149073,70.0,0.0,16.0,12.0,18.0,2.5,1.0,73.0,10.0
3352.3211653149074,70.0,0.0,16.0,12.0,18.0,2.5,1.0,73.0,10.0
3352.3216653149075,70.0,0.0,16.0,12.0,18.0,2.5,1.0,73.0,10.0
3352.7216653149076,70.0,0.0,16.0,12.0,18.0,2.5,1.0,73.0,10.0
3352.7221653149077,70.0,0.0,16.0,12.0,18.0,2.5,1.0,73.0,10.0
3353.1221653149078,70.0,0.0,16.0,12.0,18.0,2.5,1.0,73.0,10.0
3353.122665314908,70.0,0.0,16.0,12.0,18.0,2.5,1.0,73.0,10.0
3353.522665314908,70.0,0.0,16.0,12.0,18.0,2.5,1.0,73.0,10.0
3353.523165314908,70.0,0.0,16.0,12.0,18.0,2.5,1.0,73.0,10.0
3353.923165314908,70.0,0.0,16.0,12.0,18.0,2.5,1.0,73.0,10.0
3353.9236653149082,70.0,0.0,16.0,12.0,18.0,2.5,1.0,73.0,10.0
3354.3236653149083,70.0,0.0,16.0,12.0,18.0,2.5,1.0,73.0,10.0
3354.3241653149084,70.0,0.0,16.0,12.0,18.0,2.5,1.0,73.0,10.0
3354.7241653149085,70.0,0.0,16.0,12.0,18.0,2.5,1.0,73.0,10.0
3354.7246653149086,70.0,0.0,16.0,12.0,18.0,2.5,1.0,73.0,10.0
3355.1246653149087,70.0,0.0,16.0,12.0,18.0,2.5,1.0,73.0,10.0
3355.125165314909,70.0,0.0,16.0,12.0,18.0,2.5,1.0,73.0,10.0
3355.525165314909,70.0,0.0,16.0,12.0,18.0,2.5,1.0,73.0,10.0
3355.525665314909,70.0,0.0,16.0,12.0,18.0,2.5,1.0,73.0,10.0
3355.925665314909,70.0,0.0,16.0,12.0,18.0,2.5,1.0,73.0,10.0
3355.926165314909,70.0,0.0,16.0,12.0,18.0,2.5,1.0,73.0,10.0
3356.3261653149093,70.0,0.0,16.0,12.0,18.0,2.5,1.0,73.0,10.0
3356.3266653149094,70.0,0.0,16.0,12.0,18.0,2.5,1.0,73.0,10.0
3356.7266653149095,70.0,0.0,16.0,12.0,18.0,2.5,1.0,73.0,10.0
3356.7271653149096,70.0,0.0,16.0,12.0,18.0,2.5,1.0,73.0,10.0
3357.1271653149097,70.0,0.0,16.0,12.0,18.0,2.5,1.0,73.0,10.0
3357.12766531491,70.0,0.0,16.0,12.0,18.0,2.5,1.0,73.0,10.0
3357.52766531491,70.0,0.0,16.0,12.0,18.0,2.5,1.0,73.0,10.0
3357.52816531491,70.0,0.0,16.0,12.0,18.0,2.5,1.0,73.0,10.0
3357.92816531491,70.0,0.0,16.0,12.0,18.0,2.5,1.0,73.0,10.0
3357.92866531491,70.0,0.0,16.0,12.0,18.0,2.5,1.0,73.0,10.0
3358.3286653149103,70.0,0.0,16.0,12.0,18.0,2.5,1.0,73.0,10.0
3358.3291653149104,70.0,0.0,16.0,12.0,18.0,2.5,1.0,73.0,10.0
3358.7291653149105,70.0,0.0,16.0,12.0,18.0,2.5,1.0,73.0,10.0
3358.7296653149106,70.0,0.0,16.0,12.0,18.0,2.5,1.0,73.0,10.0
3359.1296653149107,70.0,0.0,16.0,12.0,18.0,2.5,1.0,73.0,10.0
3359.1301653149108,70.0,0.0,16.0,12.0,18.0,2.5,1.0,73.0,10.0
3359.530165314911,70.0,0.0,16.0,12.0,18.0,2.5,1.0,73.0,10.0
3359.530665314911,60.0,0.0,16.0,12.0,18.0,2.5,1.0,73.0,10.0
3359.930665314911,60.0,0.0,16.0,12.0,18.0,2.5,1.0,73.0,10.0
3359.931165314911,60.0,0.0,16.0,12.0,18.0,2.5,1.0,73.0,10.0
3360.3311653149112,60.0,0.0,16.0,12.0,18.0,2.5,1.0,73.0,10.0
3360.3316653149113,60.0,0.0,16.0,12.0,18.0,2.5,1.0,73.0,10.0
3360.7316653149114,60.0,0.0,16.0,12.0,18.0,2.5,1.0,73.0,10.0
3360.7321653149115,50.0,0.0,16.0,12.0,18.0,2.5,1.0,73.0,10.0
3361.1321653149116,50.0,0.0,16.0,12.0,18.0,2.5,1.0,73.0,10.0
3361.1326653149117,50.0,0.0,16.0,12.0,18.0,2.5,1.0,73.0,10.0
3361.532665314912,50.0,0.0,16.0,12.0,18.0,2.5,1.0,73.0,10.0
3361.533165314912,50.0,0.0,16.0,12.0,18.0,2.5,1.0,73.0,10.0
3361.933165314912,50.0,0.0,16.0,12.0,18.0,2.5,1.0,73.0,10.0
3361.933665314912,50.0,0.0,16.0,12.0,18.0,2.5,1.0,73.0,10.0
3362.333665314912,50.0,0.0,16.0,12.0,18.0,2.5,1.0,73.0,10.0
3362.3341653149123,50.0,0.0,16.0,12.0,18.0,2.5,1.0,73.0,10.0
3362.7341653149124,50.0,0.0,16.0,12.0,18.0,2.5,1.0,73.0,10.0
3362.7346653149125,50.0,0.0,16.0,12.0,18.0,2.5,1.0,73.0,10.0
3363.1346653149126,50.0,0.0,16.0,12.0,18.0,2.5,1.0,73.0,10.0
3363.1351653149127,50.0,0.0,16.0,12.0,18.0,2.5,1.0,73.0,10.0
3363.535165314913,50.0,0.0,16.0,12.0,18.0,2.5,1.0,73.0,10.0
3363.535665314913,50.0,0.0,16.0,12.0,18.0,2.5,1.0,73.0,10.0
3363.935665314913,50.0,0.0,16.0,12.0,18.0,2.5,1.0,73.0,10.0
3363.936165314913,50.0,0.0,16.0,12.0,18.0,2.5,1.0,73.0,10.0
3364.336165314913,50.0,0.0,16.0,12.0,18.0,2.5,1.0,73.0,10.0
3364.3366653149133,50.0,0.0,16.0,12.0,18.0,2.5,1.0,73.0,10.0
3364.7366653149134,50.0,0.0,16.0,12.0,18.0,2.5,1.0,73.0,10.0
3364.7371653149135,50.0,0.0,16.0,12.0,18.0,2.5,1.0,73.0,10.0
3365.1371653149135,50.0,0.0,16.0,12.0,18.0,2.5,1.0,73.0,10.0
3365.1376653149136,50.0,0.0,16.0,12.0,18.0,2.5,1.0,73.0,10.0
3365.5376653149137,50.0,0.0,16.0,12.0,18.0,2.5,1.0,73.0,10.0
3365.538165314914,50.0,0.0,16.0,12.0,18.0,2.5,1.0,73.0,10.0
3365.938165314914,50.0,0.0,16.0,12.0,18.0,2.5,1.0,73.0,10.0
3365.938665314914,50.0,0.0,16.0,12.0,18.0,2.5,1.0,73.0,10.0
3366.338665314914,50.0,0.0,16.0,12.0,18.0,2.5,1.0,73.0,10.0
3366.339165314914,50.0,0.0,16.0,12.0,18.0,2.5,1.0,73.0,10.0
3366.7391653149143,50.0,0.0,16.0,12.0,18.0,2.5,1.0,73.0,10.0
3366.7396653149144,50.0,0.0,16.0,12.0,18.0,2.5,1.0,73.0,10.0
3367.1396653149145,50.0,0.0,16.0,12.0,18.0,2.5,1.0,73.0,10.0
3367.1401653149146,50.0,0.0,16.0,12.0,18.0,2.5,1.0,73.0,10.0
3367.5401653149147,50.0,0.0,16.0,12.0,18.0,2.5,1.0,73.0,10.0
3367.540665314915,50.0,0.0,16.0,12.0,18.0,2.5,1.0,73.0,10.0
3367.940665314915,50.0,0.0,16.0,12.0,18.0,2.5,1.0,73.0,10.0
3367.941165314915,50.0,0.0,16.0,12.0,18.0,2.5,1.0,73.0,10.0
3368.341165314915,50.0,0.0,16.0,12.0,18.0,2.5,1.0,73.0,10.0
3368.341665314915,50.0,0.0,16.0,12.0,18.0,2.5,1.0,73.0,10.0
3368.7416653149153,50.0,0.0,16.0,12.0,18.0,2.5,1.0,73.0,10.0
3368.7421653149154,50.0,0.0,16.0,12.0,18.0,2.5,1.0,73.0,10.0
3369.1421653149155,50.0,0.0,16.0,12.0,18.0,2.5,1.0,73.0,10.0
3369.1426653149156,50.0,0.0,16.0,12.0,18.0,2.5,1.0,73.0,10.0
3369.5426653149157,50.0,0.0,16.0,12.0,18.0,2.5,1.0,73.0,10.0
3369.5431653149158,50.0,0.0,16.0,12.0,18.0,2.5,1.0,73.0,10.0
3369.943165314916,50.0,0.0,16.0,12.0,18.0,2.5,1.0,73.0,10.0
3369.943665314916,50.0,0.0,16.0,12.0,18.0,2.5,1.0,73.0,10.0
3370.343665314916,50.0,0.0,16.0,12.0,18.0,2.5,1.0,73.0,10.0
3370.344165314916,50.0,0.0,16.0,12.0,18.0,2.5,1.0,73.0,10.0
3370.7441653149162,50.0,0.0,16.0,12.0,18.0,2.5,1.0,73.0,10.0
3370.7446653149163,50.0,0.0,16.0,12.0,18.0,2.5,1.0,73.0,10.0
3371.1446653149164,50.0,0.0,16.0,12.0,18.0,2.5,1.0,73.0,10.0
3371.1451653149165,50.0,0.0,16.0,12.0,18.0,2.5,1.0,73.0,10.0
3371.5451653149166,50.0,0.0,16.0,12.0,18.0,2.5,1.0,73.0,10.0
3371.5456653149167,50.0,0.0,16.0,12.0,18.0,2.5,1.0,73.0,10.0
3371.945665314917,50.0,0.0,16.0,12.0,18.0,2.5,1.0,73.0,10.0
3371.946165314917,50.0,0.0,16.0,12.0,18.0,2.5,1.0,73.0,10.0
3372.346165314917,50.0,0.0,16.0,12.0,18.0,2.5,1.0,73.0,10.0
3372.346665314917,50.0,0.0,16.0,12.0,18.0,2.5,1.0,73.0,10.0
3372.746665314917,50.0,0.0,16.0,12.0,18.0,2.5,1.0,73.0,10.0
3372.7471653149173,50.0,0.0,16.0,12.0,18.0,2.5,1.0,73.0,10.0
3373.1471653149174,50.0,0.0,16.0,12.0,18.0,2.5,1.0,73.0,10.0
3373.1476653149175,50.0,0.0,16.0,12.0,18.0,2.5,1.0,73.0,10.0
3373.5476653149176,50.0,0.0,16.0,12.0,18.0,2.5,1.0,73.0,10.0
3373.5481653149177,50.0,0.0,16.0,12.0,18.0,2.5,1.0,73.0,10.0
3373.948165314918,50.0,0.0,16.0,12.0,18.0,2.5,1.0,73.0,10.0
3373.948665314918,50.0,0.0,16.0,12.0,18.0,2.5,1.0,73.0,10.0
3374.348665314918,50.0,0.0,16.0,12.0,18.0,2.5,1.0,73.0,10.0
3374.349165314918,50.0,0.0,16.0,12.0,18.0,2.5,1.0,73.0,10.0
3374.749165314918,50.0,0.0,16.0,12.0,18.0,2.5,1.0,73.0,10.0
3374.7496653149183,50.0,0.0,16.0,12.0,18.0,2.5,1.0,73.0,10.0
3375.1496653149184,50.0,0.0,16.0,12.0,18.0,2.5,1.0,73.0,10.0
3375.1501653149185,50.0,0.0,16.0,12.0,18.0,2.5,1.0,73.0,10.0
3375.5501653149186,50.0,0.0,16.0,12.0,18.0,2.5,1.0,73.0,10.0
3375.5506653149187,50.0,0.0,16.0,12.0,18.0,2.5,1.0,73.0,10.0
3375.9506653149188,50.0,0.0,16.0,12.0,18.0,2.5,1.0,73.0,10.0
3375.951165314919,50.0,0.0,16.0,12.0,18.0,2.5,1.0,73.0,10.0
3376.351165314919,50.0,0.0,16.0,12.0,18.0,2.5,1.0,73.0,10.0
3376.351665314919,50.0,0.0,16.0,12.0,18.0,2.5,1.0,73.0,10.0
3376.751665314919,50.0,0.0,16.0,12.0,18.0,2.5,1.0,73.0,10.0
3376.7521653149192,50.0,0.0,16.0,12.0,18.0,2.5,1.0,73.0,10.0
3377.1521653149193,50.0,0.0,16.0,12.0,18.0,2.5,1.0,73.0,10.0
3377.1526653149194,50.0,0.0,16.0,12.0,18.0,2.5,1.0,73.0,10.0
3377.5526653149195,50.0,0.0,16.0,12.0,18.0,2.5,1.0,73.0,10.0
3377.5531653149196,50.0,0.0,16.0,12.0,18.0,2.5,1.0,73.0,10.0
3377.9531653149197,50.0,0.0,16.0,12.0,18.0,2.5,1.0,73.0,10.0
3377.95366531492,50.0,0.0,16.0,12.0,18.0,2.5,1.0,73.0,10.0
3378.35366531492,50.0,0.0,16.0,12.0,18.0,2.5,1.0,73.0,10.0
3378.35416531492,50.0,0.0,16.0,12.0,18.0,2.5,1.0,73.0,10.0
3378.75416531492,50.0,0.0,16.0,12.0,18.0,2.5,1.0,73.0,10.0
3378.75466531492,50.0,0.0,16.0,12.0,18.0,2.5,1.0,73.0,10.0
3379.1546653149203,50.0,0.0,16.0,12.0,18.0,2.5,1.0,73.0,10.0
3379.1551653149204,50.0,0.0,16.0,12.0,18.0,2.5,1.0,73.0,10.0
3379.5551653149205,50.0,0.0,16.0,12.0,18.0,2.5,1.0,73.0,10.0
3379.5556653149206,50.0,0.0,16.0,12.0,18.0,2.5,1.0,73.0,10.0
3379.9556653149207,50.0,0.0,16.0,12.0,18.0,2.5,1.0,73.0,10.0
3379.956165314921,50.0,0.0,16.0,12.0,18.0,2.5,1.0,73.0,10.0
3380.356165314921,50.0,0.0,16.0,12.0,18.0,2.5,1.0,73.0,10.0
3380.356665314921,50.0,0.0,16.0,12.0,18.0,2.5,1.0,73.0,10.0
3380.756665314921,50.0,0.0,16.0,12.0,18.0,2.5,1.0,73.0,10.0
3380.757165314921,50.0,0.0,16.0,12.0,18.0,2.5,1.0,73.0,10.0
3381.1571653149213,50.0,0.0,16.0,12.0,18.0,2.5,1.0,73.0,10.0
3381.1576653149214,50.0,0.0,16.0,12.0,18.0,2.5,1.0,73.0,10.0
3381.5576653149215,50.0,0.0,16.0,12.0,18.0,2.5,1.0,73.0,10.0
3381.5581653149216,50.0,0.0,16.0,12.0,18.0,2.5,1.0,73.0,10.0
3381.9581653149216,50.0,0.0,16.0,12.0,18.0,2.5,1.0,73.0,10.0
3381.9586653149217,50.0,0.0,16.0,12.0,18.0,2.5,1.0,73.0,10.0
3382.358665314922,50.0,0.0,16.0,12.0,18.0,2.5,1.0,73.0,10.0
3382.359165314922,50.0,0.0,16.0,12.0,18.0,2.5,1.0,73.0,10.0
3382.759165314922,50.0,0.0,16.0,12.0,18.0,2.5,1.0,73.0,10.0
3382.759665314922,50.0,0.0,16.0,12.0,18.0,2.5,1.0,73.0,10.0
3383.159665314922,50.0,0.0,16.0,12.0,18.0,2.5,1.0,73.0,10.0
3383.1601653149223,50.0,0.0,16.0,12.0,18.0,2.5,1.0,73.0,10.0
3383.5601653149224,50.0,0.0,16.0,12.0,18.0,2.5,1.0,73.0,10.0
3383.5606653149225,50.0,0.0,16.0,12.0,18.0,2.5,1.0,73.0,10.0
3383.9606653149226,50.0,0.0,16.0,12.0,18.0,2.5,1.0,73.0,10.0
3383.9611653149227,50.0,0.0,16.0,12.0,18.0,2.5,1.0,73.0,10.0
3384.361165314923,50.0,0.0,16.0,12.0,18.0,2.5,1.0,73.0,10.0
3384.361665314923,50.0,0.0,16.0,12.0,18.0,2.5,1.0,73.0,10.0
3384.761665314923,50.0,0.0,16.0,12.0,18.0,2.5,1.0,73.0,10.0
3384.762165314923,50.0,0.0,16.0,12.0,18.0,2.5,1.0,73.0,10.0
3385.162165314923,50.0,0.0,16.0,12.0,18.0,2.5,1.0,73.0,10.0
3385.1626653149233,50.0,0.0,16.0,12.0,18.0,2.5,1.0,73.0,10.0
3385.5626653149234,50.0,0.0,16.0,12.0,18.0,2.5,1.0,73.0,10.0
3385.5631653149235,50.0,0.0,16.0,12.0,18.0,2.5,1.0,73.0,10.0
3385.9631653149236,50.0,0.0,16.0,12.0,18.0,2.5,1.0,73.0,10.0
3385.9636653149237,50.0,0.0,16.0,12.0,18.0,2.5,1.0,73.0,10.0
3386.3636653149238,50.0,0.0,16.0,12.0,18.0,2.5,1.0,73.0,10.0
3386.364165314924,50.0,0.0,16.0,12.0,18.0,2.5,1.0,73.0,10.0
3386.764165314924,50.0,0.0,16.0,12.0,18.0,2.5,1.0,73.0,10.0
3386.764665314924,50.0,0.0,16.0,12.0,18.0,2.5,1.0,73.0,10.0
3387.164665314924,50.0,0.0,16.0,12.0,18.0,2.5,1.0,73.0,10.0
3387.1651653149243,50.0,0.0,16.0,12.0,18.0,2.5,1.0,73.0,10.0
3387.5651653149243,50.0,0.0,16.0,12.0,18.0,2.5,1.0,73.0,10.0
3387.5656653149244,50.0,0.0,16.0,12.0,18.0,2.5,1.0,73.0,10.0
3387.9656653149245,50.0,0.0,16.0,12.0,18.0,2.5,1.0,73.0,10.0
3387.9661653149246,50.0,0.0,16.0,12.0,18.0,2.5,1.0,73.0,10.0
3388.3661653149247,50.0,0.0,16.0,12.0,18.0,2.5,1.0,73.0,10.0
3388.366665314925,50.0,0.0,16.0,12.0,18.0,2.5,1.0,73.0,10.0
3388.766665314925,50.0,0.0,16.0,12.0,18.0,2.5,1.0,73.0,10.0
3388.767165314925,50.0,0.0,16.0,12.0,18.0,2.5,1.0,73.0,10.0
3389.167165314925,50.0,0.0,16.0,12.0,18.0,2.5,1.0,73.0,10.0
3389.167665314925,50.0,0.0,16.0,12.0,18.0,2.5,1.0,73.0,10.0
3389.5676653149253,50.0,0.0,16.0,12.0,18.0,2.5,1.0,73.0,10.0
3389.5681653149254,50.0,0.0,16.0,12.0,18.0,2.5,1.0,73.0,10.0
3389.9681653149255,50.0,0.0,16.0,12.0,18.0,2.5,1.0,73.0,10.0
3389.9686653149256,50.0,0.0,16.0,12.0,18.0,2.5,1.0,73.0,10.0
3390.3686653149257,50.0,0.0,16.0,12.0,18.0,2.5,1.0,73.0,10.0
3390.369165314926,50.0,0.0,16.0,12.0,18.0,2.5,1.0,73.0,10.0
3390.769165314926,50.0,0.0,16.0,12.0,18.0,2.5,1.0,73.0,10.0
3390.769665314926,50.0,0.0,16.0,12.0,18.0,2.5,1.0,73.0,10.0
3391.169665314926,50.0,0.0,16.0,12.0,18.0,2.5,1.0,73.0,10.0
3391.170165314926,50.0,0.0,16.0,12.0,18.0,2.5,1.0,73.0,10.0
3391.5701653149263,50.0,0.0,16.0,12.0,18.0,2.5,1.0,73.0,10.0
3391.5706653149264,50.0,0.0,16.0,12.0,18.0,2.5,1.0,73.0,10.0
3391.9706653149265,50.0,0.0,16.0,12.0,18.0,2.5,1.0,73.0,10.0
3391.9711653149266,50.0,0.0,16.0,12.0,18.0,2.5,1.0,73.0,10.0
3392.3711653149267,50.0,0.0,16.0,12.0,18.0,2.5,1.0,73.0,10.0
3392.3716653149268,50.0,0.0,16.0,12.0,18.0,2.5,1.0,73.0,10.0
3392.771665314927,50.0,0.0,16.0,12.0,18.0,2.5,1.0,73.0,10.0
3392.772165314927,50.0,0.0,16.0,12.0,18.0,2.5,1.0,73.0,10.0
3393.172165314927,50.0,0.0,16.0,12.0,18.0,2.5,1.0,73.0,10.0
3393.172665314927,50.0,0.0,16.0,12.0,18.0,2.5,1.0,73.0,10.0
3393.5726653149272,50.0,0.0,16.0,12.0,18.0,2.5,1.0,73.0,10.0
3393.5731653149273,50.0,0.0,16.0,12.0,18.0,2.5,1.0,73.0,10.0
3393.9731653149274,50.0,0.0,16.0,12.0,18.0,2.5,1.0,73.0,10.0
3393.9736653149275,50.0,0.0,16.0,12.0,18.0,2.5,1.0,73.0,10.0
3394.3736653149276,50.0,0.0,16.0,12.0,18.0,2.5,1.0,73.0,10.0
3394.3741653149277,50.0,0.0,16.0,12.0,18.0,2.5,1.0,73.0,10.0
3394.774165314928,50.0,0.0,16.0,12.0,18.0,2.5,1.0,73.0,10.0
3394.774665314928,50.0,0.0,16.0,12.0,18.0,2.5,1.0,73.0,10.0
3395.174665314928,50.0,0.0,16.0,12.0,18.0,2.5,1.0,73.0,10.0
3395.175165314928,50.0,0.0,16.0,12.0,18.0,2.5,1.0,73.0,10.0
3395.575165314928,50.0,0.0,16.0,12.0,18.0,2.5,1.0,73.0,10.0
3395.5756653149283,50.0,0.0,16.0,12.0,18.0,2.5,1.0,73.0,10.0
3395.9756653149284,50.0,0.0,16.0,12.0,18.0,2.5,1.0,73.0,10.0
3395.9761653149285,50.0,0.0,16.0,12.0,18.0,2.5,1.0,73.0,10.0
3396.3761653149286,50.0,0.0,16.0,12.0,18.0,2.5,1.0,73.0,10.0
3396.3766653149287,50.0,0.0,16.0,12.0,18.0,2.5,1.0,73.0,10.0
3396.776665314929,50.0,0.0,16.0,12.0,18.0,2.5,1.0,73.0,10.0
3396.777165314929,50.0,0.0,16.0,12.0,18.0,2.5,1.0,73.0,10.0
3397.177165314929,50.0,0.0,16.0,12.0,18.0,2.5,1.0,73.0,10.0
3397.177665314929,50.0,0.0,16.0,12.0,18.0,2.5,1.0,73.0,10.0
3397.577665314929,50.0,0.0,16.0,12.0,18.0,2.5,1.0,73.0,10.0
3397.5781653149293,50.0,0.0,16.0,12.0,18.0,2.5,1.0,73.0,10.0
3397.9781653149294,50.0,0.0,16.0,12.0,18.0,2.5,1.0,73.0,10.0
3397.9786653149295,50.0,0.0,16.0,12.0,18.0,2.5,1.0,73.0,10.0
3398.3786653149295,50.0,0.0,16.0,12.0,18.0,2.5,1.0,73.0,10.0
3398.3791653149297,50.0,0.0,16.0,12.0,18.0,2.5,1.0,73.0,10.0
3398.7791653149297,50.0,0.0,16.0,12.0,18.0,2.5,1.0,73.0,10.0
3398.77966531493,50.0,0.0,16.0,12.0,18.0,2.5,1.0,73.0,10.0
3399.17966531493,50.0,0.0,16.0,12.0,18.0,2.5,1.0,73.0,10.0
3399.18016531493,50.0,0.0,16.0,12.0,18.0,2.5,1.0,73.0,10.0
3399.58016531493,50.0,0.0,16.0,12.0,18.0,2.5,1.0,73.0,10.0
3399.5806653149302,50.0,0.0,16.0,12.0,18.0,2.5,1.0,73.0,10.0
3399.9806653149303,50.0,0.0,16.0,12.0,18.0,2.5,1.0,73.0,10.0
3399.9811653149304,50.0,0.0,16.0,12.0,18.0,2.5,1.0,73.0,10.0
3400.3811653149305,50.0,0.0,16.0,12.0,18.0,2.5,1.0,73.0,10.0
3400.3816653149306,50.0,0.0,16.0,12.0,18.0,2.5,1.0,73.0,10.0
3400.7816653149307,50.0,0.0,16.0,12.0,18.0,2.5,1.0,73.0,10.0
3400.782165314931,50.0,0.0,16.0,12.0,18.0,2.5,1.0,73.0,10.0
3401.182165314931,50.0,0.0,16.0,12.0,18.0,2.5,1.0,73.0,10.0
3401.182665314931,50.0,0.0,16.0,12.0,18.0,2.5,1.0,73.0,10.0
3401.582665314931,50.0,0.0,16.0,12.0,18.0,2.5,1.0,73.0,10.0
3401.583165314931,50.0,0.0,16.0,12.0,18.0,2.5,1.0,73.0,10.0
3401.9831653149313,50.0,0.0,16.0,12.0,18.0,2.5,1.0,73.0,10.0
3401.9836653149314,50.0,0.0,16.0,12.0,18.0,2.5,1.0,73.0,10.0
3402.3836653149315,50.0,0.0,16.0,12.0,18.0,2.5,1.0,73.0,10.0
3402.3841653149316,50.0,0.0,16.0,12.0,18.0,2.5,1.0,73.0,10.0
3402.7841653149317,50.0,0.0,16.0,12.0,18.0,2.5,1.0,73.0,10.0
3402.7846653149318,50.0,0.0,16.0,12.0,18.0,2.5,1.0,73.0,10.0
3403.184665314932,50.0,0.0,16.0,12.0,18.0,2.5,1.0,73.0,10.0
3403.185165314932,50.0,0.0,16.0,12.0,18.0,2.5,1.0,73.0,10.0
3403.585165314932,50.0,0.0,16.0,12.0,18.0,2.5,1.0,73.0,10.0
3403.585665314932,50.0,0.0,16.0,12.0,18.0,2.5,1.0,73.0,10.0
3403.9856653149322,50.0,0.0,16.0,12.0,18.0,2.5,1.0,73.0,10.0
3403.9861653149324,50.0,0.0,16.0,12.0,18.0,2.5,1.0,73.0,10.0
3404.3861653149324,50.0,0.0,16.0,12.0,18.0,2.5,1.0,73.0,10.0
3404.3866653149325,50.0,0.0,16.0,12.0,18.0,2.5,1.0,73.0,10.0
3404.7866653149326,50.0,0.0,16.0,12.0,18.0,2.5,1.0,73.0,10.0
3404.7871653149327,50.0,0.0,16.0,12.0,18.0,2.5,1.0,73.0,10.0
3405.187165314933,50.0,0.0,16.0,12.0,18.0,2.5,1.0,73.0,10.0
3405.187665314933,50.0,0.0,16.0,12.0,18.0,2.5,1.0,73.0,10.0
3405.587665314933,50.0,0.0,16.0,12.0,18.0,2.5,1.0,73.0,10.0
3405.588165314933,50.0,0.0,16.0,12.0,18.0,2.5,1.0,73.0,10.0
3405.988165314933,50.0,0.0,16.0,12.0,18.0,2.5,1.0,73.0,10.0
3405.9886653149333,50.0,0.0,16.0,12.0,18.0,2.5,1.0,73.0,10.0
3406.3886653149334,50.0,0.0,16.0,12.0,18.0,2.5,1.0,73.0,10.0
3406.3891653149335,50.0,0.0,16.0,12.0,18.0,2.5,1.0,73.0,10.0
3406.7891653149336,50.0,0.0,16.0,12.0,18.0,2.5,1.0,73.0,10.0
3406.7896653149337,50.0,0.0,16.0,12.0,18.0,2.5,1.0,73.0,10.0
3407.189665314934,50.0,0.0,16.0,12.0,18.0,2.5,1.0,73.0,10.0
3407.190165314934,50.0,0.0,16.0,12.0,18.0,2.5,1.0,73.0,10.0
3407.590165314934,50.0,0.0,16.0,12.0,18.0,2.5,1.0,73.0,10.0
3407.590665314934,50.0,0.0,16.0,12.0,18.0,2.5,1.0,73.0,10.0
3407.990665314934,50.0,0.0,16.0,12.0,18.0,2.5,1.0,73.0,10.0
3407.9911653149343,50.0,0.0,16.0,12.0,18.0,2.5,1.0,73.0,10.0
3408.3911653149344,50.0,0.0,16.0,12.0,18.0,2.5,1.0,73.0,10.0
3408.3916653149345,50.0,0.0,16.0,12.0,18.0,2.5,1.0,73.0,10.0
3408.7916653149346,50.0,0.0,16.0,12.0,18.0,2.5,1.0,73.0,10.0
3408.7921653149347,40.0,0.0,16.0,12.0,18.0,2.5,1.0,73.0,10.0
3409.1921653149348,40.0,0.0,16.0,12.0,18.0,2.5,1.0,73.0,10.0
3409.192665314935,40.0,0.0,16.0,12.0,18.0,2.5,1.0,73.0,10.0
3409.592665314935,40.0,0.0,16.0,12.0,18.0,2.5,1.0,73.0,10.0
3409.593165314935,40.0,0.0,16.0,12.0,18.0,2.5,1.0,73.0,10.0
3409.993165314935,40.0,0.0,16.0,12.0,18.0,2.5,1.0,73.0,10.0
3409.9936653149352,40.0,0.0,16.0,12.0,18.0,2.5,1.0,73.0,10.0
3410.3936653149353,40.0,0.0,16.0,12.0,18.0,2.5,1.0,73.0,10.0
3410.3941653149354,40.0,0.0,16.0,12.0,18.0,2.5,1.0,73.0,10.0
3410.7941653149355,40.0,0.0,16.0,12.0,18.0,2.5,1.0,73.0,10.0
3410.7946653149356,40.0,0.0,16.0,12.0,18.0,2.5,1.0,73.0,10.0
3411.1946653149357,40.0,0.0,16.0,12.0,18.0,2.5,1.0,73.0,10.0
3411.195165314936,40.0,0.0,16.0,12.0,18.0,2.5,1.0,73.0,10.0
3411.595165314936,40.0,0.0,16.0,12.0,18.0,2.5,1.0,73.0,10.0
3411.595665314936,40.0,0.0,16.0,12.0,18.0,2.5,1.0,73.0,10.0
3411.995665314936,40.0,0.0,16.0,12.0,18.0,2.5,1.0,73.0,10.0
3411.996165314936,40.0,0.0,16.0,12.0,18.0,2.5,1.0,73.0,10.0
3412.3961653149363,40.0,0.0,16.0,12.0,18.0,2.5,1.0,73.0,10.0
3412.3966653149364,40.0,0.0,16.0,12.0,18.0,2.5,1.0,73.0,10.0
3412.7966653149365,40.0,0.0,16.0,12.0,18.0,2.5,1.0,73.0,10.0
3412.7971653149366,40.0,0.0,16.0,12.0,18.0,2.5,1.0,73.0,10.0
3413.1971653149367,40.0,0.0,16.0,12.0,18.0,2.5,1.0,73.0,10.0
3413.197665314937,40.0,0.0,16.0,12.0,18.0,2.5,1.0,73.0,10.0
3413.597665314937,40.0,0.0,16.0,12.0,18.0,2.5,1.0,73.0,10.0
3413.598165314937,40.0,0.0,16.0,12.0,18.0,2.5,1.0,73.0,10.0
3413.998165314937,40.0,0.0,16.0,12.0,18.0,2.5,1.0,73.0,10.0
3413.998665314937,40.0,0.0,16.0,12.0,18.0,2.5,1.0,73.0,10.0
3414.3986653149373,40.0,0.0,16.0,12.0,18.0,2.5,1.0,73.0,10.0
3414.3991653149374,40.0,0.0,16.0,12.0,18.0,2.5,1.0,73.0,10.0
3414.7991653149375,40.0,0.0,16.0,12.0,18.0,2.5,1.0,73.0,10.0
3414.7996653149376,40.0,0.0,16.0,12.0,18.0,2.5,1.0,73.0,10.0
3415.1996653149376,40.0,0.0,16.0,12.0,18.0,2.5,1.0,73.0,10.0
3415.2001653149377,40.0,0.0,16.0,12.0,18.0,2.5,1.0,73.0,10.0
3415.600165314938,40.0,0.0,16.0,12.0,18.0,2.5,1.0,73.0,10.0
3415.600665314938,40.0,0.0,16.0,12.0,18.0,2.5,1.0,73.0,10.0
3416.000665314938,40.0,0.0,16.0,12.0,18.0,2.5,1.0,73.0,10.0
3416.001165314938,40.0,0.0,16.0,12.0,18.0,2.5,1.0,73.0,10.0
3416.401165314938,40.0,0.0,16.0,12.0,18.0,2.5,1.0,73.0,10.0
3416.4016653149383,40.0,0.0,17.0,12.0,18.0,2.5,1.0,73.0,10.0
3416.8016653149384,40.0,0.0,17.0,12.0,18.0,2.5,1.0,73.0,10.0
3416.8021653149385,40.0,0.0,17.0,12.0,18.0,2.5,1.0,73.0,10.0
3417.2021653149386,40.0,0.0,17.0,12.0,18.0,2.5,1.0,73.0,10.0
3417.2026653149387,50.0,0.0,17.0,12.0,18.0,2.5,1.0,73.0,10.0
3417.602665314939,50.0,0.0,17.0,12.0,18.0,2.5,1.0,73.0,10.0
3417.603165314939,50.0,0.0,17.0,12.0,18.0,2.5,1.0,73.0,10.0
3418.003165314939,50.0,0.0,17.0,12.0,18.0,2.5,1.0,73.0,10.0
3418.003665314939,50.0,0.0,17.0,12.0,18.0,2.5,1.0,73.0,10.0
3418.403665314939,50.0,0.0,17.0,12.0,18.0,2.5,1.0,73.0,10.0
3418.4041653149393,50.0,0.0,17.0,12.0,18.0,2.5,1.0,73.0,10.0
3418.8041653149394,50.0,0.0,17.0,12.0,18.0,2.5,1.0,73.0,10.0
3418.8046653149395,50.0,0.0,17.0,12.0,18.0,2.5,1.0,73.0,10.0
3419.2046653149396,50.0,0.0,17.0,12.0,18.0,2.5,1.0,73.0,10.0
3419.2051653149397,50.0,0.0,17.0,12.0,18.0,2.5,1.0,73.0,10.0
3419.6051653149398,50.0,0.0,17.0,12.0,18.0,2.5,1.0,73.0,10.0
3419.60566531494,50.0,0.0,17.0,12.0,18.0,2.5,1.0,73.0,10.0
3420.00566531494,50.0,0.0,17.0,12.0,18.0,2.5,1.0,73.0,10.0
3420.00616531494,50.0,0.0,17.0,12.0,18.0,2.5,1.0,73.0,10.0
3420.40616531494,50.0,0.0,17.0,12.0,18.0,2.5,1.0,73.0,10.0
3420.4066653149403,50.0,0.0,17.0,12.0,18.0,2.5,1.0,73.0,10.0
3420.8066653149403,50.0,0.0,17.0,12.0,18.0,2.5,1.0,73.0,10.0
3420.8071653149404,50.0,0.0,17.0,12.0,18.0,2.5,1.0,73.0,10.0
3421.2071653149405,50.0,0.0,17.0,12.0,18.0,2.5,1.0,73.0,10.0
3421.2076653149406,50.0,0.0,17.0,12.0,18.0,2.5,1.0,73.0,10.0
3421.6076653149407,50.0,0.0,17.0,12.0,18.0,2.5,1.0,73.0,10.0
3421.608165314941,50.0,0.0,17.0,12.0,18.0,2.5,1.0,73.0,10.0
3422.008165314941,50.0,0.0,17.0,12.0,18.0,2.5,1.0,73.0,10.0
3422.008665314941,50.0,0.0,17.0,12.0,18.0,2.5,1.0,73.0,10.0
3422.408665314941,50.0,0.0,17.0,12.0,18.0,2.5,1.0,73.0,10.0
3422.409165314941,50.0,0.0,17.0,12.0,18.0,2.5,1.0,73.0,10.0
3422.8091653149413,50.0,0.0,17.0,12.0,18.0,2.5,1.0,73.0,10.0
3422.8096653149414,50.0,0.0,17.0,12.0,18.0,2.5,1.0,73.0,10.0
3423.2096653149415,50.0,0.0,17.0,12.0,18.0,2.5,1.0,73.0,10.0
3423.2101653149416,50.0,0.0,17.0,12.0,18.0,2.5,1.0,73.0,10.0
3423.6101653149417,50.0,0.0,17.0,12.0,18.0,2.5,1.0,73.0,10.0
3423.610665314942,50.0,0.0,17.0,12.0,18.0,2.5,1.0,73.0,10.0
3424.010665314942,50.0,0.0,17.0,12.0,18.0,2.5,1.0,73.0,10.0
3424.011165314942,50.0,0.0,17.0,12.0,18.0,2.5,1.0,73.0,10.0
3424.411165314942,50.0,0.0,17.0,12.0,18.0,2.5,1.0,73.0,10.0
3424.411665314942,50.0,0.0,17.0,12.0,18.0,2.5,1.0,73.0,10.0
3424.8116653149423,50.0,0.0,17.0,12.0,18.0,2.5,1.0,73.0,10.0
3424.8121653149424,50.0,0.0,17.0,12.0,18.0,2.5,1.0,72.0,10.0
3425.2121653149425,50.0,0.0,17.0,12.0,18.0,2.5,1.0,72.0,10.0
3425.2126653149426,50.0,0.0,17.0,12.0,18.0,2.5,1.0,72.0,10.0
3425.6126653149427,50.0,0.0,17.0,12.0,18.0,2.5,1.0,72.0,10.0
3425.6131653149428,50.0,0.0,17.0,12.0,18.0,2.5,1.0,72.0,10.0
3426.013165314943,50.0,0.0,17.0,12.0,18.0,2.5,1.0,72.0,10.0
3426.013665314943,50.0,0.0,17.0,12.0,18.0,2.5,1.0,72.0,10.0
3426.413665314943,50.0,0.0,17.0,12.0,18.0,2.5,1.0,72.0,10.0
3426.414165314943,50.0,0.0,17.0,12.0,18.0,2.5,1.0,72.0,10.0
3426.8141653149432,50.0,0.0,17.0,12.0,18.0,2.5,1.0,72.0,10.0
3426.8146653149433,50.0,0.0,17.0,12.0,18.0,2.5,1.0,72.0,10.0
3427.2146653149434,50.0,0.0,17.0,12.0,18.0,2.5,1.0,72.0,10.0
3427.2151653149435,50.0,0.0,17.0,12.0,18.0,2.5,1.0,72.0,10.0
3427.6151653149436,50.0,0.0,17.0,12.0,18.0,2.5,1.0,72.0,10.0
3427.6156653149437,50.0,0.0,17.0,12.0,18.0,2.5,1.0,72.0,10.0
3428.015665314944,50.0,0.0,17.0,12.0,18.0,2.5,1.0,72.0,10.0
3428.016165314944,50.0,0.0,17.0,12.0,18.0,2.5,1.0,72.0,10.0
3428.416165314944,50.0,0.0,17.0,12.0,18.0,2.5,1.0,72.0,10.0
3428.416665314944,50.0,0.0,17.0,12.0,18.0,2.5,1.0,72.0,10.0
3428.816665314944,50.0,0.0,17.0,12.0,18.0,2.5,1.0,72.0,10.0
3428.8171653149443,50.0,0.0,17.0,12.0,18.0,2.5,1.0,72.0,10.0
3429.2171653149444,50.0,0.0,17.0,12.0,18.0,2.5,1.0,72.0,10.0
3429.2176653149445,50.0,0.0,17.0,12.0,18.0,2.5,1.0,72.0,10.0
3429.6176653149446,50.0,0.0,17.0,12.0,18.0,2.5,1.0,72.0,10.0
3429.6181653149447,50.0,0.0,17.0,12.0,18.0,2.5,1.0,72.0,10.0
3430.018165314945,50.0,0.0,17.0,12.0,18.0,2.5,1.0,72.0,10.0
3430.018665314945,50.0,0.0,17.0,12.0,18.0,2.5,1.0,72.0,10.0
3430.418665314945,50.0,0.0,17.0,12.0,18.0,2.5,1.0,72.0,10.0
3430.419165314945,50.0,0.0,17.0,12.0,18.0,2.5,1.0,72.0,10.0
3430.819165314945,50.0,0.0,17.0,12.0,18.0,2.5,1.0,72.0,10.0
3430.8196653149453,50.0,0.0,17.0,12.0,18.0,2.5,1.0,72.0,10.0
3431.2196653149454,50.0,0.0,17.0,12.0,18.0,2.5,1.0,72.0,10.0
3431.2201653149455,50.0,0.0,17.0,12.0,18.0,2.5,1.0,72.0,10.0
3431.6201653149456,50.0,0.0,17.0,12.0,18.0,2.5,1.0,72.0,10.0
3431.6206653149457,50.0,0.0,17.0,12.0,18.0,2.5,1.0,72.0,10.0
3432.0206653149457,50.0,0.0,17.0,12.0,18.0,2.5,1.0,72.0,10.0
3432.021165314946,50.0,0.0,17.0,12.0,18.0,2.5,1.0,72.0,10.0
3432.421165314946,50.0,0.0,17.0,12.0,18.0,2.5,1.0,72.0,10.0
3432.421665314946,50.0,0.0,17.0,12.0,18.0,2.5,1.0,72.0,10.0
3432.821665314946,50.0,0.0,17.0,12.0,18.0,2.5,1.0,72.0,10.0
3432.8221653149462,60.0,0.0,17.0,12.0,18.0,2.5,1.0,72.0,10.0
3433.2221653149463,60.0,0.0,17.0,12.0,18.0,2.5,1.0,72.0,10.0
3433.2226653149464,60.0,0.0,17.0,12.0,18.0,2.5,1.0,72.0,10.0
3433.6226653149465,60.0,0.0,17.0,12.0,18.0,2.5,1.0,72.0,10.0
3433.6231653149466,60.0,0.0,17.0,12.0,18.0,2.5,1.0,72.0,10.0
3434.0231653149467,60.0,0.0,17.0,12.0,18.0,2.5,1.0,72.0,10.0
3434.023665314947,60.0,0.0,17.0,12.0,18.0,2.5,1.0,72.0,10.0
3434.423665314947,60.0,0.0,17.0,12.0,18.0,2.5,1.0,72.0,10.0
3434.424165314947,60.0,0.0,17.0,12.0,18.0,2.5,1.0,72.0,10.0
3434.824165314947,60.0,0.0,17.0,12.0,18.0,2.5,1.0,72.0,10.0
3434.824665314947,70.0,0.0,17.0,12.0,18.0,2.5,1.0,72.0,10.0
3435.2246653149473,70.0,0.0,17.0,12.0,18.0,2.5,1.0,72.0,10.0
3435.2251653149474,70.0,0.0,17.0,12.0,18.0,2.5,1.0,72.0,10.0
3435.6251653149475,70.0,0.0,17.0,12.0,18.0,2.5,1.0,72.0,10.0
3435.6256653149476,70.0,0.0,17.0,12.0,18.0,2.5,1.0,72.0,10.0
3436.0256653149477,70.0,0.0,17.0,12.0,18.0,2.5,1.0,72.0,10.0
3436.026165314948,60.0,0.0,17.0,12.0,18.0,2.5,1.0,72.0,10.0
3436.426165314948,60.0,0.0,17.0,12.0,18.0,2.5,1.0,72.0,10.0
3436.426665314948,60.0,0.0,17.0,12.0,18.0,2.5,1.0,72.0,10.0
3436.826665314948,60.0,0.0,17.0,12.0,18.0,2.5,1.0,72.0,10.0
3436.827165314948,60.0,0.0,17.0,12.0,18.0,2.5,1.0,72.0,10.0
3437.2271653149483,60.0,0.0,17.0,12.0,18.0,2.5,1.0,72.0,10.0
3437.2276653149484,60.0,0.0,17.0,12.0,18.0,2.5,1.0,72.0,10.0
3437.6276653149484,60.0,0.0,17.0,12.0,18.0,2.5,1.0,72.0,10.0
3437.6281653149485,60.0,0.0,17.0,12.0,18.0,2.5,1.0,72.0,10.0
3438.0281653149486,60.0,0.0,17.0,12.0,18.0,2.5,1.0,72.0,10.0
3438.0286653149487,60.0,0.0,17.0,12.0,18.0,2.5,1.0,72.0,10.0
3438.428665314949,60.0,0.0,17.0,12.0,18.0,2.5,1.0,72.0,10.0
3438.429165314949,60.0,0.0,17.0,12.0,18.0,2.5,1.0,72.0,10.0
3438.829165314949,60.0,0.0,17.0,12.0,18.0,2.5,1.0,72.0,10.0
3438.829665314949,60.0,0.0,17.0,12.0,18.0,2.5,1.0,72.0,10.0
3439.229665314949,60.0,0.0,17.0,12.0,18.0,2.5,1.0,72.0,10.0
3439.2301653149493,70.0,0.0,17.0,12.0,18.0,2.5,1.0,72.0,10.0
3439.6301653149494,70.0,0.0,17.0,12.0,18.0,2.5,1.0,72.0,10.0
3439.6306653149495,70.0,0.0,17.0,12.0,18.0,2.5,1.0,72.0,10.0
3440.0306653149496,70.0,0.0,17.0,12.0,18.0,2.5,1.0,72.0,10.0
3440.0311653149497,70.0,0.0,17.0,12.0,18.0,2.5,1.0,72.0,10.0
3440.43116531495,70.0,0.0,17.0,12.0,18.0,2.5,1.0,72.0,10.0
3440.43166531495,70.0,0.0,17.0,12.0,18.0,2.5,1.0,72.0,10.0
3440.83166531495,70.0,0.0,17.0,12.0,18.0,2.5,1.0,72.0,10.0
3440.83216531495,70.0,0.0,17.0,12.0,18.0,2.5,1.0,72.0,10.0
3441.23216531495,70.0,0.0,17.0,12.0,18.0,2.5,1.0,72.0,10.0
3441.2326653149503,70.0,0.0,17.0,12.0,18.0,2.5,1.0,72.0,10.0
3441.6326653149504,70.0,0.0,17.0,12.0,18.0,2.5,1.0,72.0,10.0
3441.6331653149505,70.0,0.0,17.0,12.0,18.0,2.5,1.0,72.0,10.0
3442.0331653149506,70.0,0.0,17.0,12.0,18.0,2.5,1.0,72.0,10.0
3442.0336653149507,70.0,0.0,17.0,12.0,18.0,2.5,1.0,72.0,10.0
3442.4336653149508,70.0,0.0,17.0,12.0,18.0,2.5,1.0,72.0,10.0
3442.434165314951,70.0,0.0,17.0,12.0,18.0,2.5,1.0,72.0,10.0
3442.834165314951,70.0,0.0,17.0,12.0,18.0,2.5,1.0,72.0,10.0
3442.834665314951,70.0,0.0,17.0,12.0,18.0,2.5,1.0,72.0,10.0
3443.234665314951,70.0,0.0,17.0,12.0,18.0,2.5,1.0,72.0,10.0
3443.2351653149512,70.0,0.0,17.0,12.0,18.0,2.5,1.0,72.0,10.0
3443.6351653149513,70.0,0.0,17.0,12.0,18.0,2.5,1.0,72.0,10.0
3443.6356653149514,70.0,0.0,17.0,12.0,18.0,2.5,1.0,72.0,10.0
3444.0356653149515,70.0,0.0,17.0,12.0,18.0,2.5,1.0,72.0,10.0
3444.0361653149516,70.0,0.0,17.0,12.0,18.0,2.5,1.0,72.0,10.0
3444.4361653149517,70.0,0.0,17.0,12.0,18.0,2.5,1.0,72.0,10.0
3444.436665314952,70.0,0.0,17.0,12.0,18.0,2.5,1.0,72.0,10.0
3444.836665314952,70.0,0.0,17.0,12.0,18.0,2.5,1.0,72.0,10.0
3444.837165314952,70.0,0.0,17.0,12.0,18.0,2.5,1.0,72.0,10.0
3445.237165314952,70.0,0.0,17.0,12.0,18.0,2.5,1.0,72.0,10.0
3445.237665314952,70.0,0.0,17.0,12.0,18.0,2.5,1.0,72.0,10.0
3445.6376653149523,70.0,0.0,17.0,12.0,18.0,2.5,1.0,72.0,10.0
3445.6381653149524,70.0,0.0,17.0,12.0,18.0,2.5,1.0,72.0,10.0
3446.0381653149525,70.0,0.0,17.0,12.0,18.0,2.5,1.0,72.0,10.0
3446.0386653149526,70.0,0.0,17.0,12.0,18.0,2.5,1.0,72.0,10.0
3446.4386653149527,70.0,0.0,17.0,12.0,18.0,2.5,1.0,72.0,10.0
3446.439165314953,70.0,0.0,17.0,12.0,18.0,2.5,1.0,72.0,10.0
3446.839165314953,70.0,0.0,17.0,12.0,18.0,2.5,1.0,72.0,10.0
3446.839665314953,70.0,0.0,17.0,12.0,18.0,2.5,1.0,72.0,10.0
3447.239665314953,70.0,0.0,17.0,12.0,18.0,2.5,1.0,72.0,10.0
3447.240165314953,70.0,0.0,17.0,12.0,18.0,2.5,1.0,72.0,10.0
3447.6401653149533,70.0,0.0,17.0,12.0,18.0,2.5,1.0,72.0,10.0
3447.6406653149534,70.0,0.0,17.0,12.0,18.0,2.5,1.0,72.0,10.0
3448.0406653149535,70.0,0.0,17.0,12.0,18.0,2.5,1.0,72.0,10.0
3448.0411653149536,70.0,0.0,17.0,12.0,18.0,2.5,1.0,72.0,10.0
3448.4411653149537,70.0,0.0,17.0,12.0,18.0,2.5,1.0,72.0,10.0
3448.4416653149538,70.0,0.0,17.0,12.0,18.0,2.5,1.0,72.0,10.0
3448.841665314954,70.0,0.0,17.0,12.0,18.0,2.5,1.0,72.0,10.0
3448.842165314954,70.0,0.0,17.0,12.0,18.0,2.5,1.0,72.0,10.0
3449.242165314954,70.0,0.0,17.0,12.0,18.0,2.5,1.0,72.0,10.0
3449.242665314954,70.0,0.0,17.0,12.0,18.0,2.5,1.0,72.0,10.0
3449.6426653149542,70.0,0.0,17.0,12.0,18.0,2.5,1.0,72.0,10.0
3449.6431653149543,70.0,0.0,17.0,12.0,18.0,2.5,1.0,72.0,10.0
3450.0431653149544,70.0,0.0,17.0,12.0,18.0,2.5,1.0,72.0,10.0
3450.0436653149545,70.0,0.0,17.0,12.0,18.0,2.5,1.0,72.0,10.0
3450.4436653149546,70.0,0.0,17.0,12.0,18.0,2.5,1.0,72.0,10.0
3450.4441653149547,70.0,0.0,17.0,12.0,18.0,2.5,1.0,72.0,10.0
3450.844165314955,70.0,0.0,17.0,12.0,18.0,2.5,1.0,72.0,10.0
3450.844665314955,70.0,0.0,17.0,12.0,18.0,2.5,1.0,72.0,10.0
3451.244665314955,70.0,0.0,17.0,12.0,18.0,2.5,1.0,72.0,10.0
3451.245165314955,70.0,0.0,17.0,12.0,18.0,2.5,1.0,72.0,10.0
3451.645165314955,70.0,0.0,17.0,12.0,18.0,2.5,1.0,72.0,10.0
3451.6456653149553,70.0,0.0,17.0,12.0,18.0,2.5,1.0,72.0,10.0
3452.0456653149554,70.0,0.0,17.0,12.0,18.0,2.5,1.0,72.0,10.0
3452.0461653149555,70.0,0.0,17.0,12.0,18.0,2.5,1.0,72.0,10.0
3452.4461653149556,70.0,0.0,17.0,12.0,18.0,2.5,1.0,72.0,10.0
3452.4466653149557,70.0,0.0,17.0,12.0,18.0,2.5,1.0,72.0,10.0
3452.8466653149558,70.0,0.0,17.0,12.0,18.0,2.5,1.0,72.0,10.0
3452.847165314956,70.0,0.0,17.0,12.0,18.0,2.5,1.0,72.0,10.0
3453.247165314956,70.0,0.0,17.0,12.0,18.0,2.5,1.0,72.0,10.0
3453.247665314956,70.0,0.0,17.0,12.0,18.0,2.5,1.0,72.0,10.0
3453.647665314956,70.0,0.0,17.0,12.0,18.0,2.5,1.0,72.0,10.0
3453.6481653149563,70.0,0.0,17.0,12.0,18.0,2.5,1.0,72.0,10.0
3454.0481653149563,70.0,0.0,17.0,12.0,18.0,2.5,1.0,72.0,10.0
3454.0486653149565,70.0,0.0,17.0,12.0,18.0,2.5,1.0,72.0,10.0
3454.4486653149565,70.0,0.0,17.0,12.0,18.0,2.5,1.0,72.0,10.0
3454.4491653149566,70.0,0.0,17.0,12.0,18.0,2.5,1.0,72.0,10.0
3454.8491653149567,70.0,0.0,17.0,12.0,18.0,2.5,1.0,72.0,10.0
3454.849665314957,70.0,0.0,17.0,12.0,18.0,2.5,1.0,72.0,10.0
3455.249665314957,70.0,0.0,17.0,12.0,18.0,2.5,1.0,72.0,10.0
3455.250165314957,70.0,0.0,17.0,12.0,18.0,2.5,1.0,72.0,10.0
3455.650165314957,70.0,0.0,17.0,12.0,18.0,2.5,1.0,72.0,10.0
3455.650665314957,80.0,0.0,17.0,12.0,18.0,2.5,1.0,72.0,10.0
3456.0506653149573,80.0,0.0,17.0,12.0,18.0,2.5,1.0,72.0,10.0
3456.0511653149574,80.0,0.0,17.0,12.0,18.0,2.5,1.0,72.0,10.0
3456.4511653149575,80.0,0.0,17.0,12.0,18.0,2.5,1.0,72.0,10.0
3456.4516653149576,80.0,0.0,17.0,12.0,18.0,2.5,1.0,72.0,10.0
3456.8516653149577,80.0,0.0,17.0,12.0,18.0,2.5,1.0,72.0,10.0
3456.852165314958,80.0,0.0,17.0,12.0,18.0,2.5,1.0,72.0,10.0
3457.252165314958,80.0,0.0,17.0,12.0,18.0,2.5,1.0,72.0,10.0
3457.252665314958,80.0,0.0,17.0,12.0,18.0,2.5,1.0,72.0,10.0
3457.652665314958,80.0,0.0,17.0,12.0,18.0,2.5,1.0,72.0,10.0
3457.653165314958,80.0,0.0,17.0,12.0,18.0,2.5,1.0,72.0,10.0
3458.0531653149583,80.0,0.0,17.0,12.0,18.0,2.5,1.0,72.0,10.0
3458.0536653149584,80.0,0.0,17.0,12.0,18.0,2.5,1.0,72.0,10.0
3458.4536653149585,80.0,0.0,17.0,12.0,18.0,2.5,1.0,72.0,10.0
3458.4541653149586,80.0,0.0,17.0,12.0,18.0,2.5,1.0,72.0,10.0
3458.8541653149587,80.0,0.0,17.0,12.0,18.0,2.5,1.0,72.0,10.0
3458.8546653149588,80.0,0.0,17.0,12.0,18.0,2.5,1.0,72.0,10.0
3459.254665314959,80.0,0.0,17.0,12.0,18.0,2.5,1.0,72.0,10.0
3459.255165314959,80.0,0.0,17.0,12.0,18.0,2.5,1.0,72.0,10.0
3459.655165314959,80.0,0.0,17.0,12.0,18.0,2.5,1.0,72.0,10.0
3459.655665314959,80.0,0.0,17.0,12.0,18.0,2.5,1.0,72.0,10.0
3460.0556653149592,80.0,0.0,17.0,12.0,18.0,2.5,1.0,72.0,10.0
3460.0561653149593,80.0,0.0,17.0,12.0,18.0,2.5,1.0,72.0,10.0
3460.4561653149594,80.0,0.0,17.0,12.0,18.0,2.5,1.0,72.0,10.0
3460.4566653149595,80.0,0.0,17.0,12.0,18.0,2.5,1.0,72.0,10.0
3460.8566653149596,80.0,0.0,17.0,12.0,18.0,2.5,1.0,72.0,10.0
3460.8571653149597,80.0,0.0,17.0,12.0,18.0,2.5,1.0,72.0,10.0
3461.25716531496,80.0,0.0,17.0,12.0,18.0,2.5,1.0,72.0,10.0
3461.25766531496,80.0,0.0,17.0,12.0,18.0,2.5,1.0,72.0,10.0
3461.65766531496,80.0,0.0,17.0,12.0,18.0,2.5,1.0,72.0,10.0
3461.65816531496,70.0,0.0,17.0,12.0,18.0,2.5,1.0,72.0,10.0
3462.05816531496,70.0,0.0,17.0,12.0,18.0,2.5,1.0,72.0,10.0
3462.0586653149603,70.0,0.0,17.0,12.0,18.0,2.5,1.0,72.0,10.0
3462.4586653149604,70.0,0.0,17.0,12.0,18.0,2.5,1.0,72.0,10.0
3462.4591653149605,70.0,0.0,17.0,12.0,18.0,2.5,1.0,72.0,10.0
3462.8591653149606,70.0,0.0,17.0,12.0,18.0,2.5,1.0,72.0,10.0
3462.8596653149607,70.0,0.0,17.0,12.0,18.0,2.5,1.0,72.0,10.0
3463.259665314961,70.0,0.0,17.0,12.0,18.0,2.5,1.0,72.0,10.0
3463.260165314961,70.0,0.0,17.0,12.0,18.0,2.5,1.0,72.0,10.0
3463.660165314961,70.0,0.0,17.0,12.0,18.0,2.5,1.0,72.0,10.0
3463.660665314961,70.0,0.0,17.0,12.0,18.0,2.5,1.0,72.0,10.0
3464.060665314961,70.0,0.0,17.0,12.0,18.0,2.5,1.0,72.0,10.0
3464.0611653149613,70.0,0.0,17.0,12.0,18.0,2.5,1.0,72.0,10.0
3464.4611653149614,70.0,0.0,17.0,12.0,18.0,2.5,1.0,72.0,10.0
3464.4616653149615,70.0,0.0,17.0,12.0,18.0,2.5,1.0,72.0,10.0
3464.8616653149616,70.0,0.0,17.0,12.0,18.0,2.5,1.0,72.0,10.0
3464.8621653149617,70.0,0.0,17.0,12.0,18.0,2.5,1.0,72.0,10.0
3465.2621653149617,70.0,0.0,17.0,12.0,18.0,2.5,1.0,72.0,10.0
3465.262665314962,70.0,0.0,17.0,12.0,18.0,2.5,1.0,72.0,10.0
3465.662665314962,70.0,0.0,17.0,12.0,18.0,2.5,1.0,72.0,10.0
3465.663165314962,70.0,0.0,17.0,12.0,18.0,2.5,1.0,72.0,10.0
3466.063165314962,70.0,0.0,17.0,12.0,18.0,2.5,1.0,72.0,10.0
3466.0636653149622,70.0,0.0,17.0,12.0,18.0,2.5,1.0,72.0,10.0
3466.4636653149623,70.0,0.0,17.0,12.0,18.0,2.5,1.0,72.0,10.0
3466.4641653149624,70.0,0.0,17.0,12.0,18.0,2.5,1.0,72.0,10.0
3466.8641653149625,70.0,0.0,17.0,12.0,18.0,2.5,1.0,72.0,10.0
3466.8646653149626,60.0,0.0,17.0,12.0,18.0,2.5,1.0,72.0,10.0
3467.2646653149627,60.0,0.0,17.0,12.0,18.0,2.5,1.0,72.0,10.0
3467.265165314963,60.0,0.0,17.0,12.0,18.0,2.5,1.0,72.0,10.0
3467.665165314963,60.0,0.0,17.0,12.0,18.0,2.5,1.0,72.0,10.0
3467.665665314963,60.0,0.0,17.0,12.0,18.0,2.5,1.0,72.0,10.0
3468.065665314963,60.0,0.0,17.0,12.0,18.0,2.5,1.0,72.0,10.0
3468.066165314963,70.0,0.0,17.0,12.0,18.0,2.5,1.0,72.0,10.0
3468.4661653149633,70.0,0.0,17.0,12.0,18.0,2.5,1.0,72.0,10.0
3468.4666653149634,70.0,0.0,17.0,12.0,18.0,2.5,1.0,72.0,10.0
3468.8666653149635,70.0,0.0,17.0,12.0,18.0,2.5,1.0,72.0,10.0
3468.8671653149636,80.0,0.0,17.0,12.0,18.0,2.5,1.0,72.0,10.0
3469.2671653149637,80.0,0.0,17.0,12.0,18.0,2.5,1.0,72.0,10.0
3469.267665314964,80.0,0.0,17.0,12.0,17.0,2.5,1.0,72.0,10.0
3469.667665314964,80.0,0.0,17.0,12.0,17.0,2.5,1.0,72.0,10.0
3469.668165314964,80.0,0.0,17.0,12.0,17.0,2.5,1.0,72.0,10.0
3470.068165314964,80.0,0.0,17.0,12.0,17.0,2.5,1.0,72.0,10.0
3470.068665314964,80.0,0.0,17.0,12.0,17.0,2.5,1.0,72.0,10.0
3470.4686653149643,80.0,0.0,17.0,12.0,17.0,2.5,1.0,72.0,10.0
3470.4691653149644,80.0,0.0,17.0,12.0,17.0,2.5,1.0,72.0,10.0
3470.8691653149644,80.0,0.0,17.0,12.0,17.0,2.5,1.0,72.0,10.0
3470.8696653149645,80.0,0.0,17.0,12.0,17.0,2.5,1.0,72.0,10.0
3471.2696653149646,80.0,0.0,17.0,12.0,17.0,2.5,1.0,72.0,10.0
3471.2701653149647,80.0,0.0,17.0,12.0,17.0,2.5,1.0,72.0,10.0
3471.670165314965,80.0,0.0,17.0,12.0,17.0,2.5,1.0,72.0,10.0
3471.670665314965,80.0,0.0,17.0,12.0,17.0,2.5,1.0,72.0,10.0
3472.070665314965,80.0,0.0,17.0,12.0,17.0,2.5,1.0,72.0,10.0
3472.071165314965,80.0,0.0,17.0,12.0,17.0,2.5,1.0,72.0,10.0
3472.471165314965,80.0,0.0,17.0,12.0,17.0,2.5,1.0,72.0,10.0
3472.4716653149653,80.0,0.0,17.0,12.0,17.0,2.5,1.0,72.0,10.0
3472.8716653149654,80.0,0.0,17.0,12.0,17.0,2.5,1.0,72.0,10.0
3472.8721653149655,80.0,0.0,17.0,12.0,17.0,2.5,1.0,72.0,10.0
3473.2721653149656,80.0,0.0,17.0,12.0,17.0,2.5,1.0,72.0,10.0
3473.2726653149657,80.0,0.0,17.0,12.0,17.0,2.5,1.0,72.0,10.0
3473.672665314966,80.0,0.0,17.0,12.0,17.0,2.5,1.0,72.0,10.0
3473.673165314966,80.0,0.0,17.0,12.0,17.0,2.5,1.0,72.0,10.0
3474.073165314966,80.0,0.0,17.0,12.0,17.0,2.5,1.0,72.0,10.0
3474.073665314966,80.0,0.0,17.0,12.0,17.0,2.5,1.0,72.0,10.0
3474.473665314966,80.0,0.0,17.0,12.0,17.0,2.5,1.0,72.0,10.0
3474.4741653149663,80.0,0.0,17.0,12.0,17.0,2.5,1.0,72.0,10.0
3474.8741653149664,80.0,0.0,17.0,12.0,17.0,2.5,1.0,72.0,10.0
3474.8746653149665,80.0,0.0,17.0,12.0,17.0,2.5,1.0,72.0,10.0
3475.2746653149666,80.0,0.0,17.0,12.0,17.0,2.5,1.0,72.0,10.0
3475.2751653149667,80.0,0.0,17.0,12.0,17.0,2.5,1.0,72.0,10.0
3475.6751653149668,80.0,0.0,17.0,12.0,17.0,2.5,1.0,72.0,10.0
3475.675665314967,70.0,0.0,17.0,12.0,17.0,2.5,1.0,72.0,10.0
3476.075665314967,70.0,0.0,17.0,12.0,17.0,2.5,1.0,72.0,10.0
3476.076165314967,70.0,0.0,17.0,12.0,17.0,2.5,1.0,72.0,10.0
3476.476165314967,70.0,0.0,17.0,12.0,17.0,2.5,1.0,72.0,10.0
3476.4766653149672,70.0,0.0,17.0,12.0,17.0,2.5,1.0,72.0,10.0
3476.8766653149673,70.0,0.0,17.0,12.0,17.0,2.5,1.0,72.0,10.0
3476.8771653149674,80.0,0.0,17.0,12.0,17.0,2.5,1.0,72.0,10.0
3477.2771653149675,80.0,0.0,17.0,12.0,17.0,2.5,1.0,72.0,10.0
3477.2776653149676,80.0,0.0,17.0,12.0,17.0,2.5,1.0,72.0,10.0
3477.6776653149677,80.0,0.0,17.0,12.0,17.0,2.5,1.0,72.0,10.0
3477.678165314968,80.0,0.0,17.0,12.0,17.0,2.5,1.0,72.0,10.0
3478.078165314968,80.0,0.0,17.0,12.0,17.0,2.5,1.0,72.0,10.0
3478.078665314968,80.0,0.0,17.0,12.0,17.0,2.5,1.0,72.0,10.0
3478.478665314968,80.0,0.0,17.0,12.0,17.0,2.5,1.0,72.0,10.0
3478.479165314968,80.0,0.0,17.0,12.0,17.0,2.5,1.0,72.0,10.0
3478.8791653149683,80.0,0.0,17.0,12.0,17.0,2.5,1.0,72.0,10.0
3478.8796653149684,80.0,0.0,17.0,12.0,17.0,2.5,1.0,72.0,10.0
3479.2796653149685,80.0,0.0,17.0,12.0,17.0,2.5,1.0,72.0,10.0
3479.2801653149686,80.0,0.0,17.0,12.0,17.0,2.5,1.0,72.0,10.0
3479.6801653149687,80.0,0.0,17.0,12.0,17.0,2.5,1.0,72.0,10.0
3479.680665314969,80.0,0.0,17.0,12.0,17.0,2.5,1.0,72.0,10.0
3480.080665314969,80.0,0.0,17.0,12.0,17.0,2.5,1.0,72.0,10.0
3480.081165314969,80.0,0.0,17.0,12.0,17.0,2.5,1.0,72.0,10.0
3480.481165314969,80.0,0.0,17.0,12.0,17.0,2.5,1.0,72.0,10.0
3480.481665314969,80.0,0.0,17.0,12.0,17.0,2.5,1.0,72.0,10.0
3480.8816653149693,80.0,0.0,17.0,12.0,17.0,2.5,1.0,72.0,10.0
3480.8821653149694,80.0,0.0,17.0,12.0,17.0,2.5,1.0,72.0,10.0
3481.2821653149695,80.0,0.0,17.0,12.0,17.0,2.5,1.0,72.0,10.0
3481.2826653149696,80.0,0.0,17.0,12.0,17.0,2.5,1.0,72.0,10.0
3481.6826653149697,80.0,0.0,17.0,12.0,17.0,2.5,1.0,72.0,10.0
3481.6831653149698,80.0,0.0,17.0,12.0,17.0,2.5,1.0,72.0,10.0
3482.08316531497,80.0,0.0,17.0,12.0,17.0,2.5,1.0,72.0,10.0
3482.08366531497,80.0,0.0,17.0,12.0,17.0,2.5,1.0,72.0,10.0
3482.48366531497,80.0,0.0,17.0,12.0,17.0,2.5,1.0,72.0,10.0
3482.48416531497,80.0,0.0,17.0,12.0,17.0,2.5,1.0,72.0,10.0
3482.8841653149702,80.0,0.0,17.0,12.0,17.0,2.5,1.0,72.0,10.0
3482.8846653149703,80.0,0.0,17.0,12.0,17.0,2.5,1.0,72.0,10.0
3483.2846653149704,80.0,0.0,17.0,12.0,17.0,2.5,1.0,72.0,10.0
3483.2851653149705,80.0,0.0,17.0,12.0,17.0,2.5,1.0,72.0,10.0
3483.6851653149706,80.0,0.0,17.0,12.0,17.0,2.5,1.0,72.0,10.0
3483.6856653149707,80.0,0.0,17.0,12.0,17.0,2.5,1.0,72.0,10.0
3484.085665314971,80.0,0.0,17.0,12.0,17.0,2.5,1.0,72.0,10.0
3484.086165314971,80.0,0.0,17.0,12.0,17.0,2.5,1.0,72.0,10.0
3484.486165314971,80.0,0.0,17.0,12.0,17.0,2.5,1.0,72.0,10.0
3484.486665314971,80.0,0.0,17.0,12.0,17.0,2.5,1.0,72.0,10.0
3484.886665314971,80.0,0.0,17.0,12.0,17.0,2.5,1.0,72.0,10.0
3484.8871653149713,80.0,0.0,17.0,12.0,17.0,2.5,1.0,72.0,10.0
3485.2871653149714,80.0,0.0,17.0,12.0,17.0,2.5,1.0,72.0,10.0
3485.2876653149715,80.0,0.0,17.0,12.0,17.0,2.5,1.0,72.0,10.0
3485.6876653149716,80.0,0.0,17.0,12.0,17.0,2.5,1.0,72.0,10.0
3485.6881653149717,80.0,0.0,17.0,11.0,17.0,2.5,1.0,72.0,10.0
3486.088165314972,80.0,0.0,17.0,11.0,17.0,2.5,1.0,72.0,10.0
3486.088710769517,80.0,0.0,17.0,11.0,17.0,2.5,1.0,72.0,10.0
3486.488710769517,80.0,0.0,17.0,11.0,17.0,2.5,1.0,72.0,10.0
3486.4892562240625,80.0,0.0,17.0,11.0,17.0,2.5,1.0,72.0,10.0
3486.8892562240626,80.0,0.0,17.0,11.0,17.0,2.5,1.0,72.0,10.0
3486.889801678608,80.0,0.0,17.0,11.0,17.0,2.5,1.0,72.0,10.0
3487.289801678608,80.0,0.0,17.0,11.0,17.0,2.5,1.0,72.0,10.0
3487.2903471331533,80.0,0.0,17.0,11.0,17.0,2.5,1.0,72.0,10.0
3487.6903471331534,80.0,0.0,17.0,11.0,17.0,2.5,1.0,72.0,10.0
3487.6908925876987,80.0,0.0,17.0,11.0,17.0,2.5,1.0,72.0,10.0
3488.090892587699,80.0,0.0,17.0,11.0,17.0,2.5,1.0,72.0,10.0
3488.091438042244,80.0,0.0,17.0,11.0,17.0,2.5,1.0,72.0,10.0
3488.491438042244,80.0,0.0,17.0,11.0,17.0,2.5,1.0,72.0,10.0
3488.4919834967895,80.0,0.0,17.0,11.0,17.0,2.5,1.0,72.0,10.0
3488.8919834967896,80.0,0.0,17.0,11.0,17.0,2.5,1.0,72.0,10.0
3488.892528951335,80.0,0.0,17.0,11.0,17.0,2.5,1.0,72.0,10.0
3489.292528951335,80.0,0.0,17.0,11.0,17.0,2.5,1.0,72.0,10.0
3489.2930744058804,80.0,0.0,17.0,11.0,17.0,2.5,1.0,72.0,10.0
3489.6930744058805,80.0,0.0,17.0,11.0,17.0,2.5,1.0,72.0,10.0
3489.6936198604258,80.0,0.0,17.0,11.0,17.0,2.5,1.0,72.0,10.0
3490.093619860426,80.0,0.0,17.0,11.0,17.0,2.5,1.0,72.0,10.0
3490.094165314971,80.0,0.0,17.0,11.0,17.0,2.5,1.0,72.0,10.0
3490.4941653149713,80.0,0.0,17.0,11.0,17.0,2.5,1.0,72.0,10.0
3490.4947107695166,80.0,0.0,17.0,11.0,17.0,2.5,1.0,72.0,10.0
3490.8947107695167,80.0,0.0,17.0,11.0,17.0,2.5,1.0,72.0,10.0
3490.895256224062,80.0,0.0,17.0,11.0,17.0,2.5,1.0,72.0,10.0
3491.295256224062,80.0,0.0,17.0,11.0,17.0,2.5,1.0,72.0,10.0
3491.2958016786074,80.0,0.0,17.0,11.0,17.0,2.5,1.0,72.0,10.0
3491.6958016786075,80.0,0.0,17.0,11.0,17.0,2.5,1.0,72.0,10.0
3491.696347133153,80.0,0.0,17.0,11.0,17.0,2.5,1.0,72.0,10.0
3492.096347133153,80.0,0.0,17.0,11.0,17.0,2.5,1.0,72.0,10.0
3492.096892587698,80.0,0.0,17.0,11.0,17.0,2.5,1.0,72.0,10.0
3492.4968925876983,80.0,0.0,17.0,11.0,17.0,2.5,1.0,72.0,10.0
3492.4974380422436,80.0,0.0,17.0,11.0,17.0,2.5,1.0,72.0,10.0
3492.8974380422437,80.0,0.0,17.0,11.0,17.0,2.5,1.0,72.0,10.0
3492.897983496789,80.0,0.0,17.0,11.0,17.0,2.5,1.0,72.0,10.0
3493.297983496789,80.0,0.0,17.0,11.0,17.0,2.5,1.0,72.0,10.0
3493.2985289513344,80.0,0.0,17.0,11.0,17.0,2.5,1.0,72.0,10.0
3493.6985289513345,80.0,0.0,17.0,11.0,17.0,2.5,1.0,72.0,10.0
3493.69907440588,80.0,0.0,17.0,11.0,17.0,2.5,1.0,72.0,10.0
3494.09907440588,80.0,0.0,17.0,11.0,17.0,2.5,1.0,72.0,10.0
3494.0996198604253,80.0,0.0,17.0,11.0,17.0,2.5,1.0,72.0,10.0
3494.4996198604254,80.0,0.0,17.0,11.0,17.0,2.5,1.0,72.0,10.0
3494.5001653149707,80.0,0.0,17.0,11.0,17.0,2.5,1.0,72.0,10.0
3494.9001653149708,80.0,0.0,17.0,11.0,17.0,2.5,1.0,72.0,10.0
3494.900710769516,80.0,0.0,17.0,11.0,17.0,7.5,1.0,72.0,10.0
3495.300710769516,80.0,0.0,17.0,11.0,17.0,7.5,1.0,72.0,10.0
3495.3012562240615,80.0,0.0,17.0,11.0,17.0,7.5,1.0,72.0,10.0
3495.7012562240616,80.0,0.0,17.0,11.0,17.0,7.5,1.0,72.0,10.0
3495.701801678607,80.0,0.0,17.0,11.0,17.0,5.5,1.0,73.0,10.0
3496.101801678607,80.0,0.0,17.0,11.0,17.0,5.5,1.0,73.0,10.0
3496.1023471331523,80.0,0.0,17.0,11.0,17.0,5.5,1.0,73.0,10.0
3496.5023471331524,80.0,0.0,17.0,11.0,17.0,5.5,1.0,73.0,10.0
3496.5028925876977,80.0,0.0,17.0,11.0,17.0,5.5,1.0,73.0,10.0
3496.902892587698,80.0,0.0,17.0,11.0,17.0,5.5,1.0,73.0,10.0
3496.903438042243,80.0,0.0,17.0,11.0,17.0,5.5,1.0,73.0,10.0
3497.303438042243,80.0,0.0,17.0,11.0,17.0,5.5,1.0,73.0,10.0
3497.3039834967885,80.0,0.0,17.0,11.0,17.0,5.5,1.0,73.0,10.0
3497.7039834967886,80.0,0.0,17.0,11.0,17.0,5.5,1.0,73.0,10.0
3497.704528951334,80.0,0.0,17.0,11.0,17.0,5.5,1.0,73.0,10.0
3498.104528951334,80.0,0.0,17.0,11.0,17.0,5.5,1.0,73.0,10.0
3498.1050744058793,80.0,0.0,17.0,11.0,17.0,5.5,1.0,73.0,10.0
3498.5050744058794,80.0,0.0,17.0,11.0,17.0,5.5,1.0,73.0,10.0
3498.5056198604248,80.0,0.0,17.0,11.0,17.0,5.5,1.0,73.0,10.0
3498.905619860425,80.0,0.0,17.0,11.0,17.0,5.5,1.0,73.0,10.0
3498.90616531497,80.0,0.0,17.0,11.0,17.0,3.5,1.0,74.0,10.0
3499.3061653149703,80.0,0.0,17.0,11.0,17.0,3.5,1.0,74.0,10.0
3499.3067107695156,80.0,0.0,17.0,11.0,17.0,3.5,1.0,74.0,10.0
3499.7067107695157,80.0,0.0,17.0,11.0,17.0,3.5,1.0,74.0,10.0
3499.707256224061,80.0,0.0,17.0,11.0,17.0,3.5,1.0,74.0,10.0
3500.107256224061,80.0,0.0,17.0,11.0,17.0,3.5,1.0,74.0,10.0
3500.1078016786064,80.0,0.0,17.0,11.0,17.0,3.5,1.0,74.0,10.0
3500.5078016786065,80.0,0.0,17.0,11.0,17.0,3.5,1.0,74.0,10.0
3500.508347133152,80.0,0.0,17.0,11.0,17.0,3.5,1.0,74.0,10.0
3500.908347133152,80.0,0.0,17.0,11.0,17.0,3.5,1.0,74.0,10.0
3500.908892587697,80.0,0.0,17.0,11.0,17.0,3.5,1.0,74.0,10.0
3501.3088925876973,80.0,0.0,17.0,11.0,17.0,3.5,1.0,74.0,10.0
3501.3094380422426,80.0,0.0,17.0,11.0,17.0,3.5,1.0,74.0,10.0
3501.7094380422427,80.0,0.0,17.0,11.0,17.0,3.5,1.0,74.0,10.0
3501.709983496788,80.0,0.0,17.0,11.0,17.0,3.5,1.0,74.0,10.0
3502.109983496788,80.0,0.0,17.0,11.0,17.0,3.5,1.0,74.0,10.0
3502.1105289513334,80.0,0.0,17.0,11.0,17.0,3.5,1.0,74.0,10.0
3502.5105289513335,80.0,0.0,17.0,11.0,17.0,3.5,1.0,74.0,10.0
3502.511074405879,80.0,0.0,17.0,11.0,17.0,3.5,1.0,74.0,10.0
3502.911074405879,80.0,0.0,17.0,11.0,17.0,3.5,1.0,74.0,10.0
3502.9116198604243,80.0,0.0,17.0,11.0,17.0,3.5,1.0,74.0,10.0
3503.3116198604243,80.0,0.0,17.0,11.0,17.0,3.5,1.0,74.0,10.0
3503.3121653149697,80.0,0.0,17.0,11.0,17.0,3.5,1.0,74.0,10.0
3503.7121653149698,80.0,0.0,17.0,11.0,17.0,3.5,1.0,74.0,10.0
3503.712710769515,80.0,0.0,17.0,11.0,17.0,3.5,1.0,74.0,10.0
3504.112710769515,80.0,0.0,17.0,11.0,17.0,3.5,1.0,74.0,10.0
3504.1132562240605,80.0,0.0,17.0,11.0,17.0,3.5,1.0,74.0,10.0
3504.5132562240606,80.0,0.0,17.0,11.0,17.0,3.5,1.0,74.0,10.0
3504.513801678606,80.0,0.0,17.0,11.0,17.0,3.5,1.0,74.0,10.0
3504.913801678606,80.0,0.0,17.0,11.0,17.0,3.5,1.0,74.0,10.0
3504.9143471331513,80.0,0.0,17.0,11.0,17.0,3.5,1.0,74.0,10.0
3505.3143471331514,80.0,0.0,17.0,11.0,17.0,3.5,1.0,74.0,10.0
3505.3148925876967,80.0,0.0,17.0,11.0,17.0,3.5,1.0,74.0,10.0
3505.714892587697,80.0,0.0,17.0,11.0,17.0,3.5,1.0,74.0,10.0
3505.715438042242,80.0,0.0,17.0,11.0,17.0,3.5,1.0,74.0,10.0
3506.115438042242,80.0,0.0,17.0,11.0,17.0,3.5,1.0,74.0,10.0
3506.1159834967875,80.0,0.0,17.0,11.0,17.0,3.5,1.0,74.0,10.0
3506.5159834967876,80.0,0.0,17.0,11.0,17.0,3.5,1.0,74.0,10.0
3506.516528951333,80.0,0.0,17.0,11.0,17.0,3.5,1.0,74.0,10.0
3506.916528951333,80.0,0.0,17.0,11.0,17.0,3.5,1.0,74.0,10.0
3506.9170744058783,80.0,0.0,17.0,11.0,17.0,3.5,1.0,74.0,10.0
3507.3170744058784,80.0,0.0,17.0,11.0,17.0,3.5,1.0,74.0,10.0
3507.3176198604237,80.0,0.0,17.0,11.0,17.0,3.5,1.0,74.0,10.0
3507.717619860424,80.0,0.0,17.0,11.0,17.0,3.5,1.0,74.0,10.0
3507.718165314969,80.0,0.0,17.0,11.0,17.0,3.5,1.0,74.0,10.0
3508.1181653149692,80.0,0.0,17.0,11.0,17.0,3.5,1.0,74.0,10.0
3508.1187107695146,80.0,0.0,17.0,11.0,17.0,3.5,1.0,74.0,10.0
3508.5187107695147,80.0,0.0,17.0,11.0,17.0,3.5,1.0,74.0,10.0
3508.51925622406,90.0,0.0,17.0,11.0,17.0,3.5,1.0,74.0,10.0
3508.91925622406,90.0,0.0,17.0,11.0,17.0,3.5,1.0,74.0,10.0
3508.9198016786054,90.0,0.0,17.0,11.0,17.0,3.5,1.0,74.0,10.0
3509.3198016786055,90.0,0.0,17.0,11.0,17.0,3.5,1.0,74.0,10.0
3509.320347133151,90.0,0.0,17.0,11.0,17.0,3.5,1.0,74.0,10.0
3509.720347133151,90.0,0.0,17.0,11.0,17.0,3.5,1.0,74.0,10.0
3509.720892587696,90.0,0.0,17.0,11.0,17.0,3.5,1.0,74.0,10.0
3510.1208925876963,90.0,0.0,17.0,11.0,17.0,3.5,1.0,74.0,10.0
3510.1214380422416,90.0,0.0,17.0,11.0,17.0,3.5,1.0,74.0,10.0
3510.5214380422417,90.0,0.0,17.0,11.0,17.0,3.5,1.0,74.0,10.0
3510.521983496787,90.0,0.0,17.0,11.0,17.0,3.5,1.0,74.0,10.0
3510.921983496787,90.0,0.0,17.0,11.0,17.0,3.5,1.0,74.0,10.0
3510.9225289513324,90.0,0.0,17.0,11.0,17.0,3.5,1.0,74.0,10.0
3511.3225289513325,90.0,0.0,17.0,11.0,17.0,3.5,1.0,74.0,10.0
3511.323074405878,90.0,0.0,17.0,11.0,17.0,3.5,1.0,74.0,10.0
3511.723074405878,90.0,0.0,17.0,11.0,17.0,3.5,1.0,74.0,10.0
3511.7236198604232,90.0,0.0,17.0,11.0,17.0,3.5,1.0,74.0,10.0
3512.1236198604233,90.0,0.0,17.0,11.0,17.0,3.5,1.0,74.0,10.0
3512.1241653149686,90.0,0.0,17.0,11.0,17.0,3.5,1.0,74.0,10.0
3512.5241653149687,90.0,0.0,17.0,11.0,17.0,3.5,1.0,74.0,10.0
3512.524710769514,90.0,0.0,17.0,11.0,17.0,3.5,1.0,74.0,10.0
3512.924710769514,90.0,0.0,17.0,11.0,17.0,3.5,1.0,74.0,10.0
3512.9252562240595,90.0,0.0,17.0,11.0,17.0,3.5,1.0,74.0,10.0
3513.3252562240596,90.0,0.0,17.0,11.0,17.0,3.5,1.0,74.0,10.0
3513.325801678605,90.0,0.0,17.0,11.0,17.0,3.5,1.0,74.0,10.0
3513.725801678605,90.0,0.0,17.0,11.0,17.0,3.5,1.0,74.0,10.0
3513.7263471331503,90.0,0.0,17.0,11.0,17.0,3.5,1.0,74.0,10.0
3514.1263471331504,90.0,0.0,17.0,11.0,17.0,3.5,1.0,74.0,10.0
3514.1268925876957,90.0,0.0,17.0,11.0,17.0,3.5,1.0,74.0,10.0
3514.526892587696,90.0,0.0,17.0,11.0,17.0,3.5,1.0,74.0,10.0
3514.527438042241,90.0,0.0,17.0,11.0,17.0,3.5,1.0,74.0,10.0
3514.927438042241,90.0,0.0,17.0,11.0,17.0,3.5,1.0,74.0,10.0
3514.9279834967865,90.0,0.0,17.0,11.0,17.0,3.5,1.0,74.0,10.0
3515.3279834967866,90.0,0.0,17.0,11.0,17.0,3.5,1.0,74.0,10.0
3515.328528951332,90.0,0.0,17.0,11.0,17.0,3.5,1.0,74.0,10.0
3515.728528951332,90.0,0.0,17.0,11.0,17.0,3.5,1.0,74.0,10.0
3515.7290744058773,90.0,0.0,17.0,11.0,17.0,3.5,1.0,74.0,10.0
3516.1290744058774,90.0,0.0,17.0,11.0,17.0,3.5,1.0,74.0,10.0
3516.1296198604227,90.0,0.0,17.0,11.0,17.0,3.5,1.0,74.0,10.0
3516.529619860423,90.0,0.0,17.0,11.0,17.0,3.5,1.0,74.0,10.0
3516.530165314968,90.0,0.0,17.0,11.0,17.0,3.5,1.0,74.0,10.0
3516.9301653149682,90.0,0.0,17.0,11.0,17.0,3.5,1.0,74.0,10.0
3516.9307107695136,90.0,0.0,17.0,11.0,17.0,3.5,1.0,74.0,10.0
3517.3307107695136,90.0,0.0,17.0,11.0,17.0,3.5,1.0,74.0,10.0
3517.331256224059,90.0,0.0,17.0,11.0,17.0,3.5,1.0,74.0,10.0
3517.731256224059,90.0,0.0,17.0,11.0,17.0,3.5,1.0,74.0,10.0
3517.7318016786044,90.0,0.0,17.0,11.0,17.0,3.5,1.0,74.0,10.0
3518.1318016786045,90.0,0.0,17.0,11.0,17.0,3.5,1.0,74.0,10.0
3518.13234713315,90.0,0.0,17.0,11.0,17.0,3.5,1.0,74.0,10.0
3518.53234713315,90.0,0.0,17.0,11.0,17.0,3.5,1.0,74.0,10.0
3518.532892587695,90.0,0.0,17.0,11.0,17.0,3.5,1.0,74.0,10.0
3518.9328925876953,90.0,0.0,17.0,11.0,17.0,3.5,1.0,74.0,10.0
3518.9334380422406,90.0,0.0,17.0,11.0,17.0,3.5,1.0,74.0,10.0
3519.3334380422407,90.0,0.0,17.0,11.0,17.0,3.5,1.0,74.0,10.0
3519.333983496786,90.0,0.0,17.0,11.0,17.0,3.5,1.0,74.0,10.0
3519.733983496786,90.0,0.0,17.0,11.0,17.0,3.5,1.0,74.0,10.0
3519.7345289513314,90.0,0.0,17.0,11.0,17.0,3.5,1.0,74.0,10.0
3520.1345289513315,90.0,0.0,17.0,11.0,17.0,3.5,1.0,74.0,10.0
3520.135074405877,90.0,0.0,17.0,11.0,17.0,3.5,1.0,74.0,10.0
3520.535074405877,90.0,0.0,17.0,11.0,17.0,3.5,1.0,74.0,10.0
3520.5356198604222,90.0,0.0,17.0,11.0,17.0,3.5,1.0,74.0,10.0
3520.9356198604223,90.0,0.0,17.0,11.0,17.0,3.5,1.0,74.0,10.0
3520.9361653149676,90.0,0.0,17.0,11.0,17.0,3.5,1.0,74.0,10.0
3521.3361653149677,90.0,0.0,17.0,11.0,17.0,3.5,1.0,74.0,10.0
3521.336710769513,90.0,0.0,17.0,11.0,17.0,3.5,1.0,74.0,10.0
3521.736710769513,90.0,0.0,17.0,11.0,17.0,3.5,1.0,74.0,10.0
3521.7372562240585,90.0,0.0,17.0,11.0,17.0,3.5,1.0,74.0,10.0
3522.1372562240585,90.0,0.0,17.0,11.0,17.0,3.5,1.0,74.0,10.0
3522.137801678604,90.0,0.0,17.0,11.0,17.0,3.5,1.0,74.0,10.0
3522.537801678604,90.0,0.0,17.0,11.0,17.0,3.5,1.0,74.0,10.0
3522.5383471331493,90.0,0.0,17.0,11.0,17.0,3.5,1.0,74.0,10.0
3522.9383471331494,90.0,0.0,17.0,11.0,17.0,3.5,1.0,74.0,10.0
3522.9388925876947,90.0,0.0,17.0,11.0,17.0,3.5,1.0,74.0,10.0
3523.3388925876948,90.0,0.0,17.0,11.0,17.0,3.5,1.0,74.0,10.0
3523.33943804224,90.0,0.0,17.0,11.0,17.0,3.5,1.0,74.0,10.0
3523.73943804224,90.0,0.0,17.0,11.0,17.0,3.5,1.0,74.0,10.0
3523.7399834967855,90.0,0.0,17.0,11.0,17.0,3.5,1.0,74.0,10.0
3524.1399834967856,90.0,0.0,17.0,11.0,17.0,3.5,1.0,74.0,10.0
3524.140528951331,90.0,0.0,17.0,11.0,17.0,3.5,1.0,74.0,10.0
3524.540528951331,90.0,0.0,17.0,11.0,17.0,3.5,1.0,74.0,10.0
3524.5410744058763,90.0,0.0,17.0,11.0,17.0,3.5,1.0,74.0,10.0
3524.9410744058764,90.0,0.0,17.0,11.0,17.0,3.5,1.0,74.0,10.0
3524.9416198604217,80.0,0.0,17.0,11.0,17.0,3.5,1.0,74.0,10.0
3525.341619860422,80.0,0.0,17.0,11.0,17.0,3.5,1.0,74.0,10.0
3525.342165314967,80.0,0.0,17.0,11.0,17.0,3.5,1.0,74.0,10.0
3525.742165314967,80.0,0.0,17.0,11.0,17.0,3.5,1.0,74.0,10.0
3525.7427107695125,80.0,0.0,17.0,11.0,17.0,3.5,1.0,74.0,10.0
3526.1427107695126,80.0,0.0,17.0,11.0,17.0,3.5,1.0,74.0,10.0
3526.143256224058,80.0,0.0,17.0,11.0,17.0,3.5,1.0,74.0,10.0
3526.543256224058,80.0,0.0,17.0,11.0,17.0,3.5,1.0,74.0,10.0
3526.5438016786034,80.0,0.0,17.0,11.0,17.0,3.5,1.0,74.0,10.0
3526.9438016786034,80.0,0.0,17.0,11.0,17.0,3.5,1.0,74.0,10.0
3526.9443471331488,80.0,0.0,17.0,11.0,17.0,3.5,1.0,74.0,10.0
3527.344347133149,80.0,0.0,17.0,11.0,17.0,3.5,1.0,74.0,10.0
3527.344892587694,80.0,0.0,17.0,11.0,17.0,3.5,1.0,74.0,10.0
3527.7448925876943,80.0,0.0,17.0,11.0,17.0,3.5,1.0,74.0,10.0
3527.7454380422396,80.0,0.0,17.0,11.0,17.0,3.5,1.0,74.0,10.0
3528.1454380422397,80.0,0.0,17.0,11.0,17.0,3.5,1.0,74.0,10.0
3528.145983496785,80.0,0.0,17.0,11.0,17.0,3.5,1.0,74.0,10.0
3528.545983496785,80.0,0.0,17.0,11.0,17.0,3.5,1.0,74.0,10.0
3528.5465289513304,80.0,0.0,17.0,11.0,17.0,3.5,1.0,74.0,10.0
3528.9465289513305,80.0,0.0,17.0,11.0,17.0,3.5,1.0,74.0,10.0
3528.947074405876,80.0,0.0,17.0,11.0,17.0,3.5,1.0,74.0,10.0
3529.347074405876,80.0,0.0,17.0,11.0,17.0,3.5,1.0,74.0,10.0
3529.347619860421,80.0,0.0,17.0,11.0,17.0,3.5,1.0,74.0,10.0
3529.7476198604213,80.0,0.0,17.0,11.0,17.0,3.5,1.0,74.0,10.0
3529.7481653149666,80.0,0.0,17.0,11.0,17.0,3.5,1.0,74.0,10.0
3530.1481653149667,80.0,0.0,17.0,11.0,17.0,3.5,1.0,74.0,10.0
3530.148710769512,80.0,0.0,17.0,11.0,17.0,3.5,1.0,74.0,10.0
3530.548710769512,80.0,0.0,17.0,11.0,17.0,3.5,1.0,74.0,10.0
3530.5492562240574,80.0,0.0,17.0,11.0,17.0,3.5,1.0,74.0,10.0
3530.9492562240575,80.0,0.0,17.0,11.0,17.0,3.5,1.0,74.0,10.0
3530.949801678603,80.0,0.0,17.0,11.0,17.0,3.5,1.0,74.0,10.0
3531.349801678603,80.0,0.0,17.0,11.0,17.0,3.5,1.0,74.0,10.0
3531.3503471331483,80.0,0.0,17.0,11.0,17.0,3.5,1.0,74.0,10.0
3531.7503471331484,80.0,0.0,17.0,11.0,17.0,3.5,1.0,74.0,10.0
3531.7508925876937,80.0,0.0,17.0,11.0,17.0,3.5,1.0,74.0,10.0
3532.1508925876938,80.0,0.0,17.0,11.0,17.0,3.5,1.0,74.0,10.0
3532.151438042239,80.0,0.0,17.0,11.0,17.0,3.5,1.0,74.0,10.0
3532.551438042239,80.0,0.0,17.0,11.0,17.0,3.5,1.0,74.0,10.0
3532.5519834967845,80.0,0.0,17.0,11.0,17.0,3.5,1.0,74.0,10.0
3532.9519834967846,80.0,0.0,17.0,11.0,17.0,3.5,1.0,74.0,10.0
3532.95252895133,80.0,0.0,17.0,11.0,17.0,3.5,1.0,74.0,10.0
3533.35252895133,80.0,0.0,17.0,11.0,17.0,3.5,1.0,74.0,10.0
3533.3530744058753,80.0,0.0,17.0,11.0,17.0,3.5,1.0,74.0,10.0
3533.7530744058754,80.0,0.0,17.0,11.0,17.0,3.5,1.0,74.0,10.0
3533.7536198604207,80.0,0.0,17.0,11.0,17.0,3.5,1.0,74.0,10.0
3534.153619860421,80.0,0.0,17.0,11.0,17.0,3.5,1.0,74.0,10.0
3534.154165314966,80.0,0.0,17.0,11.0,17.0,3.5,1.0,74.0,10.0
3534.554165314966,80.0,0.0,17.0,11.0,17.0,3.5,1.0,74.0,10.0
3534.5547107695115,80.0,0.0,17.0,11.0,17.0,3.5,1.0,74.0,10.0
3534.9547107695116,80.0,0.0,17.0,11.0,17.0,3.5,1.0,74.0,10.0
3534.955256224057,80.0,0.0,17.0,11.0,17.0,3.5,1.0,74.0,10.0
3535.355256224057,80.0,0.0,17.0,11.0,17.0,3.5,1.0,74.0,10.0
3535.3558016786023,90.0,0.0,17.0,11.0,17.0,3.5,1.0,74.0,10.0
3535.7558016786024,90.0,0.0,17.0,11.0,17.0,3.5,1.0,74.0,10.0
3535.7563471331478,90.0,0.0,17.0,11.0,17.0,3.5,1.0,74.0,10.0
3536.156347133148,90.0,0.0,17.0,11.0,17.0,3.5,1.0,74.0,10.0
3536.156892587693,90.0,0.0,17.0,11.0,17.0,3.5,1.0,74.0,10.0
3536.5568925876933,90.0,0.0,17.0,11.0,17.0,3.5,1.0,74.0,10.0
3536.5574380422386,90.0,0.0,17.0,11.0,17.0,3.5,1.0,74.0,10.0
3536.9574380422387,90.0,0.0,17.0,11.0,17.0,3.5,1.0,74.0,10.0
3536.957983496784,90.0,0.0,17.0,11.0,17.0,3.5,1.0,74.0,10.0
3537.357983496784,90.0,0.0,17.0,11.0,17.0,3.5,1.0,74.0,10.0
3537.3585289513294,90.0,0.0,17.0,11.0,17.0,3.5,1.0,74.0,10.0
3537.7585289513295,90.0,0.0,17.0,11.0,17.0,3.5,1.0,74.0,10.0
3537.759074405875,90.0,0.0,17.0,11.0,17.0,3.5,1.0,74.0,10.0
3538.159074405875,90.0,0.0,17.0,11.0,17.0,3.5,1.0,74.0,10.0
3538.15961986042,90.0,0.0,17.0,11.0,17.0,3.5,1.0,74.0,10.0
3538.5596198604203,90.0,0.0,17.0,11.0,17.0,3.5,1.0,74.0,10.0
3538.5601653149656,90.0,0.0,17.0,11.0,17.0,3.5,1.0,74.0,10.0
3538.9601653149657,90.0,0.0,17.0,11.0,17.0,3.5,1.0,74.0,10.0
3538.960710769511,90.0,0.0,17.0,11.0,17.0,3.5,1.0,74.0,10.0
3539.360710769511,90.0,0.0,17.0,11.0,17.0,3.5,1.0,74.0,10.0
3539.3612562240564,90.0,0.0,17.0,11.0,17.0,3.5,1.0,74.0,10.0
3539.7612562240565,90.0,0.0,17.0,11.0,17.0,3.5,1.0,74.0,10.0
3539.761801678602,90.0,0.0,17.0,11.0,17.0,3.5,1.0,74.0,10.0
3540.161801678602,90.0,0.0,17.0,11.0,17.0,3.5,1.0,74.0,10.0
3540.1623471331473,90.0,0.0,17.0,11.0,17.0,3.5,1.0,74.0,10.0
3540.5623471331473,90.0,0.0,17.0,11.0,17.0,3.5,1.0,74.0,10.0
3540.5628925876927,90.0,0.0,17.0,11.0,17.0,3.5,1.0,74.0,10.0
3540.9628925876927,90.0,0.0,17.0,11.0,17.0,3.5,1.0,74.0,10.0
3540.963438042238,90.0,0.0,17.0,11.0,17.0,3.5,1.0,74.0,10.0
3541.363438042238,90.0,0.0,17.0,11.0,17.0,3.5,1.0,74.0,10.0
3541.3639834967835,90.0,0.0,17.0,11.0,17.0,3.5,1.0,74.0,10.0
3541.7639834967836,90.0,0.0,17.0,11.0,17.0,3.5,1.0,74.0,10.0
3541.764528951329,90.0,0.0,17.0,11.0,17.0,3.5,1.0,74.0,10.0
3542.164528951329,90.0,0.0,17.0,11.0,17.0,3.5,1.0,74.0,10.0
3542.1650744058743,90.0,0.0,17.0,11.0,17.0,3.5,1.0,74.0,10.0
3542.5650744058744,90.0,0.0,17.0,11.0,17.0,3.5,1.0,74.0,10.0
3542.5656198604197,90.0,0.0,17.0,11.0,17.0,3.5,1.0,74.0,10.0
3542.96561986042,90.0,0.0,17.0,11.0,17.0,3.5,1.0,74.0,10.0
3542.966165314965,90.0,0.0,17.0,11.0,17.0,3.5,1.0,74.0,10.0
3543.366165314965,90.0,0.0,17.0,11.0,17.0,3.5,1.0,74.0,10.0
3543.3667107695105,90.0,0.0,17.0,11.0,17.0,3.5,1.0,74.0,10.0
3543.7667107695106,90.0,0.0,17.0,11.0,17.0,3.5,1.0,74.0,10.0
3543.767256224056,90.0,0.0,17.0,11.0,17.0,3.5,1.0,74.0,10.0
3544.167256224056,90.0,0.0,17.0,11.0,17.0,3.5,1.0,74.0,10.0
3544.1678016786013,90.0,0.0,17.0,11.0,17.0,3.5,1.0,74.0,10.0
3544.5678016786014,90.0,0.0,17.0,11.0,17.0,3.5,1.0,74.0,10.0
3544.5683471331467,90.0,0.0,17.0,11.0,17.0,3.5,1.0,74.0,10.0
3544.968347133147,90.0,0.0,17.0,11.0,17.0,3.5,1.0,74.0,10.0
3544.968892587692,80.0,0.0,17.0,11.0,17.0,3.5,1.0,74.0,10.0
3545.3688925876922,80.0,0.0,17.0,11.0,17.0,3.5,1.0,74.0,10.0
3545.3694380422376,80.0,0.0,17.0,10.0,17.0,3.5,1.0,74.0,10.0
3545.7694380422377,80.0,0.0,17.0,10.0,17.0,3.5,1.0,74.0,10.0
3545.7700380422375,80.0,0.0,17.0,10.0,17.0,3.5,1.0,74.0,10.0
3546.1700380422376,80.0,0.0,17.0,10.0,17.0,3.5,1.0,74.0,10.0
3546.1706380422374,80.0,0.0,17.0,10.0,17.0,3.5,1.0,74.0,10.0
3546.5706380422375,80.0,0.0,17.0,10.0,17.0,3.5,1.0,74.0,10.0
3546.5712380422374,80.0,0.0,17.0,10.0,17.0,3.5,1.0,74.0,10.0
3546.9712380422375,80.0,0.0,17.0,10.0,17.0,3.5,1.0,74.0,10.0
3546.9718380422373,80.0,0.0,17.0,10.0,17.0,3.5,1.0,74.0,10.0
3547.3718380422374,80.0,0.0,17.0,10.0,17.0,3.5,1.0,74.0,10.0
3547.3724380422373,80.0,0.0,17.0,10.0,17.0,3.5,1.0,74.0,10.0
3547.7724380422374,80.0,0.0,17.0,10.0,17.0,3.5,1.0,74.0,10.0
3547.773038042237,80.0,0.0,17.0,10.0,17.0,3.5,1.0,74.0,10.0
3548.1730380422373,80.0,0.0,17.0,10.0,17.0,3.5,1.0,74.0,10.0
3548.173638042237,80.0,0.0,17.0,10.0,17.0,3.5,1.0,74.0,10.0
3548.5736380422372,80.0,0.0,17.0,10.0,17.0,3.5,1.0,74.0,10.0
3548.574238042237,80.0,0.0,17.0,10.0,17.0,3.5,1.0,74.0,10.0
3548.974238042237,80.0,0.0,17.0,10.0,17.0,3.5,1.0,74.0,10.0
3548.974838042237,80.0,0.0,17.0,10.0,17.0,3.5,1.0,74.0,10.0
3549.374838042237,80.0,0.0,17.0,10.0,17.0,3.5,1.0,74.0,10.0
3549.375438042237,80.0,0.0,17.0,10.0,17.0,3.5,1.0,74.0,10.0
3549.775438042237,80.0,0.0,17.0,10.0,17.0,3.5,1.0,74.0,10.0
3549.776038042237,80.0,0.0,17.0,10.0,17.0,3.5,1.0,74.0,10.0
3550.176038042237,80.0,0.0,17.0,10.0,17.0,3.5,1.0,74.0,10.0
3550.176638042237,80.0,0.0,17.0,10.0,17.0,3.5,1.0,74.0,10.0
3550.576638042237,80.0,0.0,17.0,10.0,17.0,3.5,1.0,74.0,10.0
3550.577238042237,80.0,0.0,17.0,10.0,17.0,3.5,1.0,74.0,10.0
3550.977238042237,80.0,0.0,17.0,10.0,17.0,3.5,1.0,74.0,10.0
3550.9778380422367,80.0,0.0,17.0,10.0,17.0,3.5,1.0,74.0,10.0
3551.377838042237,80.0,0.0,17.0,10.0,17.0,3.5,1.0,74.0,10.0
3551.3784380422367,80.0,0.0,17.0,10.0,17.0,3.5,1.0,74.0,10.0
3551.7784380422368,80.0,0.0,17.0,10.0,17.0,3.5,1.0,74.0,10.0
3551.7790380422366,80.0,0.0,17.0,10.0,17.0,3.5,1.0,74.0,10.0
3552.1790380422367,80.0,0.0,17.0,10.0,17.0,3.5,1.0,74.0,10.0
3552.1796380422365,80.0,0.0,17.0,10.0,17.0,3.5,1.0,74.0,10.0
3552.5796380422366,80.0,0.0,17.0,10.0,17.0,3.5,1.0,74.0,10.0
3552.5802380422365,80.0,0.0,17.0,10.0,17.0,3.5,1.0,74.0,10.0
3552.9802380422366,80.0,0.0,17.0,10.0,17.0,3.5,1.0,74.0,10.0
3552.9808380422364,80.0,0.0,17.0,10.0,17.0,3.5,1.0,74.0,10.0
3553.3808380422365,80.0,0.0,17.0,10.0,17.0,3.5,1.0,74.0,10.0
3553.3814380422364,80.0,0.0,17.0,10.0,17.0,3.5,1.0,74.0,10.0
3553.7814380422365,80.0,0.0,17.0,10.0,17.0,3.5,1.0,74.0,10.0
3553.7820380422363,80.0,0.0,17.0,10.0,17.0,3.5,1.0,74.0,10.0
3554.1820380422364,80.0,0.0,17.0,10.0,17.0,3.5,1.0,74.0,10.0
3554.1826380422362,80.0,0.0,17.0,10.0,17.0,3.5,1.0,74.0,10.0
3554.5826380422363,80.0,0.0,17.0,10.0,17.0,3.5,1.0,74.0,10.0
3554.583238042236,80.0,0.0,17.0,10.0,17.0,3.5,1.0,74.0,10.0
3554.9832380422363,80.0,0.0,17.0,10.0,17.0,3.5,1.0,74.0,10.0
3554.983838042236,80.0,0.0,17.0,10.0,17.0,3.5,1.0,74.0,10.0
3555.383838042236,80.0,0.0,17.0,10.0,17.0,3.5,1.0,74.0,10.0
3555.384438042236,80.0,0.0,17.0,10.0,17.0,3.5,1.0,74.0,10.0
3555.784438042236,80.0,0.0,17.0,10.0,17.0,3.5,1.0,74.0,10.0
3555.785038042236,80.0,0.0,17.0,10.0,17.0,3.5,1.0,74.0,10.0
3556.185038042236,80.0,0.0,17.0,10.0,17.0,3.5,1.0,74.0,10.0
3556.185638042236,80.0,0.0,17.0,10.0,17.0,3.5,1.0,74.0,10.0
3556.585638042236,80.0,0.0,17.0,10.0,17.0,3.5,1.0,74.0,10.0
3556.586238042236,80.0,0.0,17.0,10.0,17.0,3.5,1.0,74.0,10.0
3556.986238042236,80.0,0.0,17.0,10.0,17.0,3.5,1.0,74.0,10.0
3556.986838042236,70.0,0.0,17.0,10.0,17.0,3.5,1.0,74.0,10.0
3557.386838042236,70.0,0.0,17.0,10.0,17.0,3.5,1.0,74.0,10.0
3557.3874380422358,70.0,0.0,17.0,10.0,17.0,3.5,1.0,74.0,10.0
3557.787438042236,70.0,0.0,17.0,10.0,17.0,3.5,1.0,74.0,10.0
3557.7880380422357,70.0,0.0,17.0,10.0,17.0,3.5,1.0,74.0,10.0
3558.188038042236,70.0,0.0,17.0,10.0,17.0,3.5,1.0,74.0,10.0
3558.1886380422357,70.0,0.0,17.0,10.0,17.0,3.5,1.0,74.0,10.0
3558.5886380422357,70.0,0.0,17.0,10.0,17.0,3.5,1.0,74.0,10.0
3558.5892380422356,70.0,0.0,17.0,10.0,17.0,3.5,1.0,74.0,10.0
3558.9892380422357,70.0,0.0,17.0,10.0,17.0,3.5,1.0,74.0,10.0
3558.9898380422355,70.0,0.0,17.0,10.0,17.0,3.5,1.0,74.0,10.0
3559.3898380422356,70.0,0.0,17.0,10.0,17.0,3.5,1.0,74.0,10.0
3559.3904380422355,70.0,0.0,17.0,10.0,17.0,3.5,1.0,74.0,10.0
3559.7904380422356,70.0,0.0,17.0,10.0,17.0,3.5,1.0,74.0,10.0
3559.7910380422354,60.0,0.0,17.0,10.0,17.0,3.5,1.0,74.0,10.0
3560.1910380422355,60.0,0.0,17.0,10.0,17.0,3.5,1.0,74.0,10.0
3560.1916380422354,60.0,0.0,17.0,10.0,17.0,3.5,1.0,74.0,10.0
3560.5916380422354,60.0,0.0,17.0,10.0,17.0,3.5,1.0,74.0,10.0
3560.5922380422353,60.0,0.0,17.0,10.0,17.0,3.5,1.0,74.0,10.0
3560.9922380422354,60.0,0.0,17.0,10.0,17.0,3.5,1.0,74.0,10.0
3560.9928380422352,60.0,0.0,17.0,10.0,17.0,3.5,1.0,74.0,10.0
3561.3928380422353,60.0,0.0,17.0,10.0,17.0,3.5,1.0,74.0,10.0
3561.393438042235,60.0,0.0,17.0,10.0,17.0,3.5,1.0,74.0,10.0
3561.7934380422353,60.0,0.0,17.0,10.0,17.0,3.5,1.0,74.0,10.0
3561.794038042235,60.0,0.0,17.0,10.0,17.0,3.5,1.0,74.0,10.0
3562.194038042235,60.0,0.0,17.0,10.0,17.0,3.5,1.0,74.0,10.0
3562.194638042235,60.0,0.0,17.0,10.0,17.0,3.5,1.0,74.0,10.0
3562.594638042235,60.0,0.0,17.0,10.0,17.0,3.5,1.0,74.0,10.0
3562.595238042235,60.0,0.0,17.0,10.0,17.0,3.5,1.0,74.0,10.0
3562.995238042235,60.0,0.0,17.0,10.0,17.0,3.5,1.0,74.0,10.0
3562.995838042235,60.0,0.0,17.0,10.0,17.0,3.5,1.0,74.0,10.0
3563.395838042235,60.0,0.0,17.0,10.0,17.0,3.5,1.0,74.0,10.0
3563.396438042235,60.0,0.0,17.0,10.0,17.0,3.5,1.0,74.0,10.0
3563.796438042235,60.0,0.0,17.0,10.0,17.0,3.5,1.0,74.0,10.0
3563.797038042235,60.0,0.0,17.0,10.0,17.0,3.5,1.0,74.0,10.0
3564.197038042235,60.0,0.0,17.0,10.0,17.0,3.5,1.0,74.0,10.0
3564.1976380422348,60.0,0.0,17.0,10.0,17.0,3.5,1.0,74.0,10.0
3564.597638042235,60.0,0.0,17.0,10.0,17.0,3.5,1.0,74.0,10.0
3564.5982380422347,60.0,0.0,17.0,10.0,17.0,3.5,1.0,74.0,10.0
3564.998238042235,60.0,0.0,17.0,10.0,17.0,3.5,1.0,74.0,10.0
3564.9988380422346,70.0,0.0,17.0,10.0,17.0,3.5,1.0,74.0,10.0
3565.3988380422347,70.0,0.0,17.0,10.0,17.0,3.5,1.0,74.0,10.0
3565.3994380422346,70.0,0.0,17.0,10.0,17.0,3.5,1.0,74.0,10.0
3565.7994380422347,70.0,0.0,17.0,10.0,17.0,3.5,1.0,74.0,10.0
3565.8000380422345,70.0,0.0,17.0,10.0,17.0,3.5,1.0,74.0,10.0
3566.2000380422346,70.0,0.0,17.0,10.0,17.0,3.5,1.0,74.0,10.0
3566.2006380422345,70.0,0.0,17.0,10.0,17.0,3.5,1.0,74.0,10.0
3566.6006380422346,70.0,0.0,17.0,10.0,17.0,3.5,1.0,74.0,10.0
3566.6012380422344,70.0,0.0,17.0,10.0,17.0,3.5,1.0,74.0,10.0
3567.0012380422345,70.0,0.0,17.0,10.0,17.0,3.5,1.0,74.0,10.0
3567.0018380422343,70.0,0.0,17.0,10.0,17.0,3.5,1.0,74.0,10.0
3567.4018380422344,70.0,0.0,17.0,10.0,17.0,3.5,1.0,74.0,10.0
3567.4024380422343,70.0,0.0,17.0,10.0,17.0,3.5,1.0,74.0,10.0
3567.8024380422344,70.0,0.0,17.0,10.0,17.0,3.5,1.0,74.0,10.0
3567.803038042234,70.0,0.0,17.0,10.0,17.0,3.5,1.0,74.0,10.0
3568.2030380422343,70.0,0.0,17.0,10.0,17.0,3.5,1.0,74.0,10.0
3568.203638042234,70.0,0.0,17.0,10.0,17.0,3.5,1.0,74.0,10.0
3568.6036380422343,70.0,0.0,17.0,10.0,17.0,3.5,1.0,74.0,10.0
3568.604238042234,70.0,0.0,17.0,10.0,17.0,3.5,1.0,74.0,10.0
3569.004238042234,70.0,0.0,17.0,10.0,17.0,3.5,1.0,74.0,10.0
3569.004838042234,60.0,0.0,17.0,10.0,17.0,3.5,1.0,74.0,10.0
3569.404838042234,60.0,0.0,17.0,10.0,17.0,3.5,1.0,74.0,10.0
3569.405438042234,60.0,0.0,17.0,10.0,17.0,3.5,1.0,74.0,10.0
3569.805438042234,60.0,0.0,17.0,10.0,17.0,3.5,1.0,74.0,10.0
3569.806038042234,60.0,0.0,17.0,10.0,17.0,3.5,1.0,74.0,10.0
3570.206038042234,60.0,0.0,17.0,10.0,17.0,3.5,1.0,74.0,10.0
3570.206638042234,60.0,0.0,17.0,10.0,17.0,3.5,1.0,74.0,10.0
3570.606638042234,60.0,0.0,17.0,10.0,17.0,3.5,1.0,74.0,10.0
3570.607238042234,60.0,0.0,17.0,10.0,17.0,3.5,1.0,74.0,10.0
3571.007238042234,60.0,0.0,17.0,10.0,17.0,3.5,1.0,74.0,10.0
3571.0078380422337,60.0,0.0,17.0,10.0,17.0,3.5,1.0,74.0,10.0
3571.407838042234,60.0,0.0,17.0,10.0,17.0,3.5,1.0,74.0,10.0
3571.4084380422337,60.0,0.0,17.0,10.0,17.0,1.5,1.0,75.0,10.0
3571.808438042234,60.0,0.0,17.0,10.0,17.0,1.5,1.0,75.0,10.0
3571.8090380422336,60.0,0.0,17.0,10.0,17.0,1.5,1.0,75.0,10.0
3572.2090380422337,60.0,0.0,17.0,10.0,17.0,1.5,1.0,75.0,10.0
3572.2096380422336,60.0,0.0,17.0,10.0,17.0,1.5,1.0,75.0,10.0
3572.6096380422337,60.0,0.0,17.0,10.0,17.0,1.5,1.0,75.0,10.0
3572.6102380422335,60.0,0.0,17.0,10.0,17.0,1.5,1.0,75.0,10.0
3573.0102380422336,60.0,0.0,17.0,10.0,17.0,1.5,1.0,75.0,10.0
3573.0108380422334,50.0,0.0,17.0,10.0,17.0,1.5,1.0,75.0,10.0
3573.4108380422335,50.0,0.0,17.0,10.0,17.0,1.5,1.0,75.0,10.0
3573.4114380422334,50.0,0.0,17.0,10.0,17.0,1.5,1.0,75.0,10.0
3573.8114380422335,50.0,0.0,17.0,10.0,17.0,1.5,1.0,75.0,10.0
3573.8120380422333,50.0,0.0,17.0,10.0,17.0,1.5,1.0,75.0,10.0
3574.2120380422334,50.0,0.0,17.0,10.0,17.0,1.5,1.0,75.0,10.0
3574.2126380422333,50.0,0.0,17.0,10.0,17.0,1.5,1.0,75.0,10.0
3574.6126380422334,50.0,0.0,17.0,10.0,17.0,1.5,1.0,75.0,10.0
3574.613238042233,50.0,0.0,17.0,10.0,17.0,1.5,1.0,75.0,10.0
3575.0132380422333,50.0,0.0,17.0,10.0,17.0,1.5,1.0,75.0,10.0
3575.013838042233,50.0,0.0,17.0,10.0,17.0,1.5,1.0,75.0,10.0
3575.4138380422332,50.0,0.0,17.0,10.0,17.0,1.5,1.0,75.0,10.0
3575.414438042233,50.0,0.0,17.0,10.0,17.0,1.5,1.0,75.0,10.0
3575.814438042233,50.0,0.0,17.0,10.0,17.0,1.5,1.0,75.0,10.0
3575.815038042233,50.0,0.0,17.0,10.0,17.0,1.5,1.0,75.0,10.0
3576.215038042233,50.0,0.0,17.0,10.0,17.0,1.5,1.0,75.0,10.0
3576.215638042233,50.0,0.0,17.0,10.0,17.0,1.5,1.0,75.0,10.0
3576.615638042233,50.0,0.0,17.0,10.0,17.0,1.5,1.0,75.0,10.0
3576.616238042233,50.0,0.0,17.0,10.0,17.0,1.5,1.0,75.0,10.0
3577.016238042233,50.0,0.0,17.0,10.0,17.0,1.5,1.0,75.0,10.0
3577.016838042233,50.0,0.0,17.0,10.0,17.0,1.5,1.0,75.0,10.0
3577.416838042233,50.0,0.0,17.0,10.0,17.0,1.5,1.0,75.0,10.0
3577.417438042233,50.0,0.0,17.0,10.0,17.0,1.5,1.0,75.0,10.0
3577.817438042233,50.0,0.0,17.0,10.0,17.0,1.5,1.0,75.0,10.0
3577.8180380422327,50.0,0.0,17.0,10.0,17.0,1.5,1.0,75.0,10.0
3578.218038042233,50.0,0.0,17.0,10.0,17.0,1.5,1.0,75.0,10.0
3578.2186380422327,40.0,0.0,17.0,10.0,17.0,1.5,1.0,75.0,10.0
3578.6186380422328,40.0,0.0,17.0,10.0,17.0,1.5,1.0,75.0,10.0
3578.6192380422326,40.0,0.0,17.0,10.0,17.0,1.5,1.0,75.0,10.0
3579.0192380422327,40.0,0.0,17.0,10.0,17.0,1.5,1.0,75.0,10.0
3579.0198380422325,40.0,0.0,17.0,10.0,17.0,1.5,1.0,75.0,10.0
3579.4198380422326,40.0,0.0,17.0,10.0,17.0,1.5,1.0,75.0,10.0
3579.4204380422325,40.0,0.0,17.0,10.0,17.0,1.5,1.0,75.0,10.0
3579.8204380422326,40.0,0.0,17.0,10.0,17.0,1.5,1.0,75.0,10.0
3579.8210380422324,40.0,0.0,17.0,10.0,17.0,1.5,1.0,75.0,10.0
3580.2210380422325,40.0,0.0,17.0,10.0,17.0,1.5,1.0,75.0,10.0
3580.2216380422324,40.0,0.0,17.0,10.0,17.0,1.5,1.0,75.0,10.0
3580.6216380422325,40.0,0.0,17.0,10.0,17.0,1.5,1.0,75.0,10.0
3580.6222380422323,40.0,0.0,17.0,10.0,17.0,1.5,1.0,75.0,10.0
3581.0222380422324,40.0,0.0,17.0,10.0,17.0,1.5,1.0,75.0,10.0
3581.0228380422323,40.0,0.0,17.0,10.0,17.0,1.5,1.0,75.0,10.0
3581.4228380422323,40.0,0.0,17.0,10.0,17.0,1.5,1.0,75.0,10.0
3581.423438042232,40.0,0.0,17.0,10.0,17.0,1.5,1.0,75.0,10.0
3581.8234380422323,40.0,0.0,17.0,10.0,17.0,1.5,1.0,75.0,10.0
3581.824038042232,40.0,0.0,17.0,10.0,17.0,1.5,1.0,75.0,10.0
3582.224038042232,40.0,0.0,17.0,10.0,17.0,1.5,1.0,75.0,10.0
3582.224638042232,40.0,0.0,17.0,10.0,17.0,1.5,1.0,75.0,10.0
3582.624638042232,40.0,0.0,17.0,10.0,17.0,1.5,1.0,75.0,10.0
3582.625238042232,40.0,0.0,17.0,10.0,17.0,1.5,1.0,75.0,10.0
3583.025238042232,40.0,0.0,17.0,10.0,17.0,1.5,1.0,75.0,10.0
3583.025838042232,40.0,0.0,17.0,10.0,17.0,1.5,1.0,75.0,10.0
3583.425838042232,40.0,0.0,17.0,10.0,17.0,1.5,1.0,75.0,10.0
3583.426438042232,40.0,0.0,17.0,10.0,17.0,1.5,1.0,75.0,10.0
3583.826438042232,40.0,0.0,17.0,10.0,17.0,1.5,1.0,75.0,10.0
3583.827038042232,40.0,0.0,17.0,10.0,17.0,1.5,1.0,75.0,10.0
3584.227038042232,40.0,0.0,17.0,10.0,17.0,1.5,1.0,75.0,10.0
3584.227638042232,40.0,0.0,17.0,10.0,17.0,1.5,1.0,75.0,10.0
3584.627638042232,40.0,0.0,17.0,10.0,17.0,1.5,1.0,75.0,10.0
3584.6282380422317,40.0,0.0,17.0,10.0,17.0,1.5,1.0,75.0,10.0
3585.028238042232,40.0,0.0,17.0,10.0,17.0,1.5,1.0,75.0,10.0
3585.0288380422317,40.0,0.0,17.0,10.0,17.0,1.5,1.0,75.0,10.0
3585.4288380422317,40.0,0.0,17.0,10.0,17.0,1.5,1.0,75.0,10.0
3585.4294380422316,40.0,0.0,17.0,10.0,17.0,1.5,1.0,75.0,10.0
3585.8294380422317,40.0,0.0,17.0,10.0,17.0,1.5,1.0,75.0,10.0
3585.8300380422315,40.0,0.0,17.0,10.0,17.0,1.5,1.0,75.0,10.0
3586.2300380422316,40.0,0.0,17.0,10.0,17.0,1.5,1.0,75.0,10.0
3586.2306380422315,40.0,0.0,17.0,10.0,17.0,1.5,1.0,75.0,10.0
3586.6306380422316,40.0,0.0,17.0,10.0,17.0,1.5,1.0,75.0,10.0
3586.6312380422314,40.0,0.0,17.0,10.0,17.0,1.5,1.0,75.0,10.0
3587.0312380422315,40.0,0.0,17.0,10.0,17.0,1.5,1.0,75.0,10.0
3587.0318380422314,40.0,0.0,17.0,10.0,17.0,1.5,1.0,75.0,10.0
3587.4318380422314,40.0,0.0,17.0,10.0,17.0,1.5,1.0,75.0,10.0
3587.4324380422313,40.0,0.0,17.0,10.0,17.0,1.5,1.0,75.0,10.0
3587.8324380422314,40.0,0.0,17.0,10.0,17.0,1.5,1.0,75.0,10.0
3587.8330380422312,40.0,0.0,17.0,10.0,17.0,1.5,1.0,75.0,10.0
3588.2330380422313,40.0,0.0,17.0,10.0,17.0,1.5,1.0,75.0,10.0
3588.233638042231,40.0,0.0,17.0,10.0,17.0,1.5,1.0,75.0,10.0
3588.6336380422313,40.0,0.0,17.0,10.0,17.0,1.5,1.0,75.0,10.0
3588.634238042231,40.0,0.0,17.0,10.0,17.0,1.5,1.0,75.0,10.0
3589.034238042231,40.0,0.0,17.0,10.0,17.0,1.5,1.0,75.0,10.0
3589.034838042231,40.0,0.0,17.0,10.0,17.0,1.5,1.0,75.0,10.0
3589.434838042231,40.0,0.0,17.0,10.0,17.0,1.5,1.0,75.0,10.0
3589.435438042231,40.0,0.0,17.0,10.0,17.0,1.5,1.0,75.0,10.0
3589.835438042231,40.0,0.0,17.0,10.0,17.0,1.5,1.0,75.0,10.0
3589.836038042231,40.0,0.0,17.0,10.0,17.0,1.5,1.0,75.0,10.0
3590.236038042231,40.0,0.0,17.0,10.0,17.0,1.5,1.0,75.0,10.0
3590.236638042231,40.0,0.0,17.0,10.0,17.0,1.5,1.0,75.0,10.0
3590.636638042231,40.0,0.0,17.0,10.0,17.0,1.5,1.0,75.0,10.0
3590.637238042231,50.0,0.0,17.0,10.0,17.0,1.5,1.0,75.0,10.0
3591.037238042231,50.0,0.0,17.0,10.0,17.0,1.5,1.0,75.0,10.0
3591.0378380422308,50.0,0.0,17.0,10.0,17.0,1.5,1.0,75.0,10.0
3591.437838042231,50.0,0.0,17.0,10.0,17.0,1.5,1.0,75.0,10.0
3591.4384380422307,50.0,0.0,17.0,10.0,17.0,1.5,1.0,75.0,10.0
3591.838438042231,50.0,0.0,17.0,10.0,17.0,1.5,1.0,75.0,10.0
3591.8390380422306,50.0,0.0,17.0,10.0,17.0,1.5,1.0,75.0,10.0
3592.2390380422307,50.0,0.0,17.0,10.0,17.0,1.5,1.0,75.0,10.0
3592.2396380422306,50.0,0.0,17.0,10.0,17.0,1.5,1.0,75.0,10.0
3592.6396380422307,50.0,0.0,17.0,10.0,17.0,1.5,1.0,75.0,10.0
3592.6402380422305,50.0,0.0,17.0,10.0,17.0,1.5,1.0,75.0,10.0
3593.0402380422306,50.0,0.0,17.0,10.0,17.0,1.5,1.0,75.0,10.0
3593.0408380422305,60.0,0.0,17.0,10.0,17.0,1.5,1.0,75.0,10.0
3593.4408380422306,60.0,0.0,17.0,10.0,17.0,1.5,1.0,75.0,10.0
3593.4414380422304,60.0,0.0,17.0,10.0,17.0,1.5,1.0,75.0,10.0
3593.8414380422305,60.0,0.0,17.0,10.0,17.0,1.5,1.0,75.0,10.0
3593.8420380422303,60.0,0.0,17.0,10.0,17.0,1.5,1.0,75.0,10.0
3594.2420380422304,60.0,0.0,17.0,10.0,17.0,1.5,1.0,75.0,10.0
3594.2426380422303,60.0,0.0,17.0,10.0,17.0,1.5,1.0,75.0,10.0
3594.6426380422304,60.0,0.0,17.0,10.0,17.0,1.5,1.0,75.0,10.0
3594.64323804223,70.0,0.0,17.0,10.0,17.0,1.5,1.0,75.0,10.0
3595.0432380422303,70.0,0.0,17.0,10.0,17.0,1.5,1.0,75.0,10.0
3595.04383804223,70.0,0.0,17.0,10.0,17.0,1.5,1.0,75.0,10.0
3595.4438380422303,70.0,0.0,17.0,10.0,17.0,1.5,1.0,75.0,10.0
3595.44443804223,70.0,0.0,17.0,10.0,17.0,1.5,1.0,75.0,10.0
3595.84443804223,70.0,0.0,17.0,10.0,17.0,1.5,1.0,75.0,10.0
3595.84503804223,70.0,0.0,17.0,10.0,17.0,1.5,1.0,75.0,10.0
3596.24503804223,70.0,0.0,17.0,10.0,17.0,1.5,1.0,75.0,10.0
3596.24563804223,70.0,0.0,17.0,10.0,17.0,1.5,1.0,75.0,10.0
3596.64563804223,70.0,0.0,17.0,10.0,17.0,1.5,1.0,75.0,10.0
3596.64623804223,70.0,0.0,17.0,10.0,17.0,1.5,1.0,75.0,10.0
3597.04623804223,70.0,0.0,17.0,10.0,17.0,1.5,1.0,75.0,10.0
3597.04683804223,70.0,0.0,17.0,10.0,17.0,1.5,1.0,75.0,10.0
3597.44683804223,70.0,0.0,17.0,10.0,17.0,1.5,1.0,75.0,10.0
3597.44743804223,70.0,0.0,17.0,10.0,17.0,1.5,1.0,75.0,10.0
3597.84743804223,70.0,0.0,17.0,10.0,17.0,1.5,1.0,75.0,10.0
3597.8480380422297,70.0,0.0,17.0,10.0,17.0,1.5,1.0,75.0,10.0
3598.24803804223,70.0,0.0,17.0,10.0,17.0,1.5,1.0,75.0,10.0
3598.2486380422297,70.0,0.0,17.0,10.0,17.0,1.5,1.0,75.0,10.0
3598.64863804223,70.0,0.0,17.0,10.0,17.0,1.5,1.0,75.0,10.0
3598.6492380422296,70.0,0.0,17.0,10.0,17.0,1.5,1.0,75.0,10.0
3599.0492380422297,70.0,0.0,17.0,10.0,17.0,1.5,1.0,75.0,10.0
3599.0498380422296,70.0,0.0,17.0,10.0,17.0,1.5,1.0,75.0,10.0
3599.4498380422297,70.0,0.0,17.0,10.0,17.0,1.5,1.0,75.0,10.0
3599.4504380422295,80.0,0.0,17.0,10.0,17.0,1.5,1.0,75.0,10.0
3599.8504380422296,80.0,0.0,17.0,10.0,17.0,1.5,1.0,75.0,10.0
3599.8510380422294,80.0,0.0,17.0,10.0,17.0,1.5,1.0,75.0,10.0
3600.2510380422295,80.0,0.0,17.0,10.0,17.0,1.5,1.0,75.0,10.0
3600.2516380422294,80.0,0.0,17.0,10.0,17.0,1.5,1.0,75.0,10.0
3600.6516380422295,80.0,0.0,17.0,10.0,17.0,1.5,1.0,75.0,10.0
3600.6522380422293,80.0,0.0,17.0,10.0,17.0,1.5,1.0,75.0,10.0
3601.0522380422294,80.0,0.0,17.0,10.0,17.0,1.5,1.0,75.0,10.0
3601.0528380422293,80.0,0.0,17.0,10.0,17.0,1.5,1.0,75.0,10.0
3601.4528380422294,80.0,0.0,17.0,10.0,17.0,1.5,1.0,75.0,10.0
3601.453438042229,80.0,0.0,17.0,10.0,17.0,1.5,1.0,75.0,10.0
3601.8534380422293,80.0,0.0,17.0,10.0,17.0,1.5,1.0,75.0,10.0
3601.854038042229,70.0,0.0,17.0,10.0,17.0,1.5,1.0,75.0,10.0
3602.2540380422292,70.0,0.0,17.0,10.0,17.0,1.5,1.0,75.0,10.0
3602.254638042229,70.0,0.0,17.0,10.0,17.0,1.5,1.0,75.0,10.0
3602.654638042229,70.0,0.0,17.0,10.0,17.0,1.5,1.0,75.0,10.0
3602.655238042229,70.0,0.0,17.0,10.0,17.0,1.5,1.0,75.0,10.0
3603.055238042229,70.0,0.0,17.0,10.0,17.0,1.5,1.0,75.0,10.0
3603.055838042229,70.0,0.0,17.0,10.0,17.0,1.5,1.0,75.0,10.0
3603.455838042229,70.0,0.0,17.0,10.0,17.0,1.5,1.0,75.0,10.0
3603.456438042229,70.0,0.0,17.0,10.0,17.0,1.5,1.0,75.0,10.0
3603.856438042229,70.0,0.0,17.0,10.0,17.0,1.5,1.0,75.0,10.0
3603.857038042229,70.0,0.0,17.0,10.0,17.0,1.5,1.0,75.0,10.0
3604.257038042229,70.0,0.0,17.0,10.0,17.0,1.5,1.0,75.0,10.0
3604.257638042229,70.0,0.0,17.0,10.0,17.0,1.5,1.0,75.0,10.0
3604.657638042229,70.0,0.0,17.0,10.0,17.0,1.5,1.0,75.0,10.0
3604.6582380422287,70.0,0.0,17.0,10.0,17.0,1.5,1.0,75.0,10.0
3605.058238042229,70.0,0.0,17.0,10.0,17.0,1.5,1.0,75.0,10.0
3605.0588380422287,70.0,0.0,17.0,10.0,17.0,1.5,1.0,75.0,10.0
3605.4588380422288,70.0,0.0,17.0,10.0,17.0,1.5,1.0,75.0,10.0
3605.4594380422286,70.0,0.0,17.0,10.0,17.0,1.5,1.0,75.0,10.0
3605.8594380422287,70.0,0.0,17.0,10.0,17.0,1.5,1.0,75.0,10.0
3605.8600380422286,70.0,0.0,17.0,10.0,17.0,1.5,1.0,75.0,10.0
3606.2600380422286,70.0,0.0,17.0,10.0,17.0,1.5,1.0,75.0,10.0
3606.2606380422285,70.0,0.0,17.0,10.0,17.0,1.5,1.0,75.0,10.0
3606.6606380422286,70.0,0.0,17.0,10.0,17.0,1.5,1.0,75.0,10.0
3606.6612380422284,70.0,0.0,17.0,10.0,17.0,1.5,1.0,75.0,10.0
3607.0612380422285,70.0,0.0,17.0,10.0,17.0,1.5,1.0,75.0,10.0
3607.0618380422284,70.0,0.0,17.0,10.0,17.0,1.5,1.0,75.0,10.0
3607.4618380422285,70.0,0.0,17.0,10.0,17.0,1.5,1.0,75.0,10.0
3607.4624380422283,70.0,0.0,17.0,10.0,17.0,1.5,1.0,75.0,10.0
3607.8624380422284,70.0,0.0,17.0,10.0,17.0,1.5,1.0,75.0,10.0
3607.8630380422283,70.0,0.0,17.0,10.0,17.0,1.5,1.0,75.0,10.0
3608.2630380422283,70.0,0.0,17.0,10.0,17.0,1.5,1.0,75.0,10.0
3608.263638042228,70.0,0.0,17.0,10.0,17.0,1.5,1.0,75.0,10.0
3608.6636380422283,70.0,0.0,17.0,10.0,17.0,1.5,1.0,75.0,10.0
3608.664238042228,70.0,0.0,17.0,10.0,17.0,1.5,1.0,75.0,10.0
3609.064238042228,70.0,0.0,17.0,10.0,17.0,1.5,1.0,75.0,10.0
3609.064838042228,70.0,0.0,17.0,10.0,17.0,1.5,1.0,75.0,10.0
3609.464838042228,70.0,0.0,17.0,10.0,17.0,1.5,1.0,75.0,10.0
3609.465438042228,70.0,0.0,17.0,10.0,17.0,1.5,1.0,75.0,10.0
3609.865438042228,70.0,0.0,17.0,10.0,17.0,1.5,1.0,75.0,10.0
3609.866038042228,70.0,0.0,17.0,10.0,17.0,1.5,1.0,75.0,10.0
3610.266038042228,70.0,0.0,17.0,10.0,17.0,1.5,1.0,75.0,10.0
3610.266638042228,70.0,0.0,17.0,10.0,17.0,1.5,1.0,75.0,10.0
3610.666638042228,70.0,0.0,17.0,10.0,17.0,1.5,1.0,75.0,10.0
3610.667238042228,70.0,0.0,17.0,10.0,17.0,1.5,1.0,75.0,10.0
3611.067238042228,70.0,0.0,17.0,10.0,17.0,1.5,1.0,75.0,10.0
3611.067838042228,70.0,0.0,17.0,10.0,17.0,1.5,1.0,75.0,10.0
3611.467838042228,70.0,0.0,17.0,10.0,17.0,1.5,1.0,75.0,10.0
3611.4684380422277,70.0,0.0,17.0,10.0,17.0,1.5,1.0,74.0,10.0
3611.868438042228,70.0,0.0,17.0,10.0,17.0,1.5,1.0,74.0,10.0
3611.8690380422277,70.0,0.0,17.0,10.0,17.0,1.5,1.0,74.0,10.0
3612.2690380422277,70.0,0.0,17.0,10.0,17.0,1.5,1.0,74.0,10.0
3612.2696380422276,70.0,0.0,17.0,10.0,17.0,1.5,1.0,74.0,10.0
3612.6696380422277,70.0,0.0,17.0,10.0,17.0,1.5,1.0,74.0,10.0
3612.6702380422275,70.0,0.0,17.0,10.0,17.0,1.5,1.0,74.0,10.0
3613.0702380422276,70.0,0.0,17.0,10.0,17.0,1.5,1.0,74.0,10.0
3613.0708380422275,60.0,0.0,17.0,10.0,17.0,1.5,1.0,74.0,10.0
3613.4708380422276,60.0,0.0,17.0,10.0,17.0,1.5,1.0,74.0,10.0
3613.4714380422274,60.0,0.0,17.0,10.0,17.0,1.5,1.0,74.0,10.0
3613.8714380422275,60.0,0.0,17.0,10.0,17.0,1.5,1.0,74.0,10.0
3613.8720380422274,60.0,0.0,17.0,10.0,17.0,1.5,1.0,74.0,10.0
3614.2720380422275,60.0,0.0,17.0,10.0,17.0,1.5,1.0,74.0,10.0
3614.2726380422273,60.0,0.0,17.0,10.0,17.0,1.5,1.0,74.0,10.0
3614.6726380422274,60.0,0.0,17.0,10.0,17.0,1.5,1.0,74.0,10.0
3614.6732380422272,60.0,0.0,17.0,10.0,17.0,1.5,1.0,74.0,10.0
3615.0732380422273,60.0,0.0,17.0,10.0,17.0,1.5,1.0,74.0,10.0
3615.073838042227,60.0,0.0,17.0,10.0,17.0,1.5,1.0,74.0,10.0
3615.4738380422273,60.0,0.0,17.0,10.0,17.0,1.5,1.0,74.0,10.0
3615.474438042227,60.0,0.0,17.0,10.0,17.0,1.5,1.0,74.0,10.0
3615.874438042227,60.0,0.0,17.0,10.0,17.0,1.5,1.0,74.0,10.0
3615.875038042227,60.0,0.0,17.0,10.0,17.0,1.5,1.0,74.0,10.0
3616.275038042227,60.0,0.0,17.0,10.0,17.0,1.5,1.0,74.0,10.0
3616.275638042227,60.0,0.0,17.0,10.0,17.0,1.5,1.0,74.0,10.0
3616.675638042227,60.0,0.0,17.0,10.0,17.0,1.5,1.0,74.0,10.0
3616.676238042227,60.0,0.0,17.0,10.0,17.0,1.5,1.0,74.0,10.0
3617.076238042227,60.0,0.0,17.0,10.0,17.0,1.5,1.0,74.0,10.0
3617.076838042227,60.0,0.0,17.0,10.0,17.0,1.5,1.0,74.0,10.0
3617.476838042227,60.0,0.0,17.0,10.0,17.0,1.5,1.0,74.0,10.0
3617.477438042227,60.0,0.0,17.0,10.0,17.0,1.5,1.0,74.0,10.0
3617.877438042227,60.0,0.0,17.0,10.0,17.0,1.5,1.0,74.0,10.0
3617.8780380422268,60.0,0.0,17.0,10.0,17.0,1.5,1.0,74.0,10.0
3618.278038042227,60.0,0.0,17.0,10.0,17.0,1.5,1.0,74.0,10.0
3618.2786380422267,60.0,0.0,17.0,10.0,17.0,1.5,1.0,74.0,10.0
3618.678638042227,60.0,0.0,17.0,10.0,17.0,1.5,1.0,74.0,10.0
3618.6792380422266,60.0,0.0,17.0,10.0,17.0,1.5,1.0,74.0,10.0
3619.0792380422267,60.0,0.0,17.0,10.0,17.0,1.5,1.0,74.0,10.0
3619.0798380422266,60.0,0.0,17.0,10.0,17.0,1.5,1.0,74.0,10.0
3619.4798380422267,60.0,0.0,17.0,10.0,17.0,1.5,1.0,74.0,10.0
3619.4804380422265,60.0,0.0,17.0,10.0,17.0,1.5,1.0,74.0,10.0
3619.8804380422266,60.0,0.0,17.0,10.0,17.0,1.5,1.0,74.0,10.0
3619.8810380422265,60.0,0.0,17.0,10.0,17.0,1.5,1.0,74.0,10.0
3620.2810380422266,60.0,0.0,17.0,10.0,17.0,1.5,1.0,74.0,10.0
3620.2816380422264,60.0,0.0,17.0,10.0,17.0,1.5,1.0,74.0,10.0
3620.6816380422265,60.0,0.0,17.0,10.0,17.0,1.5,1.0,74.0,10.0
3620.6822380422263,60.0,0.0,17.0,10.0,17.0,1.5,1.0,74.0,10.0
3621.0822380422264,60.0,0.0,17.0,10.0,17.0,1.5,1.0,74.0,10.0
3621.0828380422263,60.0,0.0,17.0,10.0,17.0,1.5,1.0,74.0,10.0
3621.4828380422264,60.0,0.0,17.0,10.0,17.0,1.5,1.0,74.0,10.0
3621.483438042226,60.0,0.0,17.0,10.0,17.0,1.5,1.0,74.0,10.0
3621.8834380422263,60.0,0.0,17.0,10.0,17.0,1.5,1.0,74.0,10.0
3621.884038042226,60.0,0.0,17.0,10.0,17.0,1.5,1.0,74.0,10.0
3622.2840380422263,60.0,0.0,17.0,10.0,17.0,1.5,1.0,74.0,10.0
3622.284638042226,60.0,0.0,17.0,10.0,17.0,1.5,1.0,74.0,10.0
3622.684638042226,60.0,0.0,17.0,10.0,17.0,1.5,1.0,74.0,10.0
3622.685238042226,60.0,0.0,17.0,10.0,17.0,1.5,1.0,74.0,10.0
3623.085238042226,60.0,0.0,17.0,10.0,17.0,1.5,1.0,74.0,10.0
3623.085838042226,60.0,0.0,17.0,10.0,17.0,1.5,1.0,74.0,10.0
3623.485838042226,60.0,0.0,17.0,10.0,17.0,1.5,1.0,74.0,10.0
3623.486438042226,60.0,0.0,17.0,10.0,17.0,1.5,1.0,74.0,10.0
3623.886438042226,60.0,0.0,17.0,10.0,17.0,1.5,1.0,74.0,10.0
3623.887038042226,60.0,0.0,17.0,10.0,17.0,1.5,1.0,74.0,10.0
3624.287038042226,60.0,0.0,17.0,10.0,17.0,1.5,1.0,74.0,10.0
3624.287638042226,60.0,0.0,17.0,10.0,17.0,1.5,1.0,74.0,10.0
3624.687638042226,60.0,0.0,17.0,10.0,17.0,1.5,1.0,74.0,10.0
3624.6882380422257,60.0,0.0,17.0,10.0,17.0,1.5,1.0,74.0,10.0
3625.088238042226,60.0,0.0,17.0,10.0,17.0,1.5,1.0,74.0,10.0
3625.0888380422257,60.0,0.0,17.0,10.0,17.0,1.5,1.0,74.0,10.0
3625.488838042226,60.0,0.0,17.0,10.0,17.0,1.5,1.0,74.0,10.0
3625.4894380422256,60.0,0.0,17.0,10.0,17.0,1.5,1.0,74.0,10.0
3625.8894380422257,60.0,0.0,17.0,10.0,17.0,1.5,1.0,74.0,10.0
3625.8900380422256,60.0,0.0,17.0,10.0,17.0,1.5,1.0,74.0,10.0
3626.2900380422257,60.0,0.0,17.0,10.0,17.0,1.5,1.0,74.0,10.0
3626.2906380422255,60.0,0.0,17.0,10.0,17.0,1.5,1.0,74.0,10.0
3626.6906380422256,60.0,0.0,17.0,10.0,17.0,1.5,1.0,74.0,10.0
3626.6912380422255,60.0,0.0,17.0,10.0,17.0,1.5,1.0,74.0,10.0
3627.0912380422255,60.0,0.0,17.0,10.0,17.0,1.5,1.0,74.0,10.0
3627.0918380422254,60.0,0.0,17.0,10.0,17.0,1.5,1.0,74.0,10.0
3627.4918380422255,60.0,0.0,17.0,10.0,17.0,1.5,1.0,74.0,10.0
3627.4924380422253,70.0,0.0,17.0,10.0,17.0,1.5,1.0,74.0,10.0
3627.8924380422254,70.0,0.0,17.0,10.0,17.0,1.5,1.0,74.0,10.0
3627.8930380422253,70.0,0.0,17.0,10.0,17.0,1.5,1.0,74.0,10.0
3628.2930380422254,70.0,0.0,17.0,10.0,17.0,1.5,1.0,74.0,10.0
3628.293638042225,70.0,0.0,17.0,10.0,17.0,1.5,1.0,74.0,10.0
3628.6936380422253,70.0,0.0,17.0,10.0,17.0,1.5,1.0,74.0,10.0
3628.694238042225,60.0,0.0,17.0,10.0,17.0,1.5,1.0,74.0,10.0
3629.0942380422252,60.0,0.0,17.0,10.0,17.0,1.5,1.0,74.0,10.0
3629.094838042225,60.0,0.0,17.0,10.0,17.0,1.5,1.0,74.0,10.0
3629.494838042225,60.0,0.0,17.0,10.0,17.0,1.5,1.0,74.0,10.0
3629.495438042225,60.0,0.0,17.0,10.0,17.0,1.5,1.0,74.0,10.0
3629.895438042225,60.0,0.0,17.0,10.0,17.0,1.5,1.0,74.0,10.0
3629.896038042225,60.0,0.0,17.0,10.0,17.0,1.5,1.0,74.0,10.0
3630.296038042225,60.0,0.0,17.0,10.0,17.0,1.5,1.0,74.0,10.0
3630.296638042225,60.0,0.0,17.0,10.0,18.0,1.5,1.0,74.0,10.0
3630.696638042225,60.0,0.0,17.0,10.0,18.0,1.5,1.0,74.0,10.0
3630.697238042225,60.0,0.0,17.0,10.0,18.0,1.5,1.0,74.0,10.0
3631.097238042225,60.0,0.0,17.0,10.0,18.0,1.5,1.0,74.0,10.0
3631.097838042225,60.0,0.0,17.0,10.0,18.0,1.5,1.0,74.0,10.0
3631.497838042225,60.0,0.0,17.0,10.0,18.0,1.5,1.0,74.0,10.0
3631.4984380422247,60.0,0.0,17.0,10.0,18.0,1.5,1.0,74.0,10.0
3631.898438042225,60.0,0.0,17.0,10.0,18.0,1.5,1.0,74.0,10.0
3631.8990380422247,60.0,0.0,17.0,10.0,18.0,1.5,1.0,74.0,10.0
3632.2990380422248,60.0,0.0,17.0,10.0,18.0,1.5,1.0,74.0,10.0
3632.2996380422246,60.0,0.0,17.0,10.0,18.0,1.5,1.0,74.0,10.0
3632.6996380422247,60.0,0.0,17.0,10.0,18.0,1.5,1.0,74.0,10.0
3632.7002380422246,60.0,0.0,17.0,10.0,18.0,1.5,1.0,74.0,10.0
3633.1002380422246,60.0,0.0,17.0,10.0,18.0,1.5,1.0,74.0,10.0
3633.1008380422245,60.0,0.0,17.0,10.0,18.0,1.5,1.0,74.0,10.0
3633.5008380422246,60.0,0.0,17.0,10.0,18.0,1.5,1.0,74.0,10.0
3633.5014380422244,60.0,0.0,17.0,10.0,18.0,1.5,1.0,74.0,10.0
3633.9014380422245,60.0,0.0,17.0,10.0,18.0,1.5,1.0,74.0,10.0
3633.9020380422244,60.0,0.0,17.0,10.0,18.0,1.5,1.0,74.0,10.0
3634.3020380422245,60.0,0.0,17.0,10.0,18.0,1.5,1.0,74.0,10.0
3634.3026380422243,60.0,0.0,17.0,10.0,18.0,1.5,1.0,74.0,10.0
3634.7026380422244,60.0,0.0,17.0,10.0,18.0,1.5,1.0,74.0,10.0
3634.7032380422243,60.0,0.0,17.0,10.0,18.0,1.5,1.0,74.0,10.0
3635.1032380422243,60.0,0.0,17.0,10.0,18.0,1.5,1.0,74.0,10.0
3635.103838042224,60.0,0.0,17.0,10.0,18.0,1.5,1.0,74.0,10.0
3635.5038380422243,60.0,0.0,17.0,10.0,18.0,1.5,1.0,74.0,10.0
3635.504438042224,60.0,0.0,17.0,10.0,18.0,1.5,1.0,74.0,10.0
3635.9044380422242,60.0,0.0,17.0,10.0,18.0,1.5,1.0,74.0,10.0
3635.905038042224,60.0,0.0,17.0,10.0,18.0,1.5,1.0,74.0,10.0
3636.305038042224,60.0,0.0,17.0,10.0,18.0,1.5,1.0,74.0,10.0
3636.305638042224,60.0,0.0,17.0,10.0,18.0,1.5,1.0,74.0,10.0
3636.705638042224,60.0,0.0,17.0,10.0,18.0,1.5,1.0,74.0,10.0
3636.706238042224,60.0,0.0,17.0,10.0,18.0,1.5,1.0,74.0,10.0
3637.106238042224,60.0,0.0,17.0,10.0,18.0,1.5,1.0,74.0,10.0
3637.106838042224,60.0,0.0,17.0,10.0,18.0,1.5,1.0,74.0,10.0
3637.506838042224,60.0,0.0,17.0,10.0,18.0,1.5,1.0,74.0,10.0
3637.507438042224,60.0,0.0,17.0,10.0,18.0,1.5,1.0,74.0,10.0
3637.907438042224,60.0,0.0,17.0,10.0,18.0,1.5,1.0,74.0,10.0
3637.908038042224,60.0,0.0,17.0,10.0,18.0,1.5,1.0,74.0,10.0
3638.308038042224,60.0,0.0,17.0,10.0,18.0,1.5,1.0,74.0,10.0
3638.3086380422237,60.0,0.0,17.0,10.0,18.0,1.5,1.0,74.0,10.0
3638.708638042224,60.0,0.0,17.0,10.0,18.0,1.5,1.0,74.0,10.0
3638.7092380422237,60.0,0.0,17.0,10.0,18.0,1.5,1.0,74.0,10.0
3639.1092380422238,60.0,0.0,17.0,10.0,18.0,1.5,1.0,74.0,10.0
3639.1098380422236,60.0,0.0,17.0,10.0,18.0,1.5,1.0,74.0,10.0
3639.5098380422237,60.0,0.0,17.0,10.0,18.0,1.5,1.0,74.0,10.0
3639.5104380422235,60.0,0.0,17.0,10.0,18.0,1.5,1.0,74.0,10.0
3639.9104380422236,60.0,0.0,17.0,10.0,18.0,1.5,1.0,74.0,10.0
3639.9110380422235,60.0,0.0,17.0,10.0,18.0,1.5,1.0,74.0,10.0
3640.3110380422236,60.0,0.0,17.0,10.0,18.0,1.5,1.0,74.0,10.0
3640.3116380422234,60.0,0.0,17.0,10.0,18.0,1.5,1.0,74.0,10.0
3640.7116380422235,60.0,0.0,17.0,10.0,18.0,1.5,1.0,74.0,10.0
3640.7122380422234,60.0,0.0,17.0,10.0,18.0,1.5,1.0,74.0,10.0
3641.1122380422235,60.0,0.0,17.0,10.0,18.0,1.5,1.0,74.0,10.0
3641.1128380422233,60.0,0.0,17.0,10.0,18.0,1.5,1.0,74.0,10.0
3641.5128380422234,60.0,0.0,17.0,10.0,18.0,1.5,1.0,74.0,10.0
3641.5134380422232,60.0,0.0,17.0,10.0,18.0,1.5,1.0,74.0,10.0
3641.9134380422233,60.0,0.0,17.0,10.0,18.0,1.5,1.0,74.0,10.0
3641.914038042223,60.0,0.0,17.0,10.0,18.0,1.5,1.0,74.0,10.0
3642.3140380422233,60.0,0.0,17.0,10.0,18.0,1.5,1.0,74.0,10.0
3642.314638042223,60.0,0.0,17.0,10.0,18.0,1.5,1.0,74.0,10.0
3642.714638042223,60.0,0.0,17.0,10.0,18.0,1.5,1.0,74.0,10.0
3642.715238042223,60.0,0.0,17.0,10.0,18.0,1.5,1.0,74.0,10.0
3643.115238042223,60.0,0.0,17.0,10.0,18.0,1.5,1.0,74.0,10.0
3643.115838042223,60.0,0.0,17.0,10.0,18.0,1.5,1.0,74.0,10.0
3643.515838042223,60.0,0.0,17.0,10.0,18.0,1.5,1.0,74.0,10.0
3643.516438042223,60.0,0.0,17.0,10.0,18.0,1.5,1.0,74.0,10.0
3643.916438042223,60.0,0.0,17.0,10.0,18.0,1.5,1.0,74.0,10.0
3643.917038042223,60.0,0.0,17.0,10.0,18.0,1.5,1.0,74.0,10.0
3644.317038042223,60.0,0.0,17.0,10.0,18.0,1.5,1.0,74.0,10.0
3644.317638042223,60.0,0.0,17.0,10.0,18.0,1.5,1.0,74.0,10.0
3644.717638042223,60.0,0.0,17.0,10.0,18.0,1.5,1.0,74.0,10.0
3644.7182380422228,60.0,0.0,17.0,10.0,18.0,1.5,1.0,74.0,10.0
3645.118238042223,60.0,0.0,17.0,10.0,18.0,1.5,1.0,74.0,10.0
3645.1188380422227,60.0,0.0,17.0,10.0,18.0,1.5,1.0,74.0,10.0
3645.518838042223,60.0,0.0,17.0,10.0,18.0,1.5,1.0,74.0,10.0
3645.5194380422226,60.0,0.0,17.0,10.0,18.0,1.5,1.0,74.0,10.0
3645.9194380422227,60.0,0.0,17.0,10.0,18.0,1.5,1.0,74.0,10.0
3645.9200380422226,60.0,0.0,17.0,10.0,18.0,1.5,1.0,74.0,10.0
3646.3200380422227,60.0,0.0,17.0,10.0,18.0,1.5,1.0,74.0,10.0
3646.3206380422225,60.0,0.0,17.0,10.0,18.0,1.5,1.0,74.0,10.0
3646.7206380422226,60.0,0.0,17.0,10.0,18.0,1.5,1.0,74.0,10.0
3646.7212380422225,60.0,0.0,17.0,10.0,18.0,1.5,1.0,74.0,10.0
3647.1212380422226,60.0,0.0,17.0,10.0,18.0,1.5,1.0,74.0,10.0
3647.1218380422224,60.0,0.0,17.0,10.0,18.0,1.5,1.0,74.0,10.0
3647.5218380422225,60.0,0.0,17.0,10.0,18.0,1.5,1.0,74.0,10.0
3647.5224380422223,60.0,0.0,17.0,10.0,18.0,1.5,1.0,74.0,10.0
3647.9224380422224,60.0,0.0,17.0,10.0,18.0,1.5,1.0,74.0,10.0
3647.9230380422223,60.0,0.0,17.0,10.0,18.0,1.5,1.0,74.0,10.0
3648.3230380422224,60.0,0.0,17.0,10.0,18.0,1.5,1.0,74.0,10.0
3648.3236380422222,60.0,0.0,17.0,10.0,18.0,1.5,1.0,74.0,10.0
3648.7236380422223,60.0,0.0,17.0,10.0,18.0,1.5,1.0,74.0,10.0
3648.724238042222,60.0,0.0,17.0,10.0,18.0,1.5,1.0,74.0,10.0
3649.1242380422223,60.0,0.0,17.0,10.0,18.0,1.5,1.0,74.0,10.0
3649.124838042222,60.0,0.0,17.0,10.0,18.0,1.5,1.0,74.0,10.0
3649.524838042222,60.0,0.0,17.0,10.0,18.0,1.5,1.0,74.0,10.0
3649.525438042222,60.0,0.0,17.0,10.0,18.0,1.5,1.0,74.0,10.0
3649.925438042222,60.0,0.0,17.0,10.0,18.0,1.5,1.0,74.0,10.0
3649.926038042222,60.0,0.0,17.0,10.0,18.0,1.5,1.0,74.0,10.0
3650.326038042222,60.0,0.0,17.0,10.0,18.0,1.5,1.0,74.0,10.0
3650.326638042222,60.0,0.0,17.0,10.0,18.0,1.5,1.0,74.0,10.0
3650.726638042222,60.0,0.0,17.0,10.0,18.0,1.5,1.0,74.0,10.0
3650.727238042222,60.0,0.0,17.0,10.0,18.0,1.5,1.0,74.0,10.0
3651.127238042222,60.0,0.0,17.0,10.0,18.0,1.5,1.0,74.0,10.0
3651.127838042222,60.0,0.0,17.0,10.0,18.0,1.5,1.0,74.0,10.0
3651.527838042222,60.0,0.0,17.0,10.0,18.0,1.5,1.0,74.0,10.0
3651.5284380422218,60.0,0.0,17.0,10.0,18.0,1.5,1.0,74.0,10.0
3651.928438042222,60.0,0.0,17.0,10.0,18.0,1.5,1.0,74.0,10.0
3651.9290380422217,60.0,0.0,17.0,10.0,18.0,1.5,1.0,74.0,10.0
3652.329038042222,60.0,0.0,17.0,10.0,18.0,1.5,1.0,74.0,10.0
3652.3296380422216,60.0,0.0,17.0,10.0,18.0,1.5,1.0,74.0,10.0
3652.7296380422217,60.0,0.0,17.0,10.0,18.0,1.5,1.0,74.0,10.0
3652.7302380422216,60.0,0.0,17.0,10.0,18.0,1.5,1.0,74.0,10.0
3653.1302380422217,60.0,0.0,17.0,10.0,18.0,1.5,1.0,74.0,10.0
3653.1308380422215,60.0,0.0,17.0,10.0,18.0,1.5,1.0,74.0,10.0
3653.5308380422216,60.0,0.0,17.0,10.0,18.0,1.5,1.0,74.0,10.0
3653.5314380422215,60.0,0.0,17.0,10.0,18.0,1.5,1.0,74.0,10.0
3653.9314380422215,60.0,0.0,17.0,10.0,18.0,1.5,1.0,74.0,10.0
3653.9320380422214,60.0,0.0,17.0,10.0,18.0,1.5,1.0,74.0,10.0
3654.3320380422215,60.0,0.0,17.0,10.0,18.0,1.5,1.0,74.0,10.0
3654.3326380422213,60.0,0.0,17.0,10.0,18.0,1.5,1.0,74.0,10.0
3654.7326380422214,60.0,0.0,17.0,10.0,18.0,1.5,1.0,74.0,10.0
3654.7332380422213,60.0,0.0,17.0,10.0,18.0,1.5,1.0,74.0,10.0
3655.1332380422214,60.0,0.0,17.0,10.0,18.0,1.5,1.0,74.0,10.0
3655.133838042221,60.0,0.0,17.0,10.0,18.0,1.5,1.0,74.0,10.0
3655.5338380422213,60.0,0.0,17.0,10.0,18.0,1.5,1.0,74.0,10.0
3655.534438042221,60.0,0.0,17.0,10.0,18.0,1.5,1.0,74.0,10.0
3655.9344380422212,60.0,0.0,17.0,10.0,18.0,1.5,1.0,74.0,10.0
3655.935038042221,60.0,0.0,17.0,10.0,18.0,1.5,1.0,74.0,10.0
3656.335038042221,60.0,0.0,17.0,10.0,18.0,1.5,1.0,74.0,10.0
3656.335638042221,60.0,0.0,17.0,10.0,18.0,1.5,1.0,74.0,10.0
3656.735638042221,60.0,0.0,17.0,10.0,18.0,1.5,1.0,74.0,10.0
3656.736238042221,60.0,0.0,17.0,10.0,18.0,1.5,1.0,74.0,10.0
3657.136238042221,60.0,0.0,17.0,10.0,18.0,1.5,1.0,74.0,10.0
3657.136838042221,60.0,0.0,17.0,10.0,18.0,1.5,1.0,74.0,10.0
3657.536838042221,60.0,0.0,17.0,10.0,18.0,1.5,1.0,74.0,10.0
3657.537438042221,60.0,0.0,17.0,10.0,18.0,1.5,1.0,74.0,10.0
3657.937438042221,60.0,0.0,17.0,10.0,18.0,1.5,1.0,74.0,10.0
3657.938038042221,60.0,0.0,17.0,10.0,18.0,1.5,1.0,74.0,10.0
3658.338038042221,60.0,0.0,17.0,10.0,18.0,1.5,1.0,74.0,10.0
3658.3386380422207,70.0,0.0,17.0,10.0,18.0,1.5,1.0,74.0,10.0
3658.738638042221,70.0,0.0,17.0,10.0,18.0,1.5,1.0,74.0,10.0
3658.7392380422207,70.0,0.0,17.0,10.0,18.0,1.5,1.0,74.0,10.0
3659.1392380422208,70.0,0.0,17.0,10.0,18.0,1.5,1.0,74.0,10.0
3659.1398380422206,70.0,0.0,17.0,10.0,18.0,1.5,1.0,74.0,10.0
3659.5398380422207,70.0,0.0,17.0,10.0,18.0,1.5,1.0,74.0,10.0
3659.5404380422206,70.0,0.0,17.0,10.0,18.0,1.5,1.0,74.0,10.0
3659.9404380422206,70.0,0.0,17.0,10.0,18.0,1.5,1.0,74.0,10.0
3659.9410380422205,70.0,0.0,17.0,10.0,18.0,1.5,1.0,74.0,10.0
3660.3410380422206,70.0,0.0,17.0,10.0,18.0,1.5,1.0,74.0,10.0
3660.3416380422204,70.0,0.0,17.0,10.0,18.0,1.5,1.0,74.0,10.0
3660.7416380422205,70.0,0.0,17.0,10.0,18.0,1.5,1.0,74.0,10.0
3660.7422380422204,70.0,0.0,17.0,10.0,18.0,1.5,1.0,74.0,10.0
3661.1422380422205,70.0,0.0,17.0,10.0,18.0,1.5,1.0,74.0,10.0
3661.1428380422203,70.0,0.0,17.0,10.0,18.0,1.5,1.0,74.0,10.0
3661.5428380422204,70.0,0.0,17.0,10.0,18.0,1.5,1.0,74.0,10.0
3661.5434380422203,70.0,0.0,17.0,10.0,18.0,1.5,1.0,74.0,10.0
3661.9434380422204,70.0,0.0,17.0,10.0,18.0,1.5,1.0,74.0,10.0
3661.94403804222,70.0,0.0,17.0,10.0,18.0,1.5,1.0,74.0,10.0
3662.3440380422203,70.0,0.0,17.0,10.0,18.0,1.5,1.0,74.0,10.0
3662.34463804222,70.0,0.0,17.0,10.0,18.0,1.5,1.0,74.0,10.0
3662.7446380422202,70.0,0.0,17.0,10.0,18.0,1.5,1.0,74.0,10.0
3662.74523804222,70.0,0.0,17.0,10.0,18.0,1.5,1.0,74.0,10.0
3663.14523804222,70.0,0.0,17.0,10.0,18.0,1.5,1.0,74.0,10.0
3663.14583804222,70.0,0.0,17.0,10.0,18.0,1.5,1.0,74.0,10.0
3663.54583804222,70.0,0.0,17.0,10.0,18.0,1.5,1.0,74.0,10.0
3663.54643804222,70.0,0.0,17.0,10.0,18.0,1.5,1.0,74.0,10.0
3663.94643804222,70.0,0.0,17.0,10.0,18.0,1.5,1.0,74.0,10.0
3663.94703804222,70.0,0.0,17.0,10.0,18.0,1.5,1.0,74.0,10.0
3664.34703804222,70.0,0.0,17.0,10.0,18.0,1.5,1.0,74.0,10.0
3664.34763804222,70.0,0.0,17.0,10.0,18.0,1.5,1.0,74.0,10.0
3664.74763804222,70.0,0.0,17.0,10.0,18.0,1.5,1.0,74.0,10.0
3664.74823804222,70.0,0.0,17.0,10.0,18.0,1.5,1.0,74.0,10.0
3665.14823804222,70.0,0.0,17.0,10.0,18.0,1.5,1.0,74.0,10.0
3665.1488380422197,70.0,0.0,17.0,10.0,18.0,1.5,1.0,74.0,10.0
3665.54883804222,70.0,0.0,17.0,10.0,18.0,1.5,1.0,74.0,10.0
3665.5494380422197,70.0,0.0,17.0,10.0,18.0,1.5,1.0,74.0,10.0
3665.9494380422198,70.0,0.0,17.0,10.0,18.0,1.5,1.0,74.0,10.0
3665.9500380422196,70.0,0.0,17.0,10.0,18.0,1.5,1.0,74.0,10.0
3666.3500380422197,70.0,0.0,17.0,10.0,18.0,1.5,1.0,74.0,10.0
3666.3506380422195,70.0,0.0,17.0,10.0,18.0,1.5,1.0,74.0,10.0
3666.7506380422196,70.0,0.0,17.0,10.0,18.0,1.5,1.0,74.0,10.0
3666.7512380422195,70.0,0.0,17.0,10.0,18.0,1.5,1.0,74.0,10.0
3667.1512380422196,70.0,0.0,17.0,10.0,18.0,1.5,1.0,74.0,10.0
3667.1518380422194,70.0,0.0,17.0,10.0,18.0,1.5,1.0,74.0,10.0
3667.5518380422195,70.0,0.0,17.0,10.0,18.0,1.5,1.0,74.0,10.0
3667.5524380422194,70.0,0.0,17.0,10.0,18.0,1.5,1.0,74.0,10.0
3667.9524380422195,70.0,0.0,17.0,10.0,18.0,1.5,1.0,74.0,10.0
3667.9530380422193,70.0,0.0,17.0,10.0,18.0,1.5,1.0,74.0,10.0
3668.3530380422194,70.0,0.0,17.0,10.0,18.0,1.5,1.0,74.0,10.0
3668.3536380422192,70.0,0.0,17.0,10.0,18.0,1.5,1.0,74.0,10.0
3668.7536380422193,70.0,0.0,17.0,10.0,18.0,1.5,1.0,74.0,10.0
3668.754238042219,70.0,0.0,17.0,10.0,18.0,1.5,1.0,74.0,10.0
3669.1542380422193,70.0,0.0,17.0,10.0,18.0,1.5,1.0,74.0,10.0
3669.154838042219,70.0,0.0,17.0,10.0,18.0,1.5,1.0,74.0,10.0
3669.554838042219,70.0,0.0,17.0,10.0,18.0,1.5,1.0,74.0,10.0
3669.555438042219,70.0,0.0,17.0,10.0,18.0,1.5,1.0,74.0,10.0
3669.955438042219,70.0,0.0,17.0,10.0,18.0,1.5,1.0,74.0,10.0
3669.956038042219,80.0,0.0,17.0,10.0,18.0,1.5,1.0,74.0,10.0
3670.356038042219,80.0,0.0,17.0,10.0,18.0,1.5,1.0,74.0,10.0
3670.356638042219,80.0,0.0,18.0,10.0,18.0,1.5,1.0,74.0,10.0
3670.756638042219,80.0,0.0,18.0,10.0,18.0,1.5,1.0,74.0,10.0
3670.757238042219,80.0,0.0,18.0,10.0,18.0,6.5,1.0,74.0,10.0
3671.157238042219,80.0,0.0,18.0,10.0,18.0,6.5,1.0,74.0,10.0
3671.157838042219,80.0,0.0,18.0,10.0,18.0,6.5,1.0,74.0,10.0
3671.557838042219,80.0,0.0,18.0,10.0,18.0,6.5,1.0,74.0,10.0
3671.5584380422188,80.0,0.0,18.0,10.0,18.0,6.5,1.0,74.0,10.0
3671.958438042219,80.0,0.0,18.0,10.0,18.0,6.5,1.0,74.0,10.0
3671.9590380422187,80.0,0.0,18.0,10.0,18.0,6.5,1.0,74.0,10.0
3672.359038042219,80.0,0.0,18.0,10.0,18.0,6.5,1.0,74.0,10.0
3672.3596380422186,80.0,0.0,18.0,10.0,18.0,6.5,1.0,74.0,10.0
3672.7596380422187,80.0,0.0,18.0,10.0,18.0,6.5,1.0,74.0,10.0
3672.7602380422186,80.0,0.0,18.0,10.0,18.0,6.5,1.0,74.0,10.0
3673.1602380422187,80.0,0.0,18.0,10.0,18.0,6.5,1.0,74.0,10.0
3673.1608380422185,80.0,0.0,18.0,10.0,18.0,6.5,1.0,74.0,10.0
3673.5608380422186,80.0,0.0,18.0,10.0,18.0,6.5,1.0,74.0,10.0
3673.5614380422185,80.0,0.0,18.0,10.0,18.0,6.5,1.0,74.0,10.0
3673.9614380422186,80.0,0.0,18.0,10.0,18.0,6.5,1.0,74.0,10.0
3673.9620380422184,80.0,0.0,18.0,10.0,18.0,6.5,1.0,74.0,10.0
3674.3620380422185,80.0,0.0,18.0,10.0,18.0,6.5,1.0,74.0,10.0
3674.3626380422184,80.0,0.0,18.0,10.0,18.0,6.5,1.0,74.0,10.0
3674.7626380422184,80.0,0.0,18.0,10.0,18.0,6.5,1.0,74.0,10.0
3674.7632380422183,80.0,0.0,18.0,10.0,18.0,6.5,1.0,74.0,10.0
3675.1632380422184,80.0,0.0,18.0,10.0,18.0,6.5,1.0,74.0,10.0
3675.1638380422182,80.0,0.0,18.0,10.0,18.0,6.5,1.0,74.0,10.0
3675.5638380422183,80.0,0.0,18.0,10.0,18.0,6.5,1.0,74.0,10.0
3675.564438042218,80.0,0.0,18.0,10.0,18.0,6.5,1.0,74.0,10.0
3675.9644380422183,80.0,0.0,18.0,10.0,18.0,6.5,1.0,74.0,10.0
3675.965038042218,80.0,0.0,18.0,10.0,18.0,6.5,1.0,74.0,10.0
3676.365038042218,80.0,0.0,18.0,10.0,18.0,6.5,1.0,74.0,10.0
3676.365638042218,80.0,0.0,18.0,10.0,18.0,6.5,1.0,74.0,10.0
3676.765638042218,80.0,0.0,18.0,10.0,18.0,6.5,1.0,74.0,10.0
3676.766238042218,90.0,0.0,18.0,10.0,18.0,6.5,1.0,74.0,10.0
3677.166238042218,90.0,0.0,18.0,10.0,18.0,6.5,1.0,74.0,10.0
3677.166838042218,90.0,0.0,18.0,10.0,18.0,6.5,1.0,74.0,10.0
3677.566838042218,90.0,0.0,18.0,10.0,18.0,6.5,1.0,74.0,10.0
3677.567438042218,90.0,0.0,18.0,10.0,18.0,6.5,1.0,74.0,10.0
3677.967438042218,90.0,0.0,18.0,10.0,18.0,6.5,1.0,74.0,10.0
3677.968038042218,90.0,0.0,18.0,10.0,18.0,6.5,1.0,74.0,10.0
3678.368038042218,90.0,0.0,18.0,10.0,18.0,6.5,1.0,74.0,10.0
3678.3686380422178,90.0,0.0,18.0,10.0,18.0,6.5,1.0,74.0,10.0
3678.768638042218,90.0,0.0,18.0,10.0,18.0,6.5,1.0,74.0,10.0
3678.7692380422177,90.0,0.0,18.0,10.0,18.0,6.5,1.0,74.0,10.0
3679.169238042218,90.0,0.0,18.0,10.0,18.0,6.5,1.0,74.0,10.0
3679.1698380422176,90.0,0.0,18.0,10.0,18.0,6.5,1.0,74.0,10.0
3679.5698380422177,90.0,0.0,18.0,10.0,18.0,6.5,1.0,74.0,10.0
3679.5704380422176,90.0,0.0,18.0,10.0,18.0,6.5,1.0,74.0,10.0
3679.9704380422177,90.0,0.0,18.0,10.0,18.0,6.5,1.0,74.0,10.0
3679.9710380422175,90.0,0.0,18.0,10.0,18.0,6.5,1.0,74.0,10.0
3680.3710380422176,90.0,0.0,18.0,10.0,18.0,6.5,1.0,74.0,10.0
3680.3716380422175,90.0,0.0,18.0,10.0,18.0,6.5,1.0,74.0,10.0
3680.7716380422175,90.0,0.0,18.0,10.0,18.0,6.5,1.0,74.0,10.0
3680.7722380422174,90.0,0.0,18.0,10.0,18.0,6.5,1.0,74.0,10.0
3681.1722380422175,90.0,0.0,18.0,10.0,18.0,6.5,1.0,74.0,10.0
3681.1728380422173,90.0,0.0,18.0,10.0,18.0,6.5,1.0,74.0,10.0
3681.5728380422174,90.0,0.0,18.0,10.0,18.0,6.5,1.0,74.0,10.0
3681.5734380422173,90.0,0.0,18.0,10.0,18.0,6.5,1.0,74.0,10.0
3681.9734380422174,90.0,0.0,18.0,10.0,18.0,6.5,1.0,74.0,10.0
3681.974038042217,90.0,0.0,18.0,10.0,18.0,6.5,1.0,74.0,10.0
3682.3740380422173,90.0,0.0,18.0,10.0,18.0,6.5,1.0,74.0,10.0
3682.374638042217,90.0,0.0,18.0,10.0,18.0,6.5,1.0,74.0,10.0
3682.7746380422172,90.0,0.0,18.0,10.0,18.0,6.5,1.0,74.0,10.0
3682.775238042217,90.0,0.0,18.0,10.0,18.0,6.5,1.0,74.0,10.0
3683.175238042217,90.0,0.0,18.0,10.0,18.0,6.5,1.0,74.0,10.0
3683.175838042217,90.0,0.0,18.0,10.0,18.0,6.5,1.0,74.0,10.0
3683.575838042217,90.0,0.0,18.0,10.0,18.0,6.5,1.0,74.0,10.0
3683.576438042217,90.0,0.0,18.0,10.0,18.0,6.5,1.0,74.0,10.0
3683.976438042217,90.0,0.0,18.0,10.0,18.0,6.5,1.0,74.0,10.0
3683.977038042217,90.0,0.0,18.0,10.0,18.0,6.5,1.0,74.0,10.0
3684.377038042217,90.0,0.0,18.0,10.0,18.0,6.5,1.0,74.0,10.0
3684.377638042217,90.0,0.0,18.0,10.0,18.0,6.5,1.0,74.0,10.0
3684.777638042217,90.0,0.0,18.0,10.0,18.0,6.5,1.0,74.0,10.0
3684.778238042217,90.0,0.0,18.0,10.0,18.0,6.5,1.0,74.0,10.0
3685.178238042217,90.0,0.0,18.0,10.0,18.0,6.5,1.0,74.0,10.0
3685.1788380422167,90.0,0.0,18.0,10.0,18.0,6.5,1.0,74.0,10.0
3685.578838042217,90.0,0.0,18.0,10.0,18.0,6.5,1.0,74.0,10.0
3685.5794380422167,90.0,0.0,18.0,10.0,18.0,6.5,1.0,74.0,10.0
3685.9794380422168,90.0,0.0,18.0,10.0,18.0,6.5,1.0,74.0,10.0
3685.9800380422166,90.0,0.0,18.0,10.0,18.0,6.5,1.0,74.0,10.0
3686.3800380422167,90.0,0.0,18.0,10.0,18.0,6.5,1.0,74.0,10.0
3686.3806380422166,90.0,0.0,18.0,10.0,18.0,6.5,1.0,74.0,10.0
3686.7806380422167,90.0,0.0,18.0,10.0,18.0,6.5,1.0,74.0,10.0
3686.7812380422165,90.0,0.0,18.0,10.0,18.0,6.5,1.0,74.0,10.0
3687.1812380422166,90.0,0.0,18.0,10.0,18.0,6.5,1.0,74.0,10.0
3687.1818380422164,90.0,0.0,18.0,10.0,18.0,6.5,1.0,74.0,10.0
3687.5818380422165,90.0,0.0,18.0,10.0,18.0,6.5,1.0,74.0,10.0
3687.5824380422164,90.0,0.0,18.0,10.0,18.0,6.5,1.0,74.0,10.0
3687.9824380422165,90.0,0.0,18.0,10.0,18.0,6.5,1.0,74.0,10.0
3687.9830380422163,90.0,0.0,18.0,10.0,18.0,6.5,1.0,74.0,10.0
3688.3830380422164,90.0,0.0,18.0,10.0,18.0,6.5,1.0,74.0,10.0
3688.3836380422163,90.0,0.0,18.0,10.0,18.0,6.5,1.0,74.0,10.0
3688.7836380422164,90.0,0.0,18.0,10.0,18.0,6.5,1.0,74.0,10.0
3688.784238042216,90.0,0.0,18.0,10.0,18.0,6.5,1.0,74.0,10.0
3689.1842380422163,90.0,0.0,18.0,10.0,18.0,6.5,1.0,74.0,10.0
3689.184838042216,90.0,0.0,18.0,10.0,18.0,6.5,1.0,74.0,10.0
3689.5848380422162,90.0,0.0,18.0,10.0,18.0,6.5,1.0,74.0,10.0
3689.585438042216,90.0,0.0,18.0,10.0,18.0,6.5,1.0,74.0,10.0
3689.985438042216,90.0,0.0,18.0,10.0,18.0,6.5,1.0,74.0,10.0
3689.986038042216,90.0,0.0,18.0,10.0,18.0,6.5,1.0,74.0,10.0
3690.386038042216,90.0,0.0,18.0,10.0,18.0,6.5,1.0,74.0,10.0
3690.386638042216,90.0,0.0,18.0,10.0,18.0,6.5,1.0,74.0,10.0
3690.786638042216,90.0,0.0,18.0,10.0,18.0,6.5,1.0,74.0,10.0
3690.787238042216,90.0,0.0,18.0,10.0,18.0,6.5,1.0,74.0,10.0
3691.187238042216,90.0,0.0,18.0,10.0,18.0,6.5,1.0,74.0,10.0
3691.187838042216,90.0,0.0,18.0,10.0,18.0,6.5,1.0,74.0,10.0
3691.587838042216,90.0,0.0,18.0,10.0,18.0,6.5,1.0,74.0,10.0
3691.588438042216,90.0,0.0,18.0,10.0,18.0,6.5,1.0,74.0,10.0
3691.988438042216,90.0,0.0,18.0,10.0,18.0,6.5,1.0,74.0,10.0
3691.9890380422157,90.0,0.0,18.0,10.0,18.0,6.5,1.0,74.0,10.0
3692.389038042216,90.0,0.0,18.0,10.0,18.0,6.5,1.0,74.0,10.0
3692.3896380422157,90.0,0.0,18.0,10.0,18.0,6.5,1.0,74.0,10.0
3692.7896380422158,90.0,0.0,18.0,10.0,18.0,6.5,1.0,74.0,10.0
3692.7902380422156,90.0,0.0,18.0,10.0,18.0,6.5,1.0,74.0,10.0
3693.1902380422157,90.0,0.0,18.0,10.0,18.0,6.5,1.0,74.0,10.0
3693.1908380422155,90.0,0.0,18.0,10.0,18.0,6.5,1.0,74.0,10.0
3693.5908380422156,90.0,0.0,18.0,10.0,18.0,6.5,1.0,74.0,10.0
3693.5914380422155,90.0,0.0,18.0,10.0,18.0,6.5,1.0,74.0,10.0
3693.9914380422156,90.0,0.0,18.0,10.0,18.0,6.5,1.0,74.0,10.0
3693.9920380422154,90.0,0.0,18.0,10.0,18.0,6.5,1.0,74.0,10.0
3694.3920380422155,90.0,0.0,18.0,10.0,18.0,6.5,1.0,74.0,10.0
3694.3926380422154,90.0,0.0,18.0,10.0,18.0,6.5,1.0,74.0,10.0
3694.7926380422155,90.0,0.0,18.0,10.0,18.0,6.5,1.0,74.0,10.0
3694.7932380422153,90.0,0.0,18.0,10.0,18.0,6.5,1.0,74.0,10.0
3695.1932380422154,90.0,0.0,18.0,10.0,18.0,6.5,1.0,74.0,10.0
3695.1938380422152,90.0,0.0,18.0,10.0,18.0,6.5,1.0,74.0,10.0
3695.5938380422153,90.0,0.0,18.0,10.0,18.0,6.5,1.0,74.0,10.0
3695.594438042215,90.0,0.0,18.0,10.0,18.0,4.5,1.0,75.0,10.0
3695.9944380422153,90.0,0.0,18.0,10.0,18.0,4.5,1.0,75.0,10.0
3695.995038042215,90.0,0.0,18.0,10.0,18.0,4.5,1.0,75.0,10.0
3696.395038042215,90.0,0.0,18.0,10.0,18.0,4.5,1.0,75.0,10.0
3696.395638042215,90.0,0.0,18.0,10.0,18.0,4.5,1.0,75.0,10.0
3696.795638042215,90.0,0.0,18.0,10.0,18.0,4.5,1.0,75.0,10.0
3696.796238042215,90.0,0.0,18.0,10.0,18.0,4.5,1.0,75.0,10.0
3697.196238042215,90.0,0.0,18.0,10.0,18.0,4.5,1.0,75.0,10.0
3697.196838042215,90.0,0.0,18.0,10.0,18.0,4.5,1.0,75.0,10.0
3697.596838042215,90.0,0.0,18.0,10.0,18.0,4.5,1.0,75.0,10.0
3697.597438042215,90.0,0.0,18.0,10.0,18.0,4.5,1.0,75.0,10.0
3697.997438042215,90.0,0.0,18.0,10.0,18.0,4.5,1.0,75.0,10.0
3697.998038042215,90.0,0.0,18.0,10.0,18.0,9.5,1.0,75.0,10.0
3698.398038042215,90.0,0.0,18.0,10.0,18.0,9.5,1.0,75.0,10.0
3698.3986380422148,90.0,0.0,18.0,10.0,18.0,9.5,1.0,75.0,10.0
3698.798638042215,90.0,0.0,18.0,10.0,18.0,9.5,1.0,75.0,10.0
3698.7992380422147,90.0,0.0,18.0,10.0,18.0,9.5,1.0,75.0,10.0
3699.199238042215,90.0,0.0,18.0,10.0,18.0,9.5,1.0,75.0,10.0
3699.1998380422147,90.0,0.0,18.0,10.0,18.0,9.5,1.0,75.0,10.0
3699.5998380422147,90.0,0.0,18.0,10.0,18.0,9.5,1.0,75.0,10.0
3699.6004380422146,90.0,0.0,18.0,10.0,18.0,9.5,1.0,75.0,10.0
3700.0004380422147,90.0,0.0,18.0,10.0,18.0,9.5,1.0,75.0,10.0
3700.0010380422145,90.0,0.0,18.0,10.0,18.0,9.5,1.0,75.0,10.0
3700.4010380422146,90.0,0.0,18.0,10.0,18.0,9.5,1.0,75.0,10.0
3700.4016380422145,100.0,0.0,18.0,10.0,18.0,9.5,1.0,75.0,10.0
3700.8016380422146,100.0,0.0,18.0,10.0,18.0,9.5,1.0,75.0,10.0
3700.8022380422144,100.0,0.0,18.0,10.0,18.0,9.5,1.0,75.0,10.0
3701.2022380422145,100.0,0.0,18.0,10.0,18.0,9.5,1.0,75.0,10.0
3701.2028380422144,90.0,0.0,18.0,10.0,18.0,7.5,1.0,76.0,10.0
3701.6028380422144,90.0,0.0,18.0,10.0,18.0,7.5,1.0,76.0,10.0
3701.6034380422143,90.0,0.0,18.0,10.0,18.0,7.5,1.0,76.0,10.0
3702.0034380422144,90.0,0.0,18.0,10.0,18.0,7.5,1.0,76.0,10.0
3702.0040380422142,90.0,0.0,18.0,10.0,18.0,7.5,1.0,76.0,10.0
3702.4040380422143,90.0,0.0,18.0,10.0,18.0,7.5,1.0,76.0,10.0
3702.404638042214,90.0,0.0,18.0,10.0,18.0,7.5,1.0,76.0,10.0
3702.8046380422143,90.0,0.0,18.0,10.0,18.0,7.5,1.0,76.0,10.0
3702.805238042214,90.0,0.0,18.0,10.0,18.0,7.5,1.0,76.0,10.0
3703.205238042214,90.0,0.0,18.0,10.0,18.0,7.5,1.0,76.0,10.0
3703.205838042214,90.0,0.0,18.0,10.0,18.0,7.5,1.0,76.0,10.0
3703.605838042214,90.0,0.0,18.0,10.0,18.0,7.5,1.0,76.0,10.0
3703.606438042214,90.0,0.0,18.0,10.0,18.0,7.5,1.0,76.0,10.0
3704.006438042214,90.0,0.0,18.0,10.0,18.0,7.5,1.0,76.0,10.0
3704.007038042214,90.0,0.0,18.0,10.0,18.0,7.5,1.0,76.0,10.0
3704.407038042214,90.0,0.0,18.0,10.0,18.0,7.5,1.0,76.0,10.0
3704.407638042214,90.0,0.0,18.0,10.0,18.0,7.5,1.0,76.0,10.0
3704.807638042214,90.0,0.0,18.0,10.0,18.0,7.5,1.0,76.0,10.0
3704.808238042214,90.0,0.0,18.0,10.0,18.0,7.5,1.0,76.0,10.0
3705.208238042214,90.0,0.0,18.0,10.0,18.0,7.5,1.0,76.0,10.0
3705.2088380422138,90.0,0.0,18.0,10.0,18.0,7.5,1.0,76.0,10.0
3705.608838042214,90.0,0.0,18.0,10.0,18.0,7.5,1.0,76.0,10.0
3705.6094380422137,90.0,0.0,18.0,10.0,18.0,7.5,1.0,76.0,10.0
3706.009438042214,90.0,0.0,18.0,10.0,18.0,7.5,1.0,76.0,10.0
3706.0100380422136,90.0,0.0,18.0,10.0,18.0,7.5,1.0,76.0,10.0
3706.4100380422137,90.0,0.0,18.0,10.0,18.0,7.5,1.0,76.0,10.0
3706.4106380422136,100.0,0.0,18.0,10.0,18.0,7.5,1.0,76.0,10.0
3706.8106380422137,100.0,0.0,18.0,10.0,18.0,7.5,1.0,76.0,10.0
3706.8112380422135,100.0,0.0,18.0,10.0,18.0,7.5,1.0,76.0,10.0
3707.2112380422136,100.0,0.0,18.0,10.0,18.0,7.5,1.0,76.0,10.0
3707.2118380422135,100.0,0.0,18.0,10.0,18.0,7.5,1.0,76.0,10.0
3707.6118380422135,100.0,0.0,18.0,10.0,18.0,7.5,1.0,76.0,10.0
3707.6124380422134,100.0,0.0,18.0,10.0,18.0,7.5,1.0,76.0,10.0
3708.0124380422135,100.0,0.0,18.0,10.0,18.0,7.5,1.0,76.0,10.0
3708.0130380422133,100.0,0.0,18.0,10.0,18.0,7.5,1.0,76.0,10.0
3708.4130380422134,100.0,0.0,18.0,10.0,18.0,7.5,1.0,76.0,10.0
3708.4136380422133,100.0,0.0,18.0,10.0,18.0,7.5,1.0,76.0,10.0
3708.8136380422134,100.0,0.0,18.0,10.0,18.0,7.5,1.0,76.0,10.0
3708.814238042213,100.0,0.0,18.0,10.0,18.0,7.5,1.0,76.0,10.0
3709.2142380422133,100.0,0.0,18.0,10.0,18.0,7.5,1.0,76.0,10.0
3709.214838042213,100.0,0.0,18.0,10.0,18.0,5.5,1.0,77.0,10.0
3709.6148380422133,100.0,0.0,18.0,10.0,18.0,5.5,1.0,77.0,10.0
3709.615438042213,100.0,0.0,18.0,10.0,18.0,5.5,1.0,77.0,10.0
3710.015438042213,100.0,0.0,18.0,10.0,18.0,5.5,1.0,77.0,10.0
3710.016038042213,100.0,0.0,18.0,10.0,18.0,5.5,1.0,77.0,10.0
3710.416038042213,100.0,0.0,18.0,10.0,18.0,5.5,1.0,77.0,10.0
3710.416638042213,100.0,0.0,18.0,10.0,18.0,5.5,1.0,77.0,10.0
3710.816638042213,100.0,0.0,18.0,10.0,18.0,5.5,1.0,77.0,10.0
3710.817238042213,100.0,0.0,18.0,10.0,18.0,5.5,1.0,77.0,10.0
3711.217238042213,100.0,0.0,18.0,10.0,18.0,5.5,1.0,77.0,10.0
3711.217838042213,100.0,0.0,18.0,10.0,18.0,5.5,1.0,77.0,10.0
3711.617838042213,100.0,0.0,18.0,10.0,18.0,5.5,1.0,77.0,10.0
3711.618438042213,100.0,0.0,18.0,10.0,18.0,5.5,1.0,77.0,10.0
3712.018438042213,100.0,0.0,18.0,10.0,18.0,5.5,1.0,77.0,10.0
3712.0190380422127,100.0,0.0,18.0,10.0,18.0,5.5,1.0,77.0,10.0
3712.419038042213,100.0,0.0,18.0,10.0,18.0,5.5,1.0,77.0,10.0
3712.4196380422127,100.0,0.0,18.0,10.0,18.0,5.5,1.0,77.0,10.0
3712.819638042213,100.0,0.0,18.0,10.0,18.0,5.5,1.0,77.0,10.0
3712.8202380422126,100.0,0.0,18.0,10.0,18.0,5.5,1.0,77.0,10.0
3713.2202380422127,100.0,0.0,18.0,10.0,18.0,5.5,1.0,77.0,10.0
3713.2208380422126,100.0,0.0,18.0,10.0,18.0,5.5,1.0,77.0,10.0
3713.6208380422127,100.0,0.0,18.0,10.0,18.0,5.5,1.0,77.0,10.0
3713.6214380422125,110.0,0.0,18.0,10.0,18.0,5.5,1.0,77.0,10.0
3714.0214380422126,110.0,0.0,18.0,10.0,18.0,5.5,1.0,77.0,10.0
3714.021983496758,110.0,0.0,18.0,10.0,18.0,5.5,1.0,77.0,10.0
3714.421983496758,110.0,0.0,18.0,10.0,18.0,5.5,1.0,77.0,10.0
3714.4225289513033,120.0,0.0,18.0,10.0,18.0,5.5,1.0,77.0,10.0
3714.8225289513034,120.0,0.0,18.0,10.0,18.0,5.5,1.0,77.0,10.0
3714.8230289513035,120.0,0.0,18.0,10.0,18.0,5.5,1.0,77.0,10.0
3715.2230289513036,120.0,0.0,18.0,10.0,18.0,5.5,1.0,77.0,10.0
3715.2235289513037,120.0,0.0,18.0,10.0,18.0,5.5,1.0,77.0,10.0
3715.623528951304,120.0,0.0,18.0,10.0,18.0,5.5,1.0,77.0,10.0
3715.624028951304,120.0,0.0,18.0,10.0,18.0,5.5,1.0,77.0,10.0
3716.024028951304,120.0,0.0,18.0,10.0,18.0,5.5,1.0,77.0,10.0
3716.024528951304,120.0,0.0,18.0,10.0,18.0,5.5,1.0,77.0,10.0
3716.424528951304,120.0,0.0,18.0,10.0,18.0,5.5,1.0,77.0,10.0
3716.4250289513043,120.0,0.0,18.0,10.0,18.0,5.5,1.0,77.0,10.0
3716.8250289513044,120.0,0.0,18.0,10.0,18.0,5.5,1.0,77.0,10.0
3716.8255289513045,130.0,0.0,18.0,10.0,18.0,5.5,1.0,77.0,10.0
3717.2255289513046,130.0,0.0,18.0,10.0,18.0,5.5,1.0,77.0,10.0
3717.225990489766,130.0,0.0,18.0,10.0,18.0,5.5,1.0,77.0,10.0
3717.625990489766,130.0,0.0,18.0,10.0,18.0,5.5,1.0,77.0,10.0
3717.6264520282275,130.0,0.0,18.0,10.0,18.0,5.5,1.0,77.0,10.0
3718.0264520282276,130.0,0.0,18.0,10.0,18.0,5.5,1.0,77.0,10.0
3718.026913566689,130.0,0.0,18.0,10.0,18.0,5.5,1.0,77.0,10.0
3718.426913566689,130.0,0.0,18.0,10.0,18.0,5.5,1.0,77.0,10.0
3718.4273751051505,130.0,0.0,18.0,10.0,18.0,5.5,1.0,77.0,10.0
3718.8273751051506,130.0,0.0,18.0,10.0,18.0,5.5,1.0,77.0,10.0
3718.827836643612,130.0,0.0,18.0,10.0,18.0,5.5,1.0,77.0,10.0
3719.227836643612,130.0,0.0,18.0,10.0,18.0,5.5,1.0,77.0,10.0
3719.2282981820736,130.0,0.0,18.0,10.0,18.0,5.5,1.0,77.0,10.0
3719.6282981820736,130.0,0.0,18.0,10.0,18.0,5.5,1.0,77.0,10.0
3719.628759720535,130.0,0.0,18.0,10.0,18.0,5.5,1.0,77.0,10.0
3720.028759720535,130.0,0.0,18.0,10.0,18.0,5.5,1.0,77.0,10.0
3720.0292212589966,130.0,0.0,18.0,10.0,18.0,5.5,1.0,77.0,10.0
3720.4292212589967,130.0,0.0,18.0,10.0,18.0,5.5,1.0,77.0,10.0
3720.429682797458,120.0,0.0,18.0,10.0,18.0,5.5,1.0,77.0,10.0
3720.829682797458,120.0,0.0,18.0,10.0,18.0,5.5,1.0,77.0,10.0
3720.8301827974583,120.0,0.0,18.0,10.0,18.0,5.5,1.0,77.0,10.0
3721.2301827974584,120.0,0.0,18.0,10.0,18.0,5.5,1.0,77.0,10.0
3721.2306827974585,120.0,0.0,18.0,10.0,18.0,5.5,1.0,77.0,10.0
3721.6306827974586,120.0,0.0,18.0,10.0,18.0,5.5,1.0,77.0,10.0
3721.6311827974587,120.0,0.0,18.0,10.0,18.0,5.5,1.0,77.0,10.0
3722.0311827974588,120.0,0.0,18.0,10.0,18.0,5.5,1.0,77.0,10.0
3722.031682797459,120.0,0.0,18.0,10.0,18.0,5.5,1.0,77.0,10.0
3722.431682797459,120.0,0.0,18.0,10.0,18.0,5.5,1.0,77.0,10.0
3722.432182797459,120.0,0.0,18.0,10.0,18.0,5.5,1.0,77.0,10.0
3722.832182797459,120.0,0.0,18.0,10.0,18.0,5.5,1.0,77.0,10.0
3722.8326827974593,120.0,0.0,18.0,10.0,18.0,5.5,1.0,77.0,10.0
3723.2326827974593,120.0,0.0,18.0,10.0,18.0,5.5,1.0,77.0,10.0
3723.2331827974594,120.0,0.0,18.0,10.0,18.0,5.5,1.0,77.0,10.0
3723.6331827974595,120.0,0.0,18.0,10.0,18.0,5.5,1.0,77.0,10.0
3723.6336827974596,120.0,0.0,18.0,10.0,18.0,5.5,1.0,77.0,10.0
3724.0336827974597,120.0,0.0,18.0,10.0,18.0,5.5,1.0,77.0,10.0
3724.03418279746,120.0,0.0,18.0,10.0,18.0,5.5,1.0,77.0,10.0
3724.43418279746,120.0,0.0,18.0,10.0,18.0,5.5,1.0,77.0,10.0
3724.43468279746,120.0,0.0,18.0,10.0,18.0,5.5,1.0,77.0,10.0
3724.83468279746,120.0,0.0,18.0,10.0,18.0,5.5,1.0,77.0,10.0
3724.83518279746,120.0,0.0,18.0,10.0,18.0,5.5,1.0,77.0,10.0
3725.2351827974603,120.0,0.0,18.0,10.0,18.0,5.5,1.0,77.0,10.0
3725.2356827974604,120.0,0.0,18.0,10.0,18.0,5.5,1.0,77.0,10.0
3725.6356827974605,120.0,0.0,18.0,10.0,18.0,5.5,1.0,77.0,10.0
3725.6361827974606,110.0,0.0,18.0,10.0,18.0,5.5,1.0,77.0,10.0
3726.0361827974607,110.0,0.0,18.0,10.0,18.0,5.5,1.0,77.0,10.0
3726.036728252006,110.0,0.0,18.0,10.0,18.0,5.5,1.0,77.0,10.0
3726.436728252006,110.0,0.0,18.0,10.0,18.0,5.5,1.0,77.0,10.0
3726.4372737065514,110.0,0.0,18.0,10.0,18.0,5.5,1.0,77.0,10.0
3726.8372737065515,110.0,0.0,18.0,10.0,18.0,5.5,1.0,77.0,10.0
3726.837819161097,110.0,0.0,18.0,10.0,18.0,5.5,1.0,77.0,10.0
3727.237819161097,110.0,0.0,18.0,10.0,18.0,5.5,1.0,77.0,10.0
3727.2383646156422,110.0,0.0,18.0,10.0,18.0,5.5,1.0,77.0,10.0
3727.6383646156423,110.0,0.0,18.0,10.0,18.0,5.5,1.0,77.0,10.0
3727.6389100701876,110.0,0.0,18.0,10.0,18.0,5.5,1.0,77.0,10.0
3728.0389100701877,110.0,0.0,18.0,10.0,18.0,5.5,1.0,77.0,10.0
3728.039455524733,110.0,0.0,18.0,10.0,18.0,5.5,1.0,77.0,10.0
3728.439455524733,110.0,0.0,18.0,10.0,18.0,5.5,1.0,77.0,10.0
3728.4400009792785,110.0,0.0,18.0,10.0,18.0,5.5,1.0,77.0,10.0
3728.8400009792786,110.0,0.0,18.0,10.0,18.0,5.5,1.0,77.0,10.0
3728.840546433824,110.0,0.0,18.0,10.0,18.0,5.5,1.0,77.0,10.0
3729.240546433824,110.0,0.0,18.0,10.0,18.0,5.5,1.0,77.0,10.0
3729.2410918883693,110.0,0.0,18.0,10.0,18.0,5.5,1.0,77.0,10.0
3729.6410918883694,110.0,0.0,18.0,10.0,18.0,5.5,1.0,77.0,10.0
3729.6416373429147,100.0,0.0,18.0,10.0,18.0,5.5,1.0,77.0,10.0
3730.041637342915,100.0,0.0,18.0,10.0,18.0,5.5,1.0,77.0,10.0
3730.0422373429146,100.0,0.0,18.0,10.0,18.0,5.5,1.0,77.0,10.0
3730.4422373429147,100.0,0.0,18.0,10.0,18.0,5.5,1.0,77.0,10.0
3730.4428373429146,100.0,0.0,18.0,10.0,18.0,5.5,1.0,77.0,10.0
3730.8428373429147,100.0,0.0,18.0,10.0,18.0,5.5,1.0,77.0,10.0
3730.8434373429145,100.0,0.0,18.0,10.0,18.0,5.5,1.0,77.0,10.0
3731.2434373429146,100.0,0.0,18.0,10.0,18.0,5.5,1.0,77.0,10.0
3731.2440373429145,100.0,0.0,18.0,10.0,18.0,5.5,1.0,77.0,10.0
3731.6440373429145,100.0,0.0,18.0,10.0,18.0,5.5,1.0,77.0,10.0
3731.6446373429144,100.0,0.0,18.0,10.0,18.0,5.5,1.0,77.0,10.0
3732.0446373429145,100.0,0.0,18.0,10.0,18.0,5.5,1.0,77.0,10.0
3732.0452373429143,100.0,0.0,18.0,10.0,18.0,5.5,1.0,77.0,10.0
3732.4452373429144,100.0,0.0,18.0,10.0,18.0,5.5,1.0,77.0,10.0
3732.4458373429143,100.0,0.0,18.0,10.0,18.0,5.5,1.0,77.0,10.0
3732.8458373429144,100.0,0.0,18.0,10.0,18.0,5.5,1.0,77.0,10.0
3732.846437342914,100.0,0.0,18.0,10.0,18.0,5.5,1.0,77.0,10.0
3733.2464373429143,100.0,0.0,18.0,10.0,18.0,5.5,1.0,77.0,10.0
3733.247037342914,100.0,0.0,18.0,10.0,18.0,5.5,1.0,77.0,10.0
3733.6470373429142,100.0,0.0,18.0,10.0,18.0,5.5,1.0,77.0,10.0
3733.647637342914,100.0,0.0,18.0,10.0,18.0,5.5,1.0,77.0,10.0
3734.047637342914,100.0,0.0,18.0,10.0,18.0,5.5,1.0,77.0,10.0
3734.048237342914,100.0,0.0,18.0,10.0,18.0,5.5,1.0,77.0,10.0
3734.448237342914,100.0,0.0,18.0,10.0,18.0,5.5,1.0,77.0,10.0
3734.448837342914,100.0,0.0,18.0,10.0,18.0,5.5,1.0,77.0,10.0
3734.848837342914,100.0,0.0,18.0,10.0,18.0,5.5,1.0,77.0,10.0
3734.849437342914,100.0,0.0,18.0,10.0,18.0,5.5,1.0,77.0,10.0
3735.249437342914,100.0,0.0,18.0,10.0,18.0,5.5,1.0,77.0,10.0
3735.250037342914,100.0,0.0,18.0,10.0,18.0,5.5,1.0,77.0,10.0
3735.650037342914,100.0,0.0,18.0,10.0,18.0,5.5,1.0,77.0,10.0
3735.650637342914,100.0,0.0,18.0,10.0,18.0,5.5,1.0,77.0,10.0
3736.050637342914,100.0,0.0,18.0,10.0,18.0,5.5,1.0,77.0,10.0
3736.0512373429137,100.0,0.0,18.0,10.0,18.0,5.5,1.0,77.0,10.0
3736.451237342914,100.0,0.0,18.0,10.0,18.0,5.5,1.0,77.0,10.0
3736.4518373429137,100.0,0.0,18.0,10.0,18.0,5.5,1.0,77.0,10.0
3736.8518373429138,100.0,0.0,18.0,10.0,18.0,5.5,1.0,77.0,10.0
3736.8524373429136,100.0,0.0,18.0,10.0,18.0,5.5,1.0,77.0,10.0
3737.2524373429137,100.0,0.0,18.0,10.0,18.0,5.5,1.0,77.0,10.0
3737.2530373429136,100.0,0.0,18.0,10.0,18.0,5.5,1.0,77.0,10.0
3737.6530373429136,100.0,0.0,18.0,10.0,18.0,5.5,1.0,77.0,10.0
3737.6536373429135,100.0,0.0,18.0,10.0,18.0,5.5,1.0,77.0,10.0
3738.0536373429136,100.0,0.0,18.0,10.0,18.0,5.5,1.0,77.0,10.0
3738.0542373429134,100.0,0.0,18.0,10.0,18.0,5.5,1.0,77.0,10.0
3738.4542373429135,100.0,0.0,18.0,10.0,18.0,5.5,1.0,77.0,10.0
3738.4548373429134,100.0,0.0,18.0,10.0,18.0,5.5,1.0,77.0,10.0
3738.8548373429135,100.0,0.0,18.0,10.0,18.0,5.5,1.0,77.0,10.0
3738.8554373429133,100.0,0.0,18.0,10.0,18.0,5.5,1.0,77.0,10.0
3739.2554373429134,100.0,0.0,18.0,10.0,18.0,5.5,1.0,77.0,10.0
3739.2560373429133,100.0,0.0,18.0,10.0,18.0,5.5,1.0,77.0,10.0
3739.6560373429134,100.0,0.0,18.0,10.0,18.0,5.5,1.0,77.0,10.0
3739.656637342913,100.0,0.0,18.0,10.0,18.0,5.5,1.0,77.0,10.0
3740.0566373429133,100.0,0.0,18.0,10.0,18.0,5.5,1.0,77.0,10.0
3740.057237342913,100.0,0.0,18.0,10.0,18.0,5.5,1.0,77.0,10.0
3740.4572373429132,100.0,0.0,18.0,10.0,18.0,5.5,1.0,77.0,10.0
3740.457837342913,90.0,0.0,18.0,10.0,18.0,5.5,1.0,77.0,10.0
3740.857837342913,90.0,0.0,18.0,10.0,18.0,5.5,1.0,77.0,10.0
3740.858437342913,80.0,0.0,18.0,10.0,18.0,5.5,1.0,77.0,10.0
3741.258437342913,80.0,0.0,18.0,10.0,18.0,5.5,1.0,77.0,10.0
3741.259037342913,80.0,0.0,18.0,10.0,18.0,5.5,1.0,77.0,10.0
3741.659037342913,80.0,0.0,18.0,10.0,18.0,5.5,1.0,77.0,10.0
3741.659637342913,80.0,0.0,18.0,10.0,18.0,5.5,1.0,77.0,10.0
3742.059637342913,80.0,0.0,18.0,10.0,18.0,5.5,1.0,77.0,10.0
3742.060237342913,80.0,0.0,18.0,10.0,18.0,5.5,1.0,77.0,10.0
3742.460237342913,80.0,0.0,18.0,10.0,18.0,5.5,1.0,77.0,10.0
3742.460837342913,80.0,0.0,18.0,10.0,18.0,5.5,1.0,77.0,10.0
3742.860837342913,80.0,0.0,18.0,10.0,18.0,5.5,1.0,77.0,10.0
3742.8614373429127,80.0,0.0,18.0,10.0,18.0,5.5,1.0,77.0,10.0
3743.261437342913,80.0,0.0,18.0,10.0,18.0,5.5,1.0,77.0,10.0
3743.2620373429127,80.0,0.0,18.0,10.0,18.0,5.5,1.0,77.0,10.0
3743.6620373429128,80.0,0.0,18.0,10.0,18.0,5.5,1.0,77.0,10.0
3743.6626373429126,80.0,0.0,18.0,10.0,18.0,5.5,1.0,77.0,10.0
3744.0626373429127,80.0,0.0,18.0,10.0,18.0,5.5,1.0,77.0,10.0
3744.0632373429125,80.0,0.0,18.0,10.0,18.0,5.5,1.0,77.0,10.0
3744.4632373429126,80.0,0.0,18.0,10.0,18.0,5.5,1.0,77.0,10.0
3744.4638373429125,80.0,0.0,18.0,10.0,18.0,5.5,1.0,77.0,10.0
3744.8638373429126,80.0,0.0,18.0,10.0,18.0,5.5,1.0,77.0,10.0
3744.8644373429124,80.0,0.0,18.0,10.0,18.0,5.5,1.0,77.0,10.0
3745.2644373429125,80.0,0.0,18.0,10.0,18.0,5.5,1.0,77.0,10.0
3745.2650373429124,80.0,0.0,18.0,10.0,18.0,5.5,1.0,77.0,10.0
3745.6650373429125,80.0,0.0,18.0,10.0,18.0,5.5,1.0,77.0,10.0
3745.6656373429123,80.0,0.0,18.0,10.0,18.0,5.5,1.0,77.0,10.0
3746.0656373429124,80.0,0.0,18.0,10.0,18.0,5.5,1.0,77.0,10.0
3746.0662373429122,80.0,0.0,18.0,10.0,18.0,5.5,1.0,77.0,10.0
3746.4662373429123,80.0,0.0,18.0,10.0,18.0,5.5,1.0,77.0,10.0
3746.466837342912,80.0,0.0,18.0,10.0,18.0,5.5,1.0,77.0,10.0
3746.8668373429123,80.0,0.0,18.0,10.0,18.0,5.5,1.0,77.0,10.0
3746.867437342912,80.0,0.0,18.0,10.0,18.0,5.5,1.0,77.0,10.0
3747.267437342912,80.0,0.0,18.0,10.0,18.0,5.5,1.0,77.0,10.0
3747.268037342912,80.0,0.0,18.0,10.0,18.0,5.5,1.0,77.0,10.0
3747.668037342912,80.0,0.0,18.0,10.0,18.0,5.5,1.0,77.0,10.0
3747.668637342912,80.0,0.0,18.0,10.0,18.0,3.5,1.0,78.0,10.0
3748.068637342912,80.0,0.0,18.0,10.0,18.0,3.5,1.0,78.0,10.0
3748.069237342912,80.0,0.0,18.0,10.0,18.0,3.5,1.0,78.0,10.0
3748.469237342912,80.0,0.0,18.0,10.0,18.0,3.5,1.0,78.0,10.0
3748.469837342912,80.0,0.0,18.0,10.0,18.0,3.5,1.0,78.0,10.0
3748.869837342912,80.0,0.0,18.0,10.0,18.0,3.5,1.0,78.0,10.0
3748.870437342912,80.0,0.0,18.0,10.0,18.0,3.5,1.0,78.0,10.0
3749.270437342912,80.0,0.0,18.0,10.0,18.0,3.5,1.0,78.0,10.0
3749.2710373429118,80.0,0.0,18.0,10.0,18.0,3.5,1.0,78.0,10.0
3749.671037342912,80.0,0.0,18.0,10.0,18.0,3.5,1.0,78.0,10.0
3749.6716373429117,80.0,0.0,18.0,10.0,18.0,3.5,1.0,78.0,10.0
3750.071637342912,80.0,0.0,18.0,10.0,18.0,3.5,1.0,78.0,10.0
3750.0722373429116,70.0,0.0,18.0,10.0,18.0,3.5,1.0,78.0,10.0
3750.4722373429117,70.0,0.0,18.0,10.0,18.0,3.5,1.0,78.0,10.0
3750.4728373429116,70.0,0.0,18.0,10.0,18.0,3.5,1.0,78.0,10.0
3750.8728373429117,70.0,0.0,18.0,10.0,18.0,3.5,1.0,78.0,10.0
3750.8734373429115,70.0,0.0,18.0,10.0,18.0,3.5,1.0,78.0,10.0
3751.2734373429116,70.0,0.0,18.0,10.0,18.0,3.5,1.0,78.0,10.0
3751.2740373429115,70.0,0.0,18.0,10.0,18.0,3.5,1.0,78.0,10.0
3751.6740373429116,70.0,0.0,18.0,10.0,18.0,3.5,1.0,78.0,10.0
3751.6746373429114,80.0,0.0,18.0,10.0,18.0,3.5,1.0,78.0,10.0
3752.0746373429115,80.0,0.0,18.0,10.0,18.0,3.5,1.0,78.0,10.0
3752.0752373429114,80.0,0.0,18.0,10.0,18.0,3.5,1.0,78.0,10.0
3752.4752373429114,80.0,0.0,18.0,10.0,18.0,3.5,1.0,78.0,10.0
3752.4758373429113,80.0,0.0,18.0,10.0,18.0,3.5,1.0,78.0,10.0
3752.8758373429114,80.0,0.0,18.0,10.0,18.0,3.5,1.0,78.0,10.0
3752.8764373429112,90.0,0.0,18.0,10.0,18.0,3.5,1.0,78.0,10.0
3753.2764373429113,90.0,0.0,18.0,10.0,18.0,3.5,1.0,78.0,10.0
3753.277037342911,90.0,0.0,18.0,10.0,18.0,3.5,1.0,78.0,10.0
3753.6770373429113,90.0,0.0,18.0,10.0,18.0,3.5,1.0,78.0,10.0
3753.677637342911,90.0,0.0,18.0,10.0,18.0,3.5,1.0,78.0,10.0
3754.077637342911,90.0,0.0,18.0,10.0,18.0,3.5,1.0,78.0,10.0
3754.078237342911,90.0,0.0,18.0,10.0,18.0,3.5,1.0,78.0,10.0
3754.478237342911,90.0,0.0,18.0,10.0,18.0,3.5,1.0,78.0,10.0
3754.478837342911,90.0,0.0,18.0,10.0,18.0,3.5,1.0,78.0,10.0
3754.878837342911,90.0,0.0,18.0,10.0,18.0,3.5,1.0,78.0,10.0
3754.879437342911,90.0,0.0,18.0,10.0,18.0,3.5,1.0,78.0,10.0
3755.279437342911,90.0,0.0,18.0,10.0,18.0,3.5,1.0,78.0,10.0
3755.280037342911,90.0,0.0,18.0,10.0,18.0,3.5,1.0,78.0,10.0
3755.680037342911,90.0,0.0,18.0,10.0,18.0,3.5,1.0,78.0,10.0
3755.680637342911,90.0,0.0,18.0,10.0,18.0,3.5,1.0,78.0,10.0
3756.080637342911,90.0,0.0,18.0,10.0,18.0,3.5,1.0,78.0,10.0
3756.0812373429108,90.0,0.0,18.0,10.0,18.0,3.5,1.0,78.0,10.0
3756.481237342911,90.0,0.0,18.0,10.0,18.0,3.5,1.0,78.0,10.0
3756.4818373429107,90.0,0.0,18.0,10.0,18.0,3.5,1.0,78.0,10.0
3756.881837342911,90.0,0.0,18.0,10.0,18.0,3.5,1.0,78.0,10.0
3756.8824373429106,90.0,0.0,18.0,10.0,18.0,3.5,1.0,78.0,10.0
3757.2824373429107,90.0,0.0,18.0,10.0,18.0,3.5,1.0,78.0,10.0
3757.2830373429106,90.0,0.0,18.0,10.0,18.0,1.5,1.0,79.0,10.0
3757.6830373429107,90.0,0.0,18.0,10.0,18.0,1.5,1.0,79.0,10.0
3757.6836373429105,90.0,0.0,18.0,10.0,18.0,1.5,1.0,79.0,10.0
3758.0836373429106,90.0,0.0,18.0,10.0,18.0,1.5,1.0,79.0,10.0
3758.0842373429105,90.0,0.0,18.0,10.0,18.0,1.5,1.0,79.0,10.0
3758.4842373429105,90.0,0.0,18.0,10.0,18.0,1.5,1.0,79.0,10.0
3758.4848373429104,90.0,0.0,18.0,10.0,18.0,1.5,1.0,79.0,10.0
3758.8848373429105,90.0,0.0,18.0,10.0,18.0,1.5,1.0,79.0,10.0
3758.8854373429103,90.0,0.0,18.0,10.0,18.0,1.5,1.0,79.0,10.0
3759.2854373429104,90.0,0.0,18.0,10.0,18.0,1.5,1.0,79.0,10.0
3759.2860373429103,90.0,0.0,18.0,10.0,18.0,1.5,1.0,79.0,10.0
3759.6860373429104,90.0,0.0,18.0,10.0,18.0,1.5,1.0,79.0,10.0
3759.68663734291,90.0,0.0,18.0,10.0,18.0,1.5,1.0,79.0,10.0
3760.0866373429103,90.0,0.0,18.0,10.0,18.0,1.5,1.0,79.0,10.0
3760.08723734291,90.0,0.0,18.0,10.0,18.0,1.5,1.0,79.0,10.0
3760.4872373429102,90.0,0.0,18.0,10.0,18.0,1.5,1.0,79.0,10.0
3760.48783734291,90.0,0.0,18.0,10.0,18.0,1.5,1.0,79.0,10.0
3760.88783734291,90.0,0.0,18.0,10.0,18.0,1.5,1.0,79.0,10.0
3760.88843734291,90.0,0.0,18.0,10.0,18.0,1.5,1.0,79.0,10.0
3761.28843734291,90.0,0.0,18.0,10.0,18.0,1.5,1.0,79.0,10.0
3761.28903734291,90.0,0.0,18.0,10.0,18.0,1.5,1.0,79.0,10.0
3761.68903734291,90.0,0.0,18.0,10.0,18.0,1.5,1.0,79.0,10.0
3761.68963734291,90.0,0.0,18.0,10.0,18.0,1.5,1.0,79.0,10.0
3762.08963734291,90.0,0.0,18.0,10.0,18.0,1.5,1.0,79.0,10.0
3762.09023734291,90.0,0.0,18.0,10.0,18.0,1.5,1.0,79.0,10.0
3762.49023734291,90.0,0.0,18.0,10.0,18.0,1.5,1.0,79.0,10.0
3762.49083734291,90.0,0.0,18.0,10.0,18.0,1.5,1.0,79.0,10.0
3762.89083734291,90.0,0.0,18.0,10.0,18.0,1.5,1.0,79.0,10.0
3762.8914373429097,90.0,0.0,18.0,10.0,18.0,1.5,1.0,79.0,10.0
3763.29143734291,90.0,0.0,18.0,10.0,18.0,1.5,1.0,79.0,10.0
3763.2920373429097,90.0,0.0,18.0,10.0,18.0,1.5,1.0,79.0,10.0
3763.6920373429098,90.0,0.0,18.0,10.0,18.0,1.5,1.0,79.0,10.0
3763.6926373429096,90.0,0.0,18.0,10.0,18.0,1.5,1.0,79.0,10.0
3764.0926373429097,90.0,0.0,18.0,10.0,18.0,1.5,1.0,79.0,10.0
3764.0932373429096,90.0,0.0,18.0,10.0,18.0,1.5,1.0,79.0,10.0
3764.4932373429097,90.0,0.0,18.0,10.0,18.0,1.5,1.0,79.0,10.0
3764.4938373429095,90.0,0.0,18.0,10.0,18.0,1.5,1.0,79.0,10.0
3764.8938373429096,90.0,0.0,18.0,10.0,18.0,1.5,1.0,79.0,10.0
3764.8944373429094,90.0,0.0,18.0,10.0,18.0,1.5,1.0,79.0,10.0
3765.2944373429095,90.0,0.0,18.0,10.0,18.0,1.5,1.0,79.0,10.0
3765.2950373429094,80.0,0.0,18.0,10.0,18.0,1.5,1.0,79.0,10.0
3765.6950373429095,80.0,0.0,18.0,10.0,18.0,1.5,1.0,79.0,10.0
3765.6956373429093,80.0,0.0,18.0,10.0,18.0,1.5,1.0,79.0,10.0
3766.0956373429094,80.0,0.0,18.0,10.0,18.0,1.5,1.0,79.0,10.0
3766.0962373429093,80.0,0.0,18.0,10.0,18.0,1.5,1.0,79.0,10.0
3766.4962373429094,80.0,0.0,18.0,10.0,18.0,1.5,1.0,79.0,10.0
3766.496837342909,80.0,0.0,18.0,10.0,18.0,1.5,1.0,79.0,10.0
3766.8968373429093,80.0,0.0,18.0,10.0,18.0,1.5,1.0,79.0,10.0
3766.897437342909,80.0,0.0,18.0,10.0,18.0,1.5,1.0,79.0,10.0
3767.2974373429092,80.0,0.0,18.0,10.0,18.0,1.5,1.0,79.0,10.0
3767.298037342909,80.0,0.0,18.0,10.0,18.0,1.5,1.0,79.0,10.0
3767.698037342909,80.0,0.0,18.0,10.0,18.0,1.5,1.0,79.0,10.0
3767.698637342909,80.0,0.0,18.0,10.0,18.0,1.5,1.0,79.0,10.0
3768.098637342909,80.0,0.0,18.0,10.0,18.0,1.5,1.0,79.0,10.0
3768.099237342909,80.0,0.0,18.0,10.0,18.0,1.5,1.0,79.0,10.0
3768.499237342909,80.0,0.0,18.0,10.0,18.0,1.5,1.0,79.0,10.0
3768.499837342909,80.0,0.0,18.0,10.0,18.0,1.5,1.0,79.0,10.0
3768.899837342909,80.0,0.0,18.0,10.0,18.0,1.5,1.0,79.0,10.0
3768.900437342909,80.0,0.0,18.0,10.0,18.0,1.5,1.0,79.0,10.0
3769.300437342909,80.0,0.0,18.0,10.0,18.0,1.5,1.0,79.0,10.0
3769.301037342909,80.0,0.0,18.0,10.0,18.0,1.5,1.0,79.0,10.0
3769.701037342909,80.0,0.0,18.0,10.0,18.0,1.5,1.0,79.0,10.0
3769.7016373429087,80.0,0.0,18.0,10.0,18.0,1.5,1.0,79.0,10.0
3770.101637342909,80.0,0.0,18.0,10.0,18.0,1.5,1.0,79.0,10.0
3770.1022373429087,80.0,0.0,18.0,10.0,18.0,1.5,1.0,79.0,10.0
3770.5022373429088,80.0,0.0,18.0,10.0,18.0,1.5,1.0,79.0,10.0
3770.5028373429086,80.0,0.0,18.0,10.0,18.0,1.5,1.0,79.0,10.0
3770.9028373429087,80.0,0.0,18.0,10.0,18.0,1.5,1.0,79.0,10.0
3770.9034373429085,80.0,0.0,18.0,10.0,18.0,1.5,1.0,79.0,10.0
3771.3034373429086,80.0,0.0,18.0,10.0,18.0,1.5,1.0,79.0,10.0
3771.3040373429085,80.0,0.0,18.0,10.0,18.0,6.5,1.0,79.0,10.0
3771.7040373429086,80.0,0.0,18.0,10.0,18.0,6.5,1.0,79.0,10.0
3771.7046373429084,80.0,0.0,18.0,10.0,18.0,6.5,1.0,79.0,10.0
3772.1046373429085,80.0,0.0,18.0,10.0,18.0,6.5,1.0,79.0,10.0
3772.1052373429084,80.0,0.0,18.0,10.0,18.0,6.5,1.0,79.0,10.0
3772.5052373429085,80.0,0.0,18.0,10.0,18.0,6.5,1.0,79.0,10.0
3772.5058373429083,80.0,0.0,18.0,10.0,18.0,6.5,1.0,79.0,10.0
3772.9058373429084,80.0,0.0,18.0,10.0,18.0,6.5,1.0,79.0,10.0
3772.9064373429082,80.0,0.0,18.0,10.0,18.0,6.5,1.0,79.0,10.0
3773.3064373429083,80.0,0.0,18.0,10.0,18.0,6.5,1.0,79.0,10.0
3773.307037342908,80.0,0.0,18.0,10.0,18.0,6.5,1.0,79.0,10.0
3773.7070373429083,80.0,0.0,18.0,10.0,18.0,6.5,1.0,79.0,10.0
3773.707637342908,80.0,0.0,18.0,10.0,18.0,6.5,1.0,79.0,10.0
3774.107637342908,80.0,0.0,18.0,10.0,18.0,6.5,1.0,79.0,10.0
3774.108237342908,80.0,0.0,18.0,10.0,18.0,6.5,1.0,79.0,10.0
3774.508237342908,80.0,0.0,18.0,10.0,18.0,6.5,1.0,79.0,10.0
3774.508837342908,80.0,0.0,18.0,10.0,18.0,6.5,1.0,79.0,10.0
3774.908837342908,80.0,0.0,18.0,10.0,18.0,6.5,1.0,79.0,10.0
3774.909437342908,80.0,0.0,18.0,10.0,18.0,6.5,1.0,79.0,10.0
3775.309437342908,80.0,0.0,18.0,10.0,18.0,6.5,1.0,79.0,10.0
3775.310037342908,80.0,0.0,18.0,10.0,18.0,6.5,1.0,79.0,10.0
3775.710037342908,80.0,0.0,18.0,10.0,18.0,6.5,1.0,79.0,10.0
3775.710637342908,80.0,0.0,18.0,10.0,18.0,6.5,1.0,79.0,10.0
3776.110637342908,80.0,0.0,18.0,10.0,18.0,6.5,1.0,79.0,10.0
3776.1112373429078,80.0,0.0,18.0,10.0,18.0,6.5,1.0,79.0,10.0
3776.511237342908,80.0,0.0,18.0,10.0,18.0,6.5,1.0,79.0,10.0
3776.5118373429077,80.0,0.0,18.0,10.0,18.0,6.5,1.0,79.0,10.0
3776.911837342908,80.0,0.0,18.0,10.0,18.0,6.5,1.0,79.0,10.0
3776.9124373429077,80.0,0.0,18.0,10.0,18.0,6.5,1.0,79.0,10.0
3777.3124373429077,80.0,0.0,18.0,10.0,18.0,6.5,1.0,79.0,10.0
3777.3130373429076,80.0,0.0,18.0,10.0,18.0,6.5,1.0,79.0,10.0
3777.7130373429077,80.0,0.0,18.0,10.0,18.0,6.5,1.0,79.0,10.0
3777.7136373429075,80.0,0.0,18.0,10.0,18.0,6.5,1.0,79.0,10.0
3778.1136373429076,80.0,0.0,18.0,10.0,18.0,6.5,1.0,79.0,10.0
3778.1142373429075,80.0,0.0,18.0,10.0,18.0,6.5,1.0,79.0,10.0
3778.5142373429076,80.0,0.0,18.0,10.0,18.0,6.5,1.0,79.0,10.0
3778.5148373429074,80.0,0.0,18.0,10.0,18.0,6.5,1.0,79.0,10.0
3778.9148373429075,80.0,0.0,18.0,10.0,18.0,6.5,1.0,79.0,10.0
3778.9154373429074,80.0,0.0,18.0,10.0,18.0,6.5,1.0,79.0,10.0
3779.3154373429074,80.0,0.0,18.0,10.0,18.0,6.5,1.0,79.0,10.0
3779.3160373429073,80.0,0.0,18.0,10.0,18.0,6.5,1.0,79.0,10.0
3779.7160373429074,80.0,0.0,18.0,10.0,18.0,6.5,1.0,79.0,10.0
3779.7166373429072,80.0,0.0,18.0,10.0,18.0,6.5,1.0,79.0,10.0
3780.1166373429073,80.0,0.0,18.0,10.0,18.0,6.5,1.0,79.0,10.0
3780.117237342907,80.0,0.0,18.0,10.0,18.0,6.5,1.0,79.0,10.0
3780.5172373429073,80.0,0.0,18.0,10.0,18.0,6.5,1.0,79.0,10.0
3780.517837342907,80.0,0.0,18.0,10.0,18.0,6.5,1.0,79.0,10.0
3780.917837342907,80.0,0.0,18.0,10.0,18.0,6.5,1.0,79.0,10.0
3780.918437342907,80.0,0.0,18.0,10.0,18.0,6.5,1.0,79.0,10.0
3781.318437342907,80.0,0.0,18.0,10.0,18.0,6.5,1.0,79.0,10.0
3781.319037342907,80.0,0.0,18.0,10.0,18.0,6.5,1.0,79.0,10.0
3781.719037342907,80.0,0.0,18.0,10.0,18.0,6.5,1.0,79.0,10.0
3781.719637342907,80.0,0.0,18.0,10.0,18.0,6.5,1.0,79.0,10.0
3782.119637342907,80.0,0.0,18.0,10.0,18.0,6.5,1.0,79.0,10.0
3782.120237342907,80.0,0.0,18.0,10.0,18.0,6.5,1.0,79.0,10.0
3782.520237342907,80.0,0.0,18.0,10.0,18.0,6.5,1.0,79.0,10.0
3782.520837342907,70.0,0.0,18.0,10.0,18.0,6.5,1.0,79.0,10.0
3782.920837342907,70.0,0.0,18.0,10.0,18.0,6.5,1.0,79.0,10.0
3782.9214373429068,70.0,0.0,18.0,10.0,18.0,6.5,1.0,79.0,10.0
3783.321437342907,70.0,0.0,18.0,10.0,18.0,6.5,1.0,79.0,10.0
3783.3220373429067,70.0,0.0,18.0,10.0,18.0,6.5,1.0,79.0,10.0
3783.722037342907,70.0,0.0,18.0,10.0,18.0,6.5,1.0,79.0,10.0
3783.7226373429066,70.0,0.0,18.0,10.0,18.0,6.5,1.0,79.0,10.0
3784.1226373429067,70.0,0.0,18.0,10.0,18.0,6.5,1.0,79.0,10.0
3784.1232373429066,70.0,0.0,18.0,10.0,18.0,6.5,1.0,79.0,10.0
3784.5232373429067,70.0,0.0,18.0,10.0,18.0,6.5,1.0,79.0,10.0
3784.5238373429065,70.0,0.0,18.0,10.0,18.0,6.5,1.0,79.0,10.0
3784.9238373429066,70.0,0.0,18.0,10.0,18.0,6.5,1.0,79.0,10.0
3784.9244373429065,70.0,0.0,18.0,10.0,18.0,6.5,1.0,79.0,10.0
3785.3244373429065,70.0,0.0,18.0,10.0,18.0,6.5,1.0,79.0,10.0
3785.3250373429064,70.0,0.0,18.0,10.0,18.0,6.5,1.0,79.0,10.0
3785.7250373429065,70.0,0.0,18.0,10.0,18.0,6.5,1.0,79.0,10.0
3785.7256373429063,70.0,0.0,18.0,10.0,18.0,6.5,1.0,79.0,10.0
3786.1256373429064,70.0,0.0,18.0,10.0,18.0,6.5,1.0,79.0,10.0
3786.1262373429063,70.0,0.0,18.0,10.0,18.0,6.5,1.0,79.0,10.0
3786.5262373429064,70.0,0.0,18.0,10.0,18.0,6.5,1.0,79.0,10.0
3786.526837342906,80.0,0.0,18.0,10.0,18.0,6.5,1.0,79.0,10.0
3786.9268373429063,80.0,0.0,18.0,10.0,18.0,6.5,1.0,79.0,10.0
3786.927437342906,80.0,0.0,18.0,10.0,18.0,6.5,1.0,79.0,10.0
3787.3274373429063,80.0,0.0,18.0,10.0,18.0,6.5,1.0,79.0,10.0
3787.328037342906,80.0,0.0,18.0,10.0,18.0,6.5,1.0,79.0,10.0
3787.728037342906,80.0,0.0,18.0,10.0,18.0,6.5,1.0,79.0,10.0
3787.728637342906,80.0,0.0,18.0,10.0,18.0,6.5,1.0,79.0,10.0
3788.128637342906,80.0,0.0,18.0,10.0,18.0,6.5,1.0,79.0,10.0
3788.129237342906,80.0,0.0,18.0,10.0,18.0,6.5,1.0,79.0,10.0
3788.529237342906,80.0,0.0,18.0,10.0,18.0,6.5,1.0,79.0,10.0
3788.529837342906,80.0,0.0,18.0,10.0,18.0,6.5,1.0,79.0,10.0
3788.929837342906,80.0,0.0,18.0,10.0,18.0,6.5,1.0,79.0,10.0
3788.930437342906,80.0,0.0,18.0,10.0,18.0,6.5,1.0,79.0,10.0
3789.330437342906,80.0,0.0,18.0,10.0,18.0,6.5,1.0,79.0,10.0
3789.331037342906,80.0,0.0,18.0,10.0,18.0,6.5,1.0,79.0,10.0
3789.731037342906,80.0,0.0,18.0,10.0,18.0,6.5,1.0,79.0,10.0
3789.7316373429057,80.0,0.0,18.0,10.0,18.0,6.5,1.0,79.0,10.0
3790.131637342906,80.0,0.0,18.0,10.0,18.0,6.5,1.0,79.0,10.0
3790.1322373429057,80.0,0.0,18.0,10.0,18.0,6.5,1.0,79.0,10.0
3790.532237342906,80.0,0.0,18.0,10.0,18.0,6.5,1.0,79.0,10.0
3790.5328373429056,80.0,0.0,18.0,10.0,18.0,6.5,1.0,79.0,10.0
3790.9328373429057,80.0,0.0,18.0,10.0,18.0,6.5,1.0,79.0,10.0
3790.9334373429056,80.0,0.0,18.0,10.0,18.0,6.5,1.0,79.0,10.0
3791.3334373429057,80.0,0.0,18.0,10.0,18.0,6.5,1.0,79.0,10.0
3791.3340373429055,80.0,0.0,18.0,10.0,18.0,6.5,1.0,79.0,10.0
3791.7340373429056,80.0,0.0,18.0,10.0,18.0,6.5,1.0,79.0,10.0
3791.7346373429054,80.0,0.0,18.0,10.0,18.0,6.5,1.0,79.0,10.0
3792.1346373429055,80.0,0.0,18.0,10.0,18.0,6.5,1.0,79.0,10.0
3792.1352373429054,80.0,0.0,18.0,10.0,18.0,6.5,1.0,79.0,10.0
3792.5352373429055,80.0,0.0,18.0,10.0,18.0,6.5,1.0,79.0,10.0
3792.5358373429053,80.0,0.0,18.0,10.0,18.0,6.5,1.0,79.0,10.0
3792.9358373429054,80.0,0.0,18.0,10.0,18.0,6.5,1.0,79.0,10.0
3792.9364373429053,80.0,0.0,18.0,10.0,18.0,6.5,1.0,79.0,10.0
3793.3364373429054,80.0,0.0,18.0,10.0,18.0,6.5,1.0,79.0,10.0
3793.337037342905,80.0,0.0,18.0,10.0,18.0,6.5,1.0,79.0,10.0
3793.7370373429053,80.0,0.0,18.0,10.0,18.0,6.5,1.0,79.0,10.0
3793.737637342905,80.0,0.0,18.0,10.0,18.0,6.5,1.0,79.0,10.0
3794.1376373429052,80.0,0.0,18.0,10.0,18.0,6.5,1.0,79.0,10.0
3794.138237342905,80.0,0.0,18.0,10.0,18.0,6.5,1.0,79.0,10.0
3794.538237342905,80.0,0.0,18.0,10.0,18.0,6.5,1.0,79.0,10.0
3794.538837342905,80.0,0.0,18.0,10.0,18.0,6.5,1.0,79.0,10.0
3794.938837342905,80.0,0.0,18.0,10.0,18.0,6.5,1.0,79.0,10.0
3794.939437342905,80.0,0.0,18.0,10.0,18.0,6.5,1.0,79.0,10.0
3795.339437342905,80.0,0.0,18.0,10.0,18.0,6.5,1.0,79.0,10.0
3795.340037342905,80.0,0.0,18.0,10.0,18.0,6.5,1.0,79.0,10.0
3795.740037342905,80.0,0.0,18.0,10.0,18.0,6.5,1.0,79.0,10.0
3795.740637342905,80.0,0.0,18.0,10.0,18.0,6.5,1.0,79.0,10.0
3796.140637342905,80.0,0.0,18.0,10.0,18.0,6.5,1.0,79.0,10.0
3796.141237342905,80.0,0.0,18.0,10.0,18.0,6.5,1.0,79.0,10.0
3796.541237342905,80.0,0.0,18.0,10.0,18.0,6.5,1.0,79.0,10.0
3796.5418373429047,80.0,0.0,18.0,10.0,18.0,6.5,1.0,79.0,10.0
3796.941837342905,80.0,0.0,18.0,10.0,18.0,6.5,1.0,79.0,10.0
3796.9424373429047,80.0,0.0,18.0,10.0,18.0,6.5,1.0,79.0,10.0
3797.3424373429048,80.0,0.0,18.0,10.0,18.0,6.5,1.0,79.0,10.0
3797.3430373429046,80.0,0.0,18.0,10.0,18.0,6.5,1.0,79.0,10.0
3797.7430373429047,80.0,0.0,18.0,10.0,18.0,6.5,1.0,79.0,10.0
3797.7436373429045,80.0,0.0,18.0,10.0,18.0,6.5,1.0,79.0,10.0
3798.1436373429046,80.0,0.0,18.0,10.0,18.0,6.5,1.0,79.0,10.0
3798.1442373429045,80.0,0.0,18.0,10.0,18.0,6.5,1.0,79.0,10.0
3798.5442373429046,80.0,0.0,18.0,10.0,18.0,6.5,1.0,79.0,10.0
3798.5448373429044,80.0,0.0,18.0,10.0,18.0,6.5,1.0,79.0,10.0
3798.9448373429045,80.0,0.0,18.0,10.0,18.0,6.5,1.0,79.0,10.0
3798.9454373429044,80.0,0.0,18.0,10.0,18.0,6.5,1.0,79.0,10.0
3799.3454373429045,80.0,0.0,18.0,10.0,18.0,6.5,1.0,79.0,10.0
3799.3460373429043,80.0,0.0,18.0,10.0,18.0,6.5,1.0,79.0,10.0
3799.7460373429044,80.0,0.0,18.0,10.0,18.0,6.5,1.0,79.0,10.0
3799.7466373429043,80.0,0.0,18.0,10.0,18.0,6.5,1.0,79.0,10.0
3800.1466373429043,80.0,0.0,18.0,10.0,18.0,6.5,1.0,79.0,10.0
3800.147237342904,80.0,0.0,18.0,10.0,18.0,6.5,1.0,79.0,10.0
3800.5472373429043,80.0,0.0,18.0,10.0,18.0,6.5,1.0,79.0,10.0
3800.547837342904,80.0,0.0,18.0,10.0,18.0,6.5,1.0,79.0,10.0
3800.947837342904,80.0,0.0,18.0,10.0,18.0,6.5,1.0,79.0,10.0
3800.948437342904,80.0,0.0,18.0,10.0,18.0,6.5,1.0,79.0,10.0
3801.348437342904,80.0,0.0,18.0,10.0,18.0,6.5,1.0,79.0,10.0
3801.349037342904,80.0,0.0,18.0,10.0,18.0,6.5,1.0,79.0,10.0
3801.749037342904,80.0,0.0,18.0,10.0,18.0,6.5,1.0,79.0,10.0
3801.749637342904,80.0,0.0,18.0,10.0,18.0,6.5,1.0,79.0,10.0
3802.149637342904,80.0,0.0,18.0,10.0,18.0,6.5,1.0,79.0,10.0
3802.150237342904,70.0,0.0,18.0,10.0,18.0,6.5,1.0,79.0,10.0
3802.550237342904,70.0,0.0,18.0,10.0,18.0,6.5,1.0,79.0,10.0
3802.550837342904,70.0,0.0,18.0,10.0,18.0,6.5,1.0,79.0,10.0
3802.950837342904,70.0,0.0,18.0,10.0,18.0,6.5,1.0,79.0,10.0
3802.951437342904,70.0,0.0,18.0,10.0,18.0,6.5,1.0,79.0,10.0
3803.351437342904,70.0,0.0,18.0,10.0,18.0,6.5,1.0,79.0,10.0
3803.3520373429037,70.0,0.0,18.0,10.0,18.0,6.5,1.0,79.0,10.0
3803.752037342904,70.0,0.0,18.0,10.0,18.0,6.5,1.0,79.0,10.0
3803.7526373429037,70.0,0.0,18.0,10.0,18.0,6.5,1.0,79.0,10.0
3804.1526373429037,70.0,0.0,18.0,10.0,18.0,6.5,1.0,79.0,10.0
3804.1532373429036,70.0,0.0,18.0,10.0,18.0,6.5,1.0,79.0,10.0
3804.5532373429037,70.0,0.0,18.0,10.0,18.0,6.5,1.0,79.0,10.0
3804.5538373429035,70.0,0.0,18.0,10.0,18.0,6.5,1.0,79.0,10.0
3804.9538373429036,70.0,0.0,18.0,10.0,18.0,6.5,1.0,79.0,10.0
3804.9544373429035,70.0,0.0,18.0,10.0,18.0,6.5,1.0,79.0,10.0
3805.3544373429036,70.0,0.0,18.0,10.0,18.0,6.5,1.0,79.0,10.0
3805.3550373429034,70.0,0.0,18.0,10.0,18.0,6.5,1.0,79.0,10.0
3805.7550373429035,70.0,0.0,18.0,10.0,18.0,6.5,1.0,79.0,10.0
3805.7556373429034,70.0,0.0,18.0,10.0,18.0,6.5,1.0,79.0,10.0
3806.1556373429034,70.0,0.0,18.0,10.0,18.0,6.5,1.0,79.0,10.0
3806.1562373429033,70.0,0.0,18.0,10.0,18.0,6.5,1.0,79.0,10.0
3806.5562373429034,70.0,0.0,18.0,10.0,18.0,6.5,1.0,79.0,10.0
3806.5568373429032,70.0,0.0,18.0,10.0,18.0,6.5,1.0,79.0,10.0
3806.9568373429033,70.0,0.0,18.0,10.0,18.0,6.5,1.0,79.0,10.0
3806.957437342903,70.0,0.0,18.0,10.0,18.0,6.5,1.0,79.0,10.0
3807.3574373429033,70.0,0.0,18.0,10.0,18.0,6.5,1.0,79.0,10.0
3807.358037342903,70.0,0.0,18.0,10.0,18.0,6.5,1.0,79.0,10.0
3807.758037342903,70.0,0.0,18.0,10.0,18.0,6.5,1.0,79.0,10.0
3807.758637342903,70.0,0.0,18.0,10.0,18.0,6.5,1.0,79.0,10.0
3808.158637342903,70.0,0.0,18.0,10.0,18.0,6.5,1.0,79.0,10.0
3808.159237342903,70.0,0.0,18.0,10.0,18.0,6.5,1.0,79.0,10.0
3808.559237342903,70.0,0.0,18.0,10.0,18.0,6.5,1.0,79.0,10.0
3808.559837342903,70.0,0.0,18.0,10.0,18.0,6.5,1.0,79.0,10.0
3808.959837342903,70.0,0.0,18.0,10.0,18.0,6.5,1.0,79.0,10.0
3808.960437342903,70.0,0.0,18.0,10.0,18.0,6.5,1.0,79.0,10.0
3809.360437342903,70.0,0.0,18.0,10.0,18.0,6.5,1.0,79.0,10.0
3809.361037342903,70.0,0.0,18.0,10.0,18.0,6.5,1.0,79.0,10.0
3809.761037342903,70.0,0.0,18.0,10.0,18.0,6.5,1.0,79.0,10.0
3809.7616373429028,70.0,0.0,18.0,10.0,18.0,6.5,1.0,79.0,10.0
3810.161637342903,70.0,0.0,18.0,10.0,18.0,6.5,1.0,79.0,10.0
3810.1622373429027,70.0,0.0,18.0,10.0,18.0,6.5,1.0,79.0,10.0
3810.562237342903,70.0,0.0,18.0,10.0,18.0,6.5,1.0,79.0,10.0
3810.5628373429026,70.0,0.0,18.0,10.0,18.0,6.5,1.0,79.0,10.0
3810.9628373429027,70.0,0.0,18.0,10.0,18.0,6.5,1.0,79.0,10.0
3810.9634373429026,60.0,0.0,18.0,10.0,18.0,6.5,1.0,79.0,10.0
3811.3634373429027,60.0,0.0,18.0,10.0,18.0,6.5,1.0,79.0,10.0
3811.3640373429025,60.0,0.0,18.0,10.0,18.0,6.5,1.0,79.0,10.0
3811.7640373429026,60.0,0.0,18.0,10.0,18.0,6.5,1.0,79.0,10.0
3811.7646373429025,60.0,0.0,18.0,10.0,18.0,6.5,1.0,79.0,10.0
3812.1646373429026,60.0,0.0,18.0,10.0,18.0,6.5,1.0,79.0,10.0
3812.1652373429024,60.0,0.0,18.0,10.0,18.0,6.5,1.0,79.0,10.0
3812.5652373429025,60.0,0.0,18.0,10.0,18.0,6.5,1.0,79.0,10.0
3812.5658373429023,60.0,0.0,18.0,10.0,18.0,6.5,1.0,79.0,10.0
3812.9658373429024,60.0,0.0,18.0,10.0,18.0,6.5,1.0,79.0,10.0
3812.9664373429023,60.0,0.0,18.0,10.0,18.0,6.5,1.0,79.0,10.0
3813.3664373429024,60.0,0.0,18.0,10.0,18.0,6.5,1.0,79.0,10.0
3813.367037342902,60.0,0.0,18.0,10.0,18.0,6.5,1.0,79.0,10.0
3813.7670373429023,60.0,0.0,18.0,10.0,18.0,6.5,1.0,79.0,10.0
3813.767637342902,60.0,0.0,18.0,10.0,18.0,6.5,1.0,79.0,10.0
3814.1676373429023,60.0,0.0,18.0,10.0,18.0,6.5,1.0,79.0,10.0
3814.168237342902,60.0,0.0,18.0,10.0,18.0,6.5,1.0,79.0,10.0
3814.568237342902,60.0,0.0,18.0,10.0,18.0,6.5,1.0,79.0,10.0
3814.568837342902,60.0,0.0,18.0,10.0,18.0,6.5,1.0,79.0,10.0
3814.968837342902,60.0,0.0,18.0,10.0,18.0,6.5,1.0,79.0,10.0
3814.969437342902,60.0,0.0,18.0,10.0,18.0,6.5,1.0,79.0,10.0
3815.369437342902,60.0,0.0,18.0,10.0,18.0,6.5,1.0,79.0,10.0
3815.370037342902,60.0,0.0,18.0,10.0,18.0,6.5,1.0,79.0,10.0
3815.770037342902,60.0,0.0,18.0,10.0,18.0,6.5,1.0,79.0,10.0
3815.770637342902,60.0,0.0,18.0,10.0,18.0,6.5,1.0,79.0,10.0
3816.170637342902,60.0,0.0,18.0,10.0,18.0,6.5,1.0,79.0,10.0
3816.171237342902,60.0,0.0,18.0,10.0,18.0,6.5,1.0,79.0,10.0
3816.571237342902,60.0,0.0,18.0,10.0,18.0,6.5,1.0,79.0,10.0
3816.5718373429017,60.0,0.0,18.0,10.0,18.0,6.5,1.0,79.0,10.0
3816.971837342902,60.0,0.0,18.0,10.0,18.0,6.5,1.0,79.0,10.0
3816.9724373429017,60.0,0.0,18.0,10.0,18.0,6.5,1.0,79.0,10.0
3817.372437342902,60.0,0.0,18.0,10.0,18.0,6.5,1.0,79.0,10.0
3817.3730373429016,60.0,0.0,18.0,10.0,18.0,6.5,1.0,79.0,10.0
3817.7730373429017,60.0,0.0,18.0,10.0,18.0,6.5,1.0,79.0,10.0
3817.7736373429016,60.0,0.0,18.0,10.0,18.0,6.5,1.0,79.0,10.0
3818.1736373429017,60.0,0.0,18.0,10.0,18.0,6.5,1.0,79.0,10.0
3818.1742373429015,70.0,0.0,18.0,10.0,18.0,6.5,1.0,79.0,10.0
3818.5742373429016,70.0,0.0,18.0,10.0,18.0,6.5,1.0,79.0,10.0
3818.5748373429014,70.0,0.0,18.0,10.0,18.0,6.5,1.0,79.0,10.0
3818.9748373429015,70.0,0.0,18.0,10.0,18.0,6.5,1.0,79.0,10.0
3818.9754373429014,70.0,0.0,18.0,10.0,18.0,6.5,1.0,79.0,10.0
3819.3754373429015,70.0,0.0,18.0,10.0,18.0,6.5,1.0,79.0,10.0
3819.3760373429013,70.0,0.0,18.0,10.0,18.0,6.5,1.0,79.0,10.0
3819.7760373429014,70.0,0.0,18.0,10.0,18.0,6.5,1.0,79.0,10.0
3819.7766373429013,70.0,0.0,18.0,10.0,18.0,6.5,1.0,79.0,10.0
3820.1766373429014,70.0,0.0,18.0,10.0,18.0,6.5,1.0,79.0,10.0
3820.177237342901,70.0,0.0,18.0,10.0,18.0,6.5,1.0,79.0,10.0
3820.5772373429013,70.0,0.0,18.0,10.0,18.0,6.5,1.0,79.0,10.0
3820.577837342901,70.0,0.0,18.0,10.0,18.0,6.5,1.0,79.0,10.0
3820.9778373429012,70.0,0.0,18.0,10.0,18.0,6.5,1.0,79.0,10.0
3820.978437342901,70.0,0.0,18.0,10.0,18.0,6.5,1.0,79.0,10.0
3821.378437342901,70.0,0.0,18.0,10.0,18.0,6.5,1.0,79.0,10.0
3821.379037342901,70.0,0.0,18.0,10.0,18.0,6.5,1.0,79.0,10.0
3821.779037342901,70.0,0.0,18.0,10.0,18.0,6.5,1.0,79.0,10.0
3821.779637342901,70.0,0.0,18.0,10.0,18.0,6.5,1.0,79.0,10.0
3822.179637342901,70.0,0.0,18.0,10.0,18.0,6.5,1.0,79.0,10.0
3822.180237342901,70.0,0.0,18.0,10.0,18.0,6.5,1.0,79.0,10.0
3822.580237342901,70.0,0.0,18.0,10.0,18.0,6.5,1.0,79.0,10.0
3822.580837342901,70.0,0.0,18.0,10.0,18.0,6.5,1.0,79.0,10.0
3822.980837342901,70.0,0.0,18.0,10.0,18.0,6.5,1.0,79.0,10.0
3822.981437342901,70.0,0.0,18.0,10.0,18.0,6.5,1.0,79.0,10.0
3823.381437342901,70.0,0.0,18.0,10.0,18.0,6.5,1.0,79.0,10.0
3823.3820373429007,70.0,0.0,18.0,10.0,18.0,6.5,1.0,79.0,10.0
3823.782037342901,70.0,0.0,18.0,10.0,18.0,6.5,1.0,79.0,10.0
3823.7826373429007,70.0,0.0,18.0,10.0,18.0,6.5,1.0,79.0,10.0
3824.1826373429008,70.0,0.0,18.0,10.0,18.0,6.5,1.0,79.0,10.0
3824.1832373429006,70.0,0.0,18.0,10.0,18.0,6.5,1.0,79.0,10.0
3824.5832373429007,70.0,0.0,18.0,10.0,18.0,6.5,1.0,79.0,10.0
3824.5838373429006,70.0,0.0,18.0,10.0,18.0,6.5,1.0,79.0,10.0
3824.9838373429006,70.0,0.0,18.0,10.0,18.0,6.5,1.0,79.0,10.0
3824.9844373429005,70.0,0.0,18.0,10.0,18.0,6.5,1.0,79.0,10.0
3825.3844373429006,70.0,0.0,18.0,10.0,18.0,6.5,1.0,79.0,10.0
3825.3850373429004,60.0,0.0,18.0,10.0,18.0,6.5,1.0,79.0,10.0
3825.7850373429005,60.0,0.0,18.0,10.0,18.0,6.5,1.0,79.0,10.0
3825.7856373429004,60.0,0.0,18.0,10.0,18.0,6.5,1.0,79.0,10.0
3826.1856373429005,60.0,0.0,18.0,10.0,18.0,6.5,1.0,79.0,10.0
3826.1862373429003,60.0,0.0,18.0,10.0,18.0,6.5,1.0,79.0,10.0
3826.5862373429004,60.0,0.0,18.0,10.0,18.0,6.5,1.0,79.0,10.0
3826.5868373429003,60.0,0.0,18.0,10.0,18.0,6.5,1.0,79.0,10.0
3826.9868373429003,60.0,0.0,18.0,10.0,18.0,6.5,1.0,79.0,10.0
3826.9874373429,60.0,0.0,18.0,10.0,18.0,6.5,1.0,79.0,10.0
3827.3874373429003,60.0,0.0,18.0,10.0,18.0,6.5,1.0,79.0,10.0
3827.3880373429,60.0,0.0,18.0,10.0,18.0,6.5,1.0,79.0,10.0
3827.7880373429,60.0,0.0,18.0,10.0,18.0,6.5,1.0,79.0,10.0
3827.7886373429,60.0,0.0,18.0,10.0,18.0,6.5,1.0,79.0,10.0
3828.1886373429,60.0,0.0,18.0,10.0,18.0,6.5,1.0,79.0,10.0
3828.1892373429,60.0,0.0,18.0,10.0,18.0,6.5,1.0,79.0,10.0
3828.5892373429,60.0,0.0,18.0,10.0,18.0,6.5,1.0,79.0,10.0
3828.5898373429,60.0,0.0,18.0,10.0,18.0,6.5,1.0,79.0,10.0
3828.9898373429,60.0,0.0,18.0,10.0,18.0,6.5,1.0,79.0,10.0
3828.9904373429,60.0,0.0,18.0,10.0,18.0,6.5,1.0,79.0,10.0
3829.3904373429,60.0,0.0,18.0,10.0,18.0,6.5,1.0,79.0,10.0
3829.3910373429,60.0,0.0,18.0,10.0,18.0,6.5,1.0,79.0,10.0
3829.7910373429,60.0,0.0,18.0,10.0,18.0,6.5,1.0,79.0,10.0
3829.7916373429,60.0,0.0,18.0,10.0,18.0,6.5,1.0,79.0,10.0
3830.1916373429,60.0,0.0,18.0,10.0,18.0,6.5,1.0,79.0,10.0
3830.1922373428997,60.0,0.0,18.0,10.0,18.0,6.5,1.0,79.0,10.0
3830.5922373429,60.0,0.0,18.0,10.0,18.0,6.5,1.0,79.0,10.0
3830.5928373428997,60.0,0.0,18.0,10.0,18.0,4.5,1.0,80.0,10.0
3830.9928373428997,60.0,0.0,18.0,10.0,18.0,4.5,1.0,80.0,10.0
3830.9934373428996,60.0,0.0,18.0,10.0,18.0,4.5,1.0,80.0,10.0
3831.3934373428997,60.0,0.0,18.0,10.0,18.0,4.5,1.0,80.0,10.0
3831.3940373428995,60.0,0.0,18.0,10.0,18.0,4.5,1.0,80.0,10.0
3831.7940373428996,60.0,0.0,18.0,10.0,18.0,4.5,1.0,80.0,10.0
3831.7946373428995,60.0,0.0,18.0,10.0,18.0,4.5,1.0,80.0,10.0
3832.1946373428996,60.0,0.0,18.0,10.0,18.0,4.5,1.0,80.0,10.0
3832.1952373428994,60.0,0.0,18.0,10.0,18.0,4.5,1.0,80.0,10.0
3832.5952373428995,60.0,0.0,18.0,10.0,18.0,4.5,1.0,80.0,10.0
3832.5958373428994,60.0,0.0,18.0,10.0,18.0,4.5,1.0,80.0,10.0
3832.9958373428994,60.0,0.0,18.0,10.0,18.0,4.5,1.0,80.0,10.0
3832.9964373428993,60.0,0.0,18.0,10.0,18.0,4.5,1.0,80.0,10.0
3833.3964373428994,60.0,0.0,18.0,10.0,18.0,4.5,1.0,80.0,10.0
3833.3970373428992,60.0,0.0,18.0,10.0,18.0,4.5,1.0,80.0,10.0
3833.7970373428993,60.0,0.0,18.0,10.0,18.0,4.5,1.0,80.0,10.0
3833.797637342899,60.0,0.0,18.0,10.0,18.0,4.5,1.0,80.0,10.0
3834.1976373428993,60.0,0.0,18.0,10.0,18.0,4.5,1.0,80.0,10.0
3834.198237342899,60.0,0.0,18.0,10.0,18.0,4.5,1.0,80.0,10.0
3834.598237342899,60.0,0.0,18.0,10.0,18.0,4.5,1.0,80.0,10.0
3834.598837342899,60.0,0.0,18.0,10.0,18.0,4.5,1.0,80.0,10.0
3834.998837342899,60.0,0.0,18.0,10.0,18.0,4.5,1.0,80.0,10.0
3834.999437342899,60.0,0.0,18.0,10.0,18.0,4.5,1.0,80.0,10.0
3835.399437342899,60.0,0.0,18.0,10.0,18.0,4.5,1.0,80.0,10.0
3835.400037342899,60.0,0.0,18.0,10.0,18.0,4.5,1.0,80.0,10.0
3835.800037342899,60.0,0.0,18.0,10.0,18.0,4.5,1.0,80.0,10.0
3835.800637342899,60.0,0.0,18.0,10.0,18.0,4.5,1.0,80.0,10.0
3836.200637342899,60.0,0.0,18.0,10.0,18.0,4.5,1.0,80.0,10.0
3836.201237342899,60.0,0.0,18.0,10.0,18.0,4.5,1.0,80.0,10.0
3836.601237342899,60.0,0.0,18.0,10.0,18.0,4.5,1.0,80.0,10.0
3836.6018373428988,60.0,0.0,18.0,10.0,18.0,4.5,1.0,80.0,10.0
3837.001837342899,60.0,0.0,18.0,10.0,18.0,4.5,1.0,80.0,10.0
3837.0024373428987,60.0,0.0,18.0,10.0,18.0,4.5,1.0,80.0,10.0
3837.402437342899,60.0,0.0,18.0,10.0,18.0,4.5,1.0,80.0,10.0
3837.4030373428986,60.0,0.0,18.0,10.0,18.0,4.5,1.0,80.0,10.0
3837.8030373428987,60.0,0.0,18.0,10.0,18.0,4.5,1.0,80.0,10.0
3837.8036373428986,60.0,0.0,18.0,10.0,18.0,4.5,1.0,80.0,10.0
3838.2036373428987,60.0,0.0,18.0,10.0,18.0,4.5,1.0,80.0,10.0
3838.2042373428985,60.0,0.0,18.0,10.0,18.0,4.5,1.0,80.0,10.0
3838.6042373428986,60.0,0.0,18.0,10.0,18.0,4.5,1.0,80.0,10.0
3838.6048373428985,60.0,0.0,18.0,10.0,18.0,4.5,1.0,80.0,10.0
3839.0048373428986,60.0,0.0,18.0,10.0,18.0,4.5,1.0,80.0,10.0
3839.0054373428984,50.0,0.0,18.0,10.0,18.0,4.5,1.0,80.0,10.0
3839.4054373428985,50.0,0.0,18.0,10.0,18.0,4.5,1.0,80.0,10.0
3839.4060373428983,50.0,0.0,18.0,10.0,18.0,4.5,1.0,80.0,10.0
3839.8060373428984,50.0,0.0,18.0,10.0,18.0,4.5,1.0,80.0,10.0
3839.8066373428983,50.0,0.0,18.0,10.0,18.0,4.5,1.0,80.0,10.0
3840.2066373428984,50.0,0.0,18.0,10.0,18.0,4.5,1.0,80.0,10.0
3840.207237342898,50.0,0.0,18.0,10.0,18.0,4.5,1.0,80.0,10.0
3840.6072373428983,50.0,0.0,18.0,10.0,18.0,4.5,1.0,80.0,10.0
3840.607837342898,50.0,0.0,18.0,10.0,18.0,4.5,1.0,80.0,10.0
3841.0078373428983,50.0,0.0,18.0,10.0,18.0,4.5,1.0,80.0,10.0
3841.008437342898,50.0,0.0,18.0,10.0,18.0,4.5,1.0,80.0,10.0
3841.408437342898,50.0,0.0,18.0,10.0,18.0,4.5,1.0,80.0,10.0
3841.409037342898,50.0,0.0,18.0,10.0,18.0,4.5,1.0,80.0,10.0
3841.809037342898,50.0,0.0,18.0,10.0,18.0,4.5,1.0,80.0,10.0
3841.809637342898,50.0,0.0,18.0,10.0,18.0,4.5,1.0,80.0,10.0
3842.209637342898,50.0,0.0,18.0,10.0,18.0,4.5,1.0,80.0,10.0
3842.210237342898,50.0,0.0,18.0,10.0,18.0,9.5,1.0,80.0,10.0
3842.610237342898,50.0,0.0,18.0,10.0,18.0,9.5,1.0,80.0,10.0
3842.610837342898,50.0,0.0,18.0,10.0,18.0,9.5,1.0,80.0,10.0
3843.010837342898,50.0,0.0,18.0,10.0,18.0,9.5,1.0,80.0,10.0
3843.011437342898,50.0,0.0,18.0,10.0,18.0,9.5,1.0,80.0,10.0
3843.411437342898,50.0,0.0,18.0,10.0,18.0,9.5,1.0,80.0,10.0
3843.4120373428977,60.0,0.0,18.0,10.0,18.0,9.5,1.0,80.0,10.0
3843.812037342898,60.0,0.0,18.0,10.0,18.0,9.5,1.0,80.0,10.0
3843.8126373428977,60.0,0.0,18.0,10.0,18.0,9.5,1.0,80.0,10.0
3844.212637342898,60.0,0.0,18.0,10.0,18.0,9.5,1.0,80.0,10.0
3844.2132373428976,60.0,0.0,18.0,10.0,18.0,9.5,1.0,80.0,10.0
3844.6132373428977,60.0,0.0,18.0,10.0,18.0,9.5,1.0,80.0,10.0
3844.6138373428976,60.0,0.0,18.0,10.0,18.0,9.5,1.0,80.0,10.0
3845.0138373428977,60.0,0.0,18.0,10.0,18.0,9.5,1.0,80.0,10.0
3845.0144373428975,60.0,0.0,18.0,10.0,18.0,9.5,1.0,80.0,10.0
3845.4144373428976,60.0,0.0,18.0,10.0,18.0,9.5,1.0,80.0,10.0
3845.4150373428974,60.0,0.0,18.0,10.0,18.0,9.5,1.0,80.0,10.0
3845.8150373428975,60.0,0.0,18.0,10.0,18.0,9.5,1.0,80.0,10.0
3845.8156373428974,60.0,0.0,18.0,10.0,18.0,9.5,1.0,80.0,10.0
3846.2156373428975,60.0,0.0,18.0,10.0,18.0,9.5,1.0,80.0,10.0
3846.2162373428973,60.0,0.0,18.0,10.0,18.0,9.5,1.0,80.0,10.0
3846.6162373428974,60.0,0.0,18.0,10.0,18.0,9.5,1.0,80.0,10.0
3846.6168373428973,60.0,0.0,18.0,10.0,18.0,9.5,1.0,80.0,10.0
3847.0168373428974,60.0,0.0,18.0,10.0,18.0,9.5,1.0,80.0,10.0
3847.017437342897,60.0,0.0,18.0,10.0,18.0,9.5,1.0,80.0,10.0
3847.4174373428973,60.0,0.0,18.0,10.0,18.0,9.5,1.0,80.0,10.0
3847.418037342897,60.0,0.0,18.0,10.0,18.0,9.5,1.0,80.0,10.0
3847.8180373428972,60.0,0.0,18.0,10.0,18.0,9.5,1.0,80.0,10.0
3847.818637342897,60.0,0.0,18.0,10.0,18.0,9.5,1.0,80.0,10.0
3848.218637342897,60.0,0.0,18.0,10.0,18.0,9.5,1.0,80.0,10.0
3848.219237342897,60.0,0.0,18.0,10.0,18.0,9.5,1.0,80.0,10.0
3848.619237342897,60.0,0.0,18.0,10.0,18.0,9.5,1.0,80.0,10.0
3848.619837342897,60.0,0.0,18.0,10.0,18.0,9.5,1.0,80.0,10.0
3849.019837342897,60.0,0.0,18.0,10.0,18.0,9.5,1.0,80.0,10.0
3849.020437342897,60.0,0.0,18.0,10.0,18.0,9.5,1.0,80.0,10.0
3849.420437342897,60.0,0.0,18.0,10.0,18.0,9.5,1.0,80.0,10.0
3849.421037342897,60.0,0.0,18.0,10.0,18.0,9.5,1.0,80.0,10.0
3849.821037342897,60.0,0.0,18.0,10.0,18.0,9.5,1.0,80.0,10.0
3849.821637342897,60.0,0.0,18.0,10.0,18.0,9.5,1.0,80.0,10.0
3850.221637342897,60.0,0.0,18.0,10.0,18.0,9.5,1.0,80.0,10.0
3850.2222373428967,60.0,0.0,18.0,10.0,18.0,9.5,1.0,80.0,10.0
3850.622237342897,60.0,0.0,18.0,10.0,18.0,9.5,1.0,80.0,10.0
3850.6228373428967,60.0,0.0,18.0,10.0,18.0,9.5,1.0,80.0,10.0
3851.0228373428968,60.0,0.0,18.0,10.0,18.0,9.5,1.0,80.0,10.0
3851.0234373428966,60.0,0.0,18.0,10.0,18.0,9.5,1.0,80.0,10.0
3851.4234373428967,60.0,0.0,18.0,10.0,18.0,9.5,1.0,80.0,10.0
3851.4240373428966,60.0,0.0,18.0,10.0,18.0,9.5,1.0,80.0,10.0
3851.8240373428966,60.0,0.0,18.0,10.0,18.0,9.5,1.0,80.0,10.0
3851.8246373428965,60.0,0.0,18.0,10.0,18.0,9.5,1.0,80.0,10.0
3852.2246373428966,60.0,0.0,18.0,10.0,18.0,9.5,1.0,80.0,10.0
3852.2252373428964,60.0,0.0,18.0,10.0,18.0,9.5,1.0,80.0,10.0
3852.6252373428965,60.0,0.0,18.0,10.0,18.0,9.5,1.0,80.0,10.0
3852.6258373428964,60.0,0.0,18.0,10.0,18.0,9.5,1.0,80.0,10.0
3853.0258373428965,60.0,0.0,18.0,10.0,18.0,9.5,1.0,80.0,10.0
3853.0264373428963,60.0,0.0,18.0,10.0,18.0,9.5,1.0,80.0,10.0
3853.4264373428964,60.0,0.0,18.0,10.0,18.0,9.5,1.0,80.0,10.0
3853.4270373428963,60.0,0.0,18.0,10.0,18.0,9.5,1.0,80.0,10.0
3853.8270373428963,60.0,0.0,18.0,10.0,18.0,9.5,1.0,80.0,10.0
3853.827637342896,60.0,0.0,18.0,10.0,18.0,9.5,1.0,80.0,10.0
3854.2276373428963,60.0,0.0,18.0,10.0,18.0,9.5,1.0,80.0,10.0
3854.228237342896,60.0,0.0,18.0,10.0,18.0,9.5,1.0,80.0,10.0
3854.628237342896,60.0,0.0,18.0,10.0,18.0,9.5,1.0,80.0,10.0
3854.628837342896,60.0,0.0,18.0,10.0,18.0,9.5,1.0,80.0,10.0
3855.028837342896,60.0,0.0,18.0,10.0,18.0,9.5,1.0,80.0,10.0
3855.029437342896,60.0,0.0,18.0,10.0,18.0,9.5,1.0,80.0,10.0
3855.429437342896,60.0,0.0,18.0,10.0,18.0,9.5,1.0,80.0,10.0
3855.430037342896,60.0,0.0,18.0,10.0,18.0,9.5,1.0,80.0,10.0
3855.830037342896,60.0,0.0,18.0,10.0,18.0,9.5,1.0,80.0,10.0
3855.830637342896,60.0,0.0,18.0,10.0,18.0,9.5,1.0,80.0,10.0
3856.230637342896,60.0,0.0,18.0,10.0,18.0,9.5,1.0,80.0,10.0
3856.231237342896,60.0,0.0,18.0,10.0,18.0,9.5,1.0,80.0,10.0
3856.631237342896,60.0,0.0,18.0,10.0,18.0,9.5,1.0,80.0,10.0
3856.631837342896,60.0,0.0,18.0,10.0,18.0,9.5,1.0,80.0,10.0
3857.031837342896,60.0,0.0,18.0,10.0,18.0,9.5,1.0,80.0,10.0
3857.0324373428957,60.0,0.0,18.0,10.0,18.0,9.5,1.0,80.0,10.0
3857.432437342896,60.0,0.0,18.0,10.0,18.0,9.5,1.0,80.0,10.0
3857.4330373428957,60.0,0.0,18.0,10.0,18.0,9.5,1.0,80.0,10.0
3857.8330373428958,60.0,0.0,18.0,10.0,18.0,9.5,1.0,80.0,10.0
3857.8336373428956,60.0,0.0,18.0,10.0,18.0,9.5,1.0,80.0,10.0
3858.2336373428957,60.0,0.0,18.0,10.0,18.0,9.5,1.0,80.0,10.0
3858.2342373428955,60.0,0.0,18.0,10.0,18.0,9.5,1.0,80.0,10.0
3858.6342373428956,60.0,0.0,18.0,10.0,18.0,9.5,1.0,80.0,10.0
3858.6348373428955,60.0,0.0,18.0,10.0,18.0,9.5,1.0,80.0,10.0
3859.0348373428956,60.0,0.0,18.0,10.0,18.0,9.5,1.0,80.0,10.0
3859.0354373428954,60.0,0.0,18.0,10.0,18.0,9.5,1.0,80.0,10.0
3859.4354373428955,60.0,0.0,18.0,10.0,18.0,9.5,1.0,80.0,10.0
3859.4360373428954,60.0,0.0,18.0,10.0,18.0,9.5,1.0,80.0,10.0
3859.8360373428955,60.0,0.0,18.0,10.0,18.0,9.5,1.0,80.0,10.0
3859.8366373428953,60.0,0.0,18.0,10.0,18.0,9.5,1.0,80.0,10.0
3860.2366373428954,60.0,0.0,18.0,10.0,18.0,9.5,1.0,80.0,10.0
3860.2372373428952,60.0,0.0,18.0,10.0,18.0,9.5,1.0,80.0,10.0
3860.6372373428953,60.0,0.0,18.0,10.0,18.0,9.5,1.0,80.0,10.0
3860.637837342895,60.0,0.0,18.0,10.0,18.0,9.5,1.0,80.0,10.0
3861.0378373428953,60.0,0.0,18.0,10.0,18.0,9.5,1.0,80.0,10.0
3861.038437342895,60.0,0.0,18.0,10.0,18.0,9.5,1.0,80.0,10.0
3861.438437342895,60.0,0.0,18.0,10.0,18.0,9.5,1.0,80.0,10.0
3861.439037342895,60.0,0.0,18.0,10.0,18.0,9.5,1.0,80.0,10.0
3861.839037342895,60.0,0.0,18.0,10.0,18.0,9.5,1.0,80.0,10.0
3861.839637342895,60.0,0.0,18.0,10.0,18.0,9.5,1.0,80.0,10.0
3862.239637342895,60.0,0.0,18.0,10.0,18.0,9.5,1.0,80.0,10.0
3862.240237342895,60.0,0.0,18.0,10.0,18.0,9.5,1.0,80.0,10.0
3862.640237342895,60.0,0.0,18.0,10.0,18.0,9.5,1.0,80.0,10.0
3862.640837342895,60.0,0.0,18.0,10.0,18.0,9.5,1.0,80.0,10.0
3863.040837342895,60.0,0.0,18.0,10.0,18.0,9.5,1.0,80.0,10.0
3863.041437342895,60.0,0.0,18.0,10.0,18.0,9.5,1.0,80.0,10.0
3863.441437342895,60.0,0.0,18.0,10.0,18.0,9.5,1.0,80.0,10.0
3863.4420373428948,60.0,0.0,18.0,10.0,18.0,9.5,1.0,80.0,10.0
3863.842037342895,60.0,0.0,18.0,10.0,18.0,9.5,1.0,80.0,10.0
3863.8426373428947,60.0,0.0,18.0,10.0,18.0,9.5,1.0,80.0,10.0
3864.242637342895,60.0,0.0,18.0,10.0,18.0,9.5,1.0,80.0,10.0
3864.2432373428946,60.0,0.0,18.0,10.0,18.0,9.5,1.0,80.0,10.0
3864.6432373428947,60.0,0.0,18.0,10.0,18.0,9.5,1.0,80.0,10.0
3864.6438373428946,60.0,0.0,18.0,10.0,18.0,9.5,1.0,80.0,10.0
3865.0438373428947,60.0,0.0,18.0,10.0,18.0,9.5,1.0,80.0,10.0
3865.0444373428945,60.0,0.0,18.0,10.0,18.0,9.5,1.0,80.0,10.0
3865.4444373428946,60.0,0.0,18.0,10.0,18.0,9.5,1.0,80.0,10.0
3865.4450373428945,60.0,0.0,18.0,10.0,18.0,9.5,1.0,80.0,10.0
3865.8450373428946,60.0,0.0,18.0,10.0,18.0,9.5,1.0,80.0,10.0
3865.8456373428944,60.0,0.0,18.0,10.0,18.0,9.5,1.0,80.0,10.0
3866.2456373428945,60.0,0.0,18.0,10.0,18.0,9.5,1.0,80.0,10.0
3866.2462373428943,60.0,0.0,18.0,10.0,18.0,9.5,1.0,80.0,10.0
3866.6462373428944,60.0,0.0,18.0,10.0,18.0,9.5,1.0,80.0,10.0
3866.6468373428943,60.0,0.0,18.0,10.0,18.0,9.5,1.0,80.0,10.0
3867.0468373428944,60.0,0.0,18.0,10.0,18.0,9.5,1.0,80.0,10.0
3867.047437342894,60.0,0.0,18.0,10.0,18.0,9.5,1.0,80.0,10.0
3867.4474373428943,60.0,0.0,18.0,10.0,18.0,9.5,1.0,80.0,10.0
3867.448037342894,60.0,0.0,18.0,10.0,18.0,9.5,1.0,80.0,10.0
3867.8480373428943,60.0,0.0,18.0,10.0,18.0,9.5,1.0,80.0,10.0
3867.848637342894,60.0,0.0,18.0,10.0,18.0,9.5,1.0,80.0,10.0
3868.248637342894,60.0,0.0,18.0,10.0,18.0,9.5,1.0,80.0,10.0
3868.249237342894,60.0,0.0,18.0,10.0,18.0,9.5,1.0,80.0,10.0
3868.649237342894,60.0,0.0,18.0,10.0,18.0,9.5,1.0,80.0,10.0
3868.649837342894,60.0,0.0,18.0,10.0,18.0,9.5,1.0,80.0,10.0
3869.049837342894,60.0,0.0,18.0,10.0,18.0,9.5,1.0,80.0,10.0
3869.050437342894,60.0,0.0,18.0,10.0,18.0,9.5,1.0,80.0,10.0
3869.450437342894,60.0,0.0,18.0,10.0,18.0,9.5,1.0,80.0,10.0
3869.451037342894,60.0,0.0,18.0,10.0,18.0,9.5,1.0,80.0,10.0
3869.851037342894,60.0,0.0,18.0,10.0,18.0,9.5,1.0,80.0,10.0
3869.851637342894,60.0,0.0,18.0,10.0,18.0,9.5,1.0,80.0,10.0
3870.251637342894,60.0,0.0,18.0,10.0,18.0,9.5,1.0,80.0,10.0
3870.2522373428937,60.0,0.0,18.0,10.0,18.0,9.5,1.0,80.0,10.0
3870.652237342894,60.0,0.0,18.0,10.0,18.0,9.5,1.0,80.0,10.0
3870.6528373428937,60.0,0.0,18.0,10.0,18.0,9.5,1.0,80.0,10.0
3871.052837342894,60.0,0.0,18.0,10.0,18.0,9.5,1.0,80.0,10.0
3871.0534373428936,60.0,0.0,18.0,10.0,18.0,9.5,1.0,80.0,10.0
3871.4534373428937,60.0,0.0,18.0,10.0,18.0,9.5,1.0,80.0,10.0
3871.4540373428936,60.0,0.0,18.0,10.0,18.0,9.5,1.0,80.0,10.0
3871.8540373428937,60.0,0.0,18.0,10.0,18.0,9.5,1.0,80.0,10.0
3871.8546373428935,60.0,0.0,18.0,10.0,18.0,9.5,1.0,80.0,10.0
3872.2546373428936,60.0,0.0,18.0,10.0,18.0,9.5,1.0,80.0,10.0
3872.2552373428935,60.0,0.0,18.0,10.0,18.0,9.5,1.0,80.0,10.0
3872.6552373428935,60.0,0.0,18.0,10.0,18.0,9.5,1.0,80.0,10.0
3872.6558373428934,60.0,0.0,18.0,10.0,18.0,7.5,1.0,81.0,10.0
3873.0558373428935,60.0,0.0,18.0,10.0,18.0,7.5,1.0,81.0,10.0
3873.0564373428933,60.0,0.0,18.0,10.0,18.0,7.5,1.0,81.0,10.0
3873.4564373428934,60.0,0.0,18.0,10.0,18.0,7.5,1.0,81.0,10.0
3873.4570373428933,60.0,0.0,18.0,10.0,18.0,5.5,1.0,82.0,10.0
3873.8570373428934,60.0,0.0,18.0,10.0,18.0,5.5,1.0,82.0,10.0
3873.857637342893,60.0,0.0,18.0,10.0,18.0,5.5,1.0,82.0,10.0
3874.2576373428933,60.0,0.0,18.0,10.0,18.0,5.5,1.0,82.0,10.0
3874.258237342893,60.0,0.0,18.0,9.0,18.0,5.5,1.0,82.0,10.0
3874.6582373428932,60.0,0.0,18.0,9.0,18.0,5.5,1.0,82.0,10.0
3874.65890400956,60.0,0.0,18.0,9.0,18.0,5.5,1.0,82.0,10.0
3875.05890400956,60.0,0.0,18.0,9.0,18.0,5.5,1.0,82.0,10.0
3875.059570676227,60.0,0.0,18.0,9.0,18.0,5.5,1.0,82.0,10.0
3875.459570676227,60.0,0.0,18.0,9.0,18.0,5.5,1.0,82.0,10.0
3875.460237342894,60.0,0.0,18.0,9.0,18.0,5.5,1.0,82.0,10.0
3875.860237342894,60.0,0.0,18.0,9.0,18.0,5.5,1.0,82.0,10.0
3875.8609040095607,60.0,0.0,18.0,9.0,18.0,5.5,1.0,82.0,10.0
3876.260904009561,60.0,0.0,18.0,9.0,18.0,5.5,1.0,82.0,10.0
3876.2615706762276,60.0,0.0,18.0,9.0,18.0,5.5,1.0,82.0,10.0
3876.6615706762277,60.0,0.0,18.0,9.0,18.0,5.5,1.0,82.0,10.0
3876.6622373428945,60.0,0.0,18.0,9.0,18.0,5.5,1.0,82.0,10.0
3877.0622373428946,60.0,0.0,18.0,9.0,18.0,5.5,1.0,82.0,10.0
3877.0629040095614,60.0,0.0,18.0,9.0,18.0,5.5,1.0,82.0,10.0
3877.4629040095615,60.0,0.0,18.0,9.0,18.0,5.5,1.0,82.0,10.0
3877.4635706762283,60.0,0.0,18.0,9.0,18.0,5.5,1.0,82.0,10.0
3877.8635706762284,60.0,0.0,18.0,9.0,18.0,5.5,1.0,82.0,10.0
3877.864237342895,60.0,0.0,18.0,9.0,18.0,5.5,1.0,82.0,10.0
3878.2642373428953,60.0,0.0,18.0,9.0,18.0,5.5,1.0,82.0,10.0
3878.264904009562,60.0,0.0,18.0,9.0,18.0,5.5,1.0,82.0,10.0
3878.664904009562,60.0,0.0,18.0,9.0,18.0,5.5,1.0,82.0,10.0
3878.665570676229,60.0,0.0,18.0,9.0,18.0,5.5,1.0,82.0,10.0
3879.065570676229,60.0,0.0,18.0,9.0,18.0,5.5,1.0,82.0,10.0
3879.066237342896,60.0,0.0,18.0,9.0,18.0,5.5,1.0,82.0,10.0
3879.466237342896,60.0,0.0,18.0,9.0,18.0,5.5,1.0,82.0,10.0
3879.4669040095628,70.0,0.0,18.0,9.0,18.0,5.5,1.0,82.0,10.0
3879.866904009563,70.0,0.0,18.0,9.0,18.0,5.5,1.0,82.0,10.0
3879.8675706762297,70.0,0.0,18.0,9.0,18.0,5.5,1.0,82.0,10.0
3880.2675706762298,70.0,0.0,18.0,9.0,18.0,5.5,1.0,82.0,10.0
3880.2682373428966,70.0,0.0,18.0,9.0,18.0,5.5,1.0,82.0,10.0
3880.6682373428966,70.0,0.0,18.0,9.0,18.0,5.5,1.0,82.0,10.0
3880.6689040095634,70.0,0.0,18.0,9.0,18.0,5.5,1.0,82.0,10.0
3881.0689040095635,70.0,0.0,18.0,9.0,18.0,5.5,1.0,82.0,10.0
3881.0695706762303,70.0,0.0,18.0,9.0,18.0,5.5,1.0,82.0,10.0
3881.4695706762304,70.0,0.0,18.0,9.0,18.0,5.5,1.0,82.0,10.0
3881.4702373428972,70.0,0.0,18.0,9.0,18.0,5.5,1.0,82.0,10.0
3881.8702373428973,70.0,0.0,18.0,9.0,18.0,5.5,1.0,82.0,10.0
3881.870904009564,60.0,0.0,18.0,9.0,18.0,5.5,1.0,82.0,10.0
3882.270904009564,60.0,0.0,18.0,9.0,18.0,5.5,1.0,82.0,10.0
3882.271570676231,60.0,0.0,18.0,9.0,18.0,5.5,1.0,82.0,10.0
3882.671570676231,60.0,0.0,18.0,9.0,18.0,5.5,1.0,82.0,10.0
3882.672237342898,60.0,0.0,18.0,9.0,18.0,5.5,1.0,82.0,10.0
3883.072237342898,60.0,0.0,18.0,9.0,18.0,5.5,1.0,82.0,10.0
3883.072904009565,60.0,0.0,18.0,9.0,18.0,5.5,1.0,82.0,10.0
3883.472904009565,60.0,0.0,18.0,9.0,18.0,5.5,1.0,82.0,10.0
3883.4735706762317,60.0,0.0,18.0,9.0,18.0,5.5,1.0,82.0,10.0
3883.873570676232,60.0,0.0,18.0,9.0,18.0,5.5,1.0,82.0,10.0
3883.8742373428986,60.0,0.0,18.0,9.0,18.0,5.5,1.0,82.0,10.0
3884.2742373428987,60.0,0.0,18.0,9.0,18.0,5.5,1.0,82.0,10.0
3884.2749040095655,60.0,0.0,18.0,9.0,18.0,5.5,1.0,82.0,10.0
3884.6749040095656,60.0,0.0,18.0,9.0,18.0,5.5,1.0,82.0,10.0
3884.6755706762324,60.0,0.0,18.0,9.0,18.0,5.5,1.0,82.0,10.0
3885.0755706762325,60.0,0.0,18.0,9.0,18.0,5.5,1.0,82.0,10.0
3885.0762373428993,60.0,0.0,18.0,9.0,18.0,5.5,1.0,82.0,10.0
3885.4762373428994,60.0,0.0,18.0,9.0,18.0,5.5,1.0,82.0,10.0
3885.476904009566,60.0,0.0,18.0,9.0,18.0,5.5,1.0,82.0,10.0
3885.8769040095663,60.0,0.0,18.0,9.0,18.0,5.5,1.0,82.0,10.0
3885.877570676233,60.0,0.0,18.0,9.0,18.0,5.5,1.0,82.0,10.0
3886.277570676233,60.0,0.0,18.0,9.0,18.0,5.5,1.0,82.0,10.0
3886.2782373429,60.0,0.0,18.0,9.0,18.0,5.5,1.0,82.0,10.0
3886.6782373429,60.0,0.0,18.0,9.0,18.0,5.5,1.0,82.0,10.0
3886.678904009567,60.0,0.0,18.0,9.0,18.0,5.5,1.0,82.0,10.0
3887.078904009567,60.0,0.0,18.0,9.0,18.0,5.5,1.0,82.0,10.0
3887.0795706762337,60.0,0.0,18.0,9.0,18.0,5.5,1.0,82.0,10.0
3887.479570676234,60.0,0.0,18.0,9.0,18.0,5.5,1.0,82.0,10.0
3887.4802373429006,60.0,0.0,18.0,9.0,18.0,5.5,1.0,82.0,10.0
3887.8802373429007,60.0,0.0,18.0,9.0,18.0,5.5,1.0,82.0,10.0
3887.8809040095675,60.0,0.0,18.0,9.0,18.0,5.5,1.0,82.0,10.0
3888.2809040095676,60.0,0.0,18.0,9.0,18.0,5.5,1.0,82.0,10.0
3888.2815706762344,60.0,0.0,18.0,9.0,18.0,5.5,1.0,82.0,10.0
3888.6815706762345,60.0,0.0,18.0,9.0,18.0,5.5,1.0,82.0,10.0
3888.6822373429013,60.0,0.0,18.0,9.0,18.0,5.5,1.0,82.0,10.0
3889.0822373429014,60.0,0.0,18.0,9.0,18.0,5.5,1.0,82.0,10.0
3889.082904009568,60.0,0.0,18.0,9.0,18.0,5.5,1.0,82.0,10.0
3889.4829040095683,60.0,0.0,18.0,9.0,18.0,5.5,1.0,82.0,10.0
3889.483570676235,60.0,0.0,18.0,9.0,18.0,5.5,1.0,82.0,10.0
3889.883570676235,60.0,0.0,18.0,9.0,18.0,5.5,1.0,82.0,10.0
3889.884237342902,60.0,0.0,18.0,9.0,18.0,5.5,1.0,82.0,10.0
3890.284237342902,60.0,0.0,18.0,9.0,18.0,5.5,1.0,82.0,10.0
3890.284904009569,60.0,0.0,18.0,9.0,18.0,5.5,1.0,82.0,10.0
3890.684904009569,60.0,0.0,18.0,9.0,18.0,5.5,1.0,82.0,10.0
3890.685570676236,60.0,0.0,18.0,9.0,18.0,5.5,1.0,82.0,10.0
3891.085570676236,60.0,0.0,18.0,9.0,18.0,5.5,1.0,82.0,10.0
3891.0862373429027,60.0,0.0,18.0,9.0,18.0,5.5,1.0,82.0,10.0
3891.4862373429028,60.0,0.0,18.0,9.0,18.0,5.5,1.0,82.0,10.0
3891.4869040095696,60.0,0.0,18.0,9.0,18.0,5.5,1.0,82.0,10.0
3891.8869040095697,60.0,0.0,18.0,9.0,18.0,5.5,1.0,82.0,10.0
3891.8875706762365,60.0,0.0,18.0,9.0,18.0,5.5,1.0,82.0,10.0
3892.2875706762366,60.0,0.0,18.0,9.0,18.0,5.5,1.0,82.0,10.0
3892.2882373429034,60.0,0.0,18.0,9.0,18.0,5.5,1.0,82.0,10.0
3892.6882373429034,60.0,0.0,18.0,9.0,18.0,5.5,1.0,82.0,10.0
3892.6889040095703,60.0,0.0,18.0,9.0,18.0,5.5,1.0,82.0,10.0
3893.0889040095703,60.0,0.0,18.0,9.0,18.0,5.5,1.0,82.0,10.0
3893.089570676237,60.0,0.0,18.0,9.0,18.0,5.5,1.0,82.0,10.0
3893.4895706762372,60.0,0.0,18.0,9.0,18.0,5.5,1.0,82.0,10.0
3893.490237342904,60.0,0.0,18.0,9.0,18.0,5.5,1.0,82.0,10.0
3893.890237342904,60.0,0.0,18.0,9.0,18.0,5.5,1.0,82.0,10.0
3893.890904009571,50.0,0.0,18.0,9.0,18.0,5.5,1.0,82.0,10.0
3894.290904009571,50.0,0.0,18.0,9.0,18.0,5.5,1.0,82.0,10.0
3894.291570676238,50.0,0.0,18.0,9.0,18.0,3.5,1.0,83.0,10.0
3894.691570676238,50.0,0.0,18.0,9.0,18.0,3.5,1.0,83.0,10.0
3894.6922373429047,50.0,0.0,18.0,9.0,18.0,3.5,1.0,83.0,10.0
3895.092237342905,50.0,0.0,18.0,9.0,18.0,3.5,1.0,83.0,10.0
3895.0929040095716,50.0,0.0,18.0,9.0,18.0,3.5,1.0,83.0,10.0
3895.4929040095717,50.0,0.0,18.0,9.0,18.0,3.5,1.0,83.0,10.0
3895.4935706762385,50.0,0.0,18.0,9.0,18.0,3.5,1.0,83.0,10.0
3895.8935706762386,50.0,0.0,18.0,9.0,18.0,3.5,1.0,83.0,10.0
3895.8942373429054,50.0,0.0,18.0,9.0,18.0,3.5,1.0,83.0,10.0
3896.2942373429055,50.0,0.0,18.0,9.0,18.0,3.5,1.0,83.0,10.0
3896.2949040095723,60.0,0.0,18.0,9.0,18.0,3.5,1.0,83.0,10.0
3896.6949040095724,60.0,0.0,18.0,9.0,18.0,3.5,1.0,83.0,10.0
3896.695570676239,60.0,0.0,18.0,9.0,18.0,3.5,1.0,83.0,10.0
3897.0955706762393,60.0,0.0,18.0,9.0,18.0,3.5,1.0,83.0,10.0
3897.096237342906,60.0,0.0,18.0,9.0,18.0,3.5,1.0,83.0,10.0
3897.496237342906,60.0,0.0,18.0,9.0,18.0,3.5,1.0,83.0,10.0
3897.496904009573,70.0,0.0,18.0,9.0,18.0,3.5,1.0,83.0,10.0
3897.896904009573,70.0,0.0,18.0,9.0,18.0,3.5,1.0,83.0,10.0
3897.89757067624,70.0,0.0,18.0,9.0,18.0,3.5,1.0,83.0,10.0
3898.29757067624,70.0,0.0,18.0,9.0,18.0,3.5,1.0,83.0,10.0
3898.2982373429068,70.0,0.0,18.0,9.0,18.0,3.5,1.0,83.0,10.0
3898.698237342907,70.0,0.0,18.0,9.0,18.0,3.5,1.0,83.0,10.0
3898.6989040095737,70.0,0.0,18.0,9.0,18.0,3.5,1.0,83.0,10.0
3899.0989040095737,70.0,0.0,18.0,9.0,18.0,3.5,1.0,83.0,10.0
3899.0995706762405,70.0,0.0,18.0,9.0,18.0,3.5,1.0,83.0,10.0
3899.4995706762406,70.0,0.0,18.0,9.0,18.0,3.5,1.0,83.0,10.0
3899.5002373429074,70.0,0.0,18.0,9.0,18.0,3.5,1.0,83.0,10.0
3899.9002373429075,70.0,0.0,18.0,9.0,18.0,3.5,1.0,83.0,10.0
3899.9009040095743,70.0,0.0,18.0,9.0,18.0,3.5,1.0,83.0,10.0
3900.3009040095744,70.0,0.0,18.0,9.0,18.0,3.5,1.0,83.0,10.0
3900.301570676241,70.0,0.0,18.0,9.0,18.0,3.5,1.0,83.0,10.0
3900.7015706762413,70.0,0.0,18.0,9.0,18.0,3.5,1.0,83.0,10.0
3900.702237342908,70.0,0.0,17.0,9.0,18.0,3.5,1.0,83.0,10.0
3901.102237342908,70.0,0.0,17.0,9.0,18.0,3.5,1.0,83.0,10.0
3901.102904009575,70.0,0.0,17.0,9.0,18.0,3.5,1.0,83.0,10.0
3901.502904009575,70.0,0.0,17.0,9.0,18.0,3.5,1.0,83.0,10.0
3901.503570676242,70.0,0.0,17.0,9.0,18.0,3.5,1.0,83.0,10.0
3901.903570676242,70.0,0.0,17.0,9.0,18.0,3.5,1.0,83.0,10.0
3901.904237342909,70.0,0.0,17.0,9.0,18.0,3.5,1.0,83.0,10.0
3902.304237342909,70.0,0.0,17.0,9.0,18.0,3.5,1.0,83.0,10.0
3902.3049040095757,70.0,0.0,17.0,9.0,18.0,3.5,1.0,83.0,10.0
3902.704904009576,70.0,0.0,17.0,9.0,18.0,3.5,1.0,83.0,10.0
3902.7055706762426,70.0,0.0,17.0,9.0,18.0,3.5,1.0,83.0,10.0
3903.1055706762427,70.0,0.0,17.0,9.0,18.0,3.5,1.0,83.0,10.0
3903.1062373429095,70.0,0.0,17.0,9.0,18.0,3.5,1.0,83.0,10.0
3903.5062373429096,70.0,0.0,17.0,9.0,18.0,3.5,1.0,83.0,10.0
3903.5069040095764,70.0,0.0,17.0,9.0,18.0,3.5,1.0,83.0,10.0
3903.9069040095765,70.0,0.0,17.0,9.0,18.0,3.5,1.0,83.0,10.0
3903.9075706762433,70.0,0.0,17.0,9.0,18.0,3.5,1.0,83.0,10.0
3904.3075706762434,70.0,0.0,17.0,9.0,18.0,3.5,1.0,83.0,10.0
3904.30823734291,70.0,0.0,17.0,9.0,18.0,3.5,1.0,83.0,10.0
3904.7082373429103,70.0,0.0,17.0,9.0,18.0,3.5,1.0,83.0,10.0
3904.708904009577,70.0,0.0,17.0,9.0,18.0,3.5,1.0,83.0,10.0
3905.108904009577,70.0,0.0,17.0,9.0,18.0,3.5,1.0,83.0,10.0
3905.109570676244,70.0,0.0,17.0,9.0,18.0,3.5,1.0,83.0,10.0
3905.509570676244,70.0,0.0,17.0,9.0,18.0,3.5,1.0,83.0,10.0
3905.510237342911,70.0,0.0,17.0,9.0,18.0,3.5,1.0,83.0,10.0
3905.910237342911,70.0,0.0,17.0,9.0,18.0,3.5,1.0,83.0,10.0
3905.9109040095777,70.0,0.0,17.0,9.0,18.0,3.5,1.0,83.0,10.0
3906.310904009578,70.0,0.0,17.0,9.0,18.0,3.5,1.0,83.0,10.0
3906.3115706762446,70.0,0.0,17.0,9.0,18.0,3.5,1.0,83.0,10.0
3906.7115706762447,70.0,0.0,17.0,9.0,18.0,3.5,1.0,83.0,10.0
3906.7122373429115,70.0,0.0,17.0,9.0,18.0,3.5,1.0,83.0,10.0
3907.1122373429116,70.0,0.0,17.0,9.0,18.0,3.5,1.0,83.0,10.0
3907.1129040095784,70.0,0.0,17.0,9.0,18.0,3.5,1.0,83.0,10.0
3907.5129040095785,70.0,0.0,17.0,9.0,18.0,3.5,1.0,83.0,10.0
3907.5135706762453,70.0,0.0,17.0,9.0,18.0,3.5,1.0,83.0,10.0
3907.9135706762454,70.0,0.0,17.0,9.0,18.0,3.5,1.0,83.0,10.0
3907.914237342912,70.0,0.0,17.0,9.0,18.0,3.5,1.0,83.0,10.0
3908.3142373429123,70.0,0.0,17.0,9.0,18.0,3.5,1.0,83.0,10.0
3908.314904009579,70.0,0.0,17.0,9.0,18.0,3.5,1.0,83.0,10.0
3908.714904009579,70.0,0.0,17.0,9.0,18.0,3.5,1.0,83.0,10.0
3908.715570676246,70.0,0.0,17.0,9.0,18.0,3.5,1.0,83.0,10.0
3909.115570676246,70.0,0.0,17.0,9.0,18.0,3.5,1.0,83.0,10.0
3909.116237342913,70.0,0.0,17.0,9.0,18.0,3.5,1.0,83.0,10.0
3909.516237342913,70.0,0.0,17.0,9.0,18.0,3.5,1.0,83.0,10.0
3909.51690400958,70.0,0.0,17.0,9.0,18.0,3.5,1.0,83.0,10.0
3909.91690400958,70.0,0.0,17.0,9.0,18.0,3.5,1.0,83.0,10.0
3909.9175706762467,70.0,0.0,17.0,9.0,18.0,3.5,1.0,83.0,10.0
3910.3175706762468,70.0,0.0,17.0,9.0,18.0,3.5,1.0,83.0,10.0
3910.3182373429136,70.0,0.0,17.0,9.0,18.0,3.5,1.0,83.0,10.0
3910.7182373429137,70.0,0.0,17.0,9.0,18.0,3.5,1.0,83.0,10.0
3910.7189040095805,70.0,0.0,17.0,9.0,18.0,3.5,1.0,83.0,10.0
3911.1189040095805,70.0,0.0,17.0,9.0,18.0,3.5,1.0,83.0,10.0
3911.1195706762473,70.0,0.0,17.0,9.0,18.0,3.5,1.0,83.0,10.0
3911.5195706762474,70.0,0.0,17.0,9.0,18.0,3.5,1.0,83.0,10.0
3911.5202373429142,70.0,0.0,17.0,9.0,18.0,3.5,1.0,83.0,10.0
3911.9202373429143,70.0,0.0,17.0,9.0,18.0,3.5,1.0,83.0,10.0
3911.920904009581,70.0,0.0,17.0,9.0,18.0,3.5,1.0,83.0,10.0
3912.320904009581,70.0,0.0,17.0,9.0,18.0,3.5,1.0,83.0,10.0
3912.321570676248,70.0,0.0,17.0,9.0,18.0,3.5,1.0,83.0,10.0
3912.721570676248,70.0,0.0,17.0,9.0,18.0,3.5,1.0,83.0,10.0
3912.722237342915,70.0,0.0,17.0,9.0,18.0,3.5,1.0,83.0,10.0
3913.122237342915,70.0,0.0,17.0,9.0,18.0,3.5,1.0,83.0,10.0
3913.122904009582,70.0,0.0,17.0,9.0,18.0,3.5,1.0,83.0,10.0
3913.522904009582,70.0,0.0,17.0,9.0,18.0,3.5,1.0,83.0,10.0
3913.5235706762487,70.0,0.0,17.0,9.0,18.0,3.5,1.0,83.0,10.0
3913.923570676249,70.0,0.0,17.0,9.0,18.0,3.5,1.0,83.0,10.0
3913.9242373429156,70.0,0.0,17.0,9.0,18.0,3.5,1.0,83.0,10.0
3914.3242373429157,70.0,0.0,17.0,9.0,18.0,3.5,1.0,83.0,10.0
3914.3249040095825,70.0,0.0,17.0,9.0,18.0,3.5,1.0,83.0,10.0
3914.7249040095826,70.0,0.0,17.0,9.0,18.0,3.5,1.0,83.0,10.0
3914.7255706762494,70.0,0.0,17.0,9.0,18.0,3.5,1.0,83.0,10.0
3915.1255706762495,70.0,0.0,17.0,9.0,18.0,3.5,1.0,83.0,10.0
3915.1262373429163,70.0,0.0,17.0,9.0,18.0,3.5,1.0,83.0,10.0
3915.5262373429164,70.0,0.0,17.0,9.0,18.0,3.5,1.0,83.0,10.0
3915.526904009583,70.0,0.0,17.0,9.0,18.0,3.5,1.0,83.0,10.0
3915.9269040095833,70.0,0.0,17.0,9.0,18.0,3.5,1.0,83.0,10.0
3915.92757067625,70.0,0.0,17.0,9.0,18.0,3.5,1.0,83.0,10.0
3916.32757067625,70.0,0.0,17.0,9.0,18.0,3.5,1.0,83.0,10.0
3916.328237342917,70.0,0.0,17.0,9.0,18.0,3.5,1.0,83.0,10.0
3916.728237342917,70.0,0.0,17.0,9.0,18.0,3.5,1.0,83.0,10.0
3916.728904009584,70.0,0.0,17.0,9.0,18.0,3.5,1.0,83.0,10.0
3917.128904009584,70.0,0.0,17.0,9.0,18.0,3.5,1.0,83.0,10.0
3917.1295706762508,70.0,0.0,17.0,9.0,18.0,3.5,1.0,83.0,10.0
3917.529570676251,70.0,0.0,17.0,9.0,18.0,3.5,1.0,83.0,10.0
3917.5302373429176,70.0,0.0,17.0,9.0,18.0,3.5,1.0,83.0,10.0
3917.9302373429177,70.0,0.0,17.0,9.0,18.0,3.5,1.0,83.0,10.0
3917.9309040095845,70.0,0.0,17.0,9.0,18.0,3.5,1.0,83.0,10.0
3918.3309040095846,70.0,0.0,17.0,9.0,18.0,3.5,1.0,83.0,10.0
3918.3315706762514,80.0,0.0,17.0,9.0,18.0,3.5,1.0,83.0,10.0
3918.7315706762515,80.0,0.0,17.0,9.0,18.0,3.5,1.0,83.0,10.0
3918.7322373429183,80.0,0.0,17.0,9.0,18.0,3.5,1.0,83.0,10.0
3919.1322373429184,80.0,0.0,17.0,9.0,18.0,3.5,1.0,83.0,10.0
3919.132904009585,80.0,0.0,17.0,9.0,18.0,3.5,1.0,82.0,10.0
3919.5329040095853,80.0,0.0,17.0,9.0,18.0,3.5,1.0,82.0,10.0
3919.533570676252,70.0,0.0,17.0,10.0,18.0,3.5,1.0,82.0,10.0
3919.933570676252,70.0,0.0,17.0,10.0,18.0,3.5,1.0,82.0,10.0
3919.934170676252,70.0,0.0,17.0,10.0,18.0,3.5,1.0,82.0,10.0
3920.334170676252,70.0,0.0,17.0,10.0,18.0,3.5,1.0,82.0,10.0
3920.334770676252,70.0,0.0,17.0,10.0,18.0,3.5,1.0,82.0,10.0
3920.734770676252,70.0,0.0,17.0,10.0,18.0,3.5,1.0,82.0,10.0
3920.735370676252,70.0,0.0,17.0,10.0,18.0,3.5,1.0,82.0,10.0
3921.135370676252,70.0,0.0,17.0,10.0,18.0,3.5,1.0,82.0,10.0
3921.135970676252,70.0,0.0,17.0,10.0,18.0,3.5,1.0,82.0,10.0
3921.535970676252,70.0,0.0,17.0,10.0,18.0,3.5,1.0,82.0,10.0
3921.536570676252,70.0,0.0,17.0,10.0,18.0,3.5,1.0,82.0,10.0
3921.936570676252,70.0,0.0,17.0,10.0,18.0,3.5,1.0,82.0,10.0
3921.9371706762518,70.0,0.0,17.0,10.0,18.0,3.5,1.0,82.0,10.0
3922.337170676252,70.0,0.0,17.0,10.0,18.0,3.5,1.0,82.0,10.0
3922.3377706762517,70.0,0.0,17.0,10.0,18.0,3.5,1.0,82.0,10.0
3922.737770676252,70.0,0.0,17.0,10.0,18.0,3.5,1.0,82.0,10.0
3922.7383706762516,70.0,0.0,17.0,10.0,18.0,3.5,1.0,82.0,10.0
3923.1383706762517,70.0,0.0,17.0,10.0,18.0,3.5,1.0,82.0,10.0
3923.1389706762516,70.0,0.0,17.0,10.0,18.0,3.5,1.0,82.0,10.0
3923.5389706762517,70.0,0.0,17.0,10.0,18.0,3.5,1.0,82.0,10.0
3923.5395706762515,70.0,0.0,17.0,10.0,18.0,3.5,1.0,82.0,10.0
3923.9395706762516,70.0,0.0,17.0,10.0,18.0,3.5,1.0,82.0,10.0
3923.9401706762515,70.0,0.0,17.0,10.0,18.0,3.5,1.0,82.0,10.0
3924.3401706762515,70.0,0.0,17.0,10.0,18.0,3.5,1.0,82.0,10.0
3924.3407706762514,70.0,0.0,17.0,10.0,18.0,3.5,1.0,82.0,10.0
3924.7407706762515,70.0,0.0,17.0,10.0,18.0,3.5,1.0,82.0,10.0
3924.7413706762513,70.0,0.0,17.0,10.0,18.0,3.5,1.0,82.0,10.0
3925.1413706762514,70.0,0.0,17.0,10.0,18.0,3.5,1.0,82.0,10.0
3925.1419706762513,70.0,0.0,17.0,10.0,18.0,3.5,1.0,82.0,10.0
3925.5419706762514,70.0,0.0,17.0,10.0,18.0,3.5,1.0,82.0,10.0
3925.542570676251,70.0,0.0,17.0,10.0,18.0,3.5,1.0,82.0,10.0
3925.9425706762513,70.0,0.0,17.0,10.0,18.0,3.5,1.0,82.0,10.0
3925.943170676251,70.0,0.0,17.0,10.0,18.0,3.5,1.0,82.0,10.0
3926.3431706762512,70.0,0.0,17.0,10.0,18.0,3.5,1.0,82.0,10.0
3926.343770676251,70.0,0.0,17.0,10.0,18.0,3.5,1.0,82.0,10.0
3926.743770676251,70.0,0.0,17.0,10.0,18.0,3.5,1.0,82.0,10.0
3926.744370676251,70.0,0.0,17.0,10.0,18.0,3.5,1.0,82.0,10.0
3927.144370676251,70.0,0.0,17.0,10.0,18.0,3.5,1.0,82.0,10.0
3927.144970676251,70.0,0.0,17.0,10.0,18.0,3.5,1.0,82.0,10.0
3927.544970676251,70.0,0.0,17.0,10.0,18.0,3.5,1.0,82.0,10.0
3927.545570676251,70.0,0.0,17.0,10.0,18.0,3.5,1.0,82.0,10.0
3927.945570676251,70.0,0.0,17.0,10.0,18.0,3.5,1.0,82.0,10.0
3927.946170676251,70.0,0.0,17.0,10.0,18.0,3.5,1.0,82.0,10.0
3928.346170676251,70.0,0.0,17.0,10.0,18.0,3.5,1.0,82.0,10.0
3928.346770676251,60.0,0.0,17.0,10.0,18.0,3.5,1.0,82.0,10.0
3928.746770676251,60.0,0.0,17.0,10.0,18.0,3.5,1.0,82.0,10.0
3928.7473706762507,60.0,0.0,17.0,10.0,18.0,3.5,1.0,82.0,10.0
3929.147370676251,60.0,0.0,17.0,10.0,18.0,3.5,1.0,82.0,10.0
3929.1479706762507,60.0,0.0,17.0,10.0,18.0,3.5,1.0,82.0,10.0
3929.5479706762508,60.0,0.0,17.0,10.0,18.0,3.5,1.0,82.0,10.0
3929.5485706762506,60.0,0.0,17.0,10.0,18.0,3.5,1.0,82.0,10.0
3929.9485706762507,60.0,0.0,17.0,10.0,18.0,3.5,1.0,82.0,10.0
3929.9491706762506,60.0,0.0,17.0,10.0,18.0,3.5,1.0,82.0,10.0
3930.3491706762507,60.0,0.0,17.0,10.0,18.0,3.5,1.0,82.0,10.0
3930.3497706762505,60.0,0.0,17.0,10.0,18.0,3.5,1.0,82.0,10.0
3930.7497706762506,60.0,0.0,17.0,10.0,18.0,3.5,1.0,82.0,10.0
3930.7503706762504,60.0,0.0,17.0,10.0,18.0,3.5,1.0,82.0,10.0
3931.1503706762505,60.0,0.0,17.0,10.0,18.0,3.5,1.0,82.0,10.0
3931.1509706762504,60.0,0.0,17.0,10.0,18.0,3.5,1.0,82.0,10.0
3931.5509706762505,60.0,0.0,17.0,10.0,18.0,3.5,1.0,82.0,10.0
3931.5515706762503,60.0,0.0,17.0,10.0,18.0,3.5,1.0,82.0,10.0
3931.9515706762504,60.0,0.0,17.0,10.0,18.0,3.5,1.0,82.0,10.0
3931.9521706762503,60.0,0.0,17.0,10.0,18.0,3.5,1.0,82.0,10.0
3932.3521706762504,60.0,0.0,17.0,10.0,18.0,3.5,1.0,82.0,10.0
3932.35277067625,60.0,0.0,17.0,10.0,18.0,3.5,1.0,82.0,10.0
3932.7527706762503,60.0,0.0,17.0,10.0,18.0,3.5,1.0,82.0,10.0
3932.75337067625,60.0,0.0,17.0,10.0,18.0,8.5,1.0,82.0,10.0
3933.1533706762502,60.0,0.0,17.0,10.0,18.0,8.5,1.0,82.0,10.0
3933.15397067625,60.0,0.0,17.0,10.0,18.0,8.5,1.0,82.0,10.0
3933.55397067625,60.0,0.0,17.0,10.0,18.0,8.5,1.0,82.0,10.0
3933.55457067625,60.0,0.0,17.0,10.0,18.0,8.5,1.0,82.0,10.0
3933.95457067625,60.0,0.0,17.0,10.0,18.0,8.5,1.0,82.0,10.0
3933.95517067625,60.0,0.0,17.0,10.0,18.0,8.5,1.0,82.0,10.0
3934.35517067625,60.0,0.0,17.0,10.0,18.0,8.5,1.0,82.0,10.0
3934.35577067625,60.0,0.0,17.0,10.0,18.0,8.5,1.0,82.0,10.0
3934.75577067625,60.0,0.0,17.0,10.0,18.0,8.5,1.0,82.0,10.0
3934.75637067625,60.0,0.0,17.0,10.0,18.0,8.5,1.0,82.0,10.0
3935.15637067625,60.0,0.0,17.0,10.0,18.0,8.5,1.0,82.0,10.0
3935.15697067625,60.0,0.0,17.0,10.0,18.0,8.5,1.0,82.0,10.0
3935.55697067625,60.0,0.0,17.0,10.0,18.0,8.5,1.0,82.0,10.0
3935.5575706762497,60.0,0.0,17.0,10.0,18.0,8.5,1.0,82.0,10.0
3935.95757067625,60.0,0.0,17.0,10.0,18.0,8.5,1.0,82.0,10.0
3935.9581706762497,60.0,0.0,17.0,10.0,18.0,8.5,1.0,82.0,10.0
3936.3581706762498,60.0,0.0,17.0,10.0,18.0,8.5,1.0,82.0,10.0
3936.3587706762496,60.0,0.0,17.0,10.0,18.0,8.5,1.0,82.0,10.0
3936.7587706762497,60.0,0.0,17.0,10.0,18.0,8.5,1.0,82.0,10.0
3936.7593706762495,60.0,0.0,17.0,10.0,18.0,8.5,1.0,82.0,10.0
3937.1593706762496,60.0,0.0,17.0,10.0,18.0,8.5,1.0,82.0,10.0
3937.1599706762495,60.0,0.0,17.0,10.0,18.0,8.5,1.0,82.0,10.0
3937.5599706762496,60.0,0.0,17.0,10.0,18.0,8.5,1.0,82.0,10.0
3937.5605706762494,60.0,0.0,17.0,10.0,18.0,8.5,1.0,82.0,10.0
3937.9605706762495,60.0,0.0,17.0,10.0,18.0,8.5,1.0,82.0,10.0
3937.9611706762494,60.0,0.0,17.0,10.0,18.0,8.5,1.0,82.0,10.0
3938.3611706762495,60.0,0.0,17.0,10.0,18.0,8.5,1.0,82.0,10.0
3938.3617706762493,60.0,0.0,17.0,10.0,18.0,8.5,1.0,82.0,10.0
3938.7617706762494,60.0,0.0,17.0,10.0,18.0,8.5,1.0,82.0,10.0
3938.7623706762492,60.0,0.0,17.0,10.0,18.0,8.5,1.0,82.0,10.0
3939.1623706762493,60.0,0.0,17.0,10.0,18.0,8.5,1.0,82.0,10.0
3939.162970676249,60.0,0.0,17.0,10.0,18.0,8.5,1.0,82.0,10.0
3939.5629706762493,60.0,0.0,17.0,10.0,18.0,8.5,1.0,82.0,10.0
3939.563570676249,60.0,0.0,17.0,10.0,18.0,8.5,1.0,82.0,10.0
3939.963570676249,60.0,0.0,17.0,10.0,18.0,8.5,1.0,82.0,10.0
3939.964170676249,60.0,0.0,17.0,10.0,18.0,8.5,1.0,82.0,10.0
3940.364170676249,60.0,0.0,17.0,10.0,18.0,8.5,1.0,82.0,10.0
3940.364770676249,60.0,0.0,17.0,10.0,18.0,8.5,1.0,82.0,10.0
3940.764770676249,60.0,0.0,17.0,10.0,18.0,8.5,1.0,82.0,10.0
3940.765370676249,60.0,0.0,17.0,10.0,18.0,8.5,1.0,82.0,10.0
3941.165370676249,60.0,0.0,17.0,10.0,18.0,8.5,1.0,82.0,10.0
3941.165970676249,60.0,0.0,17.0,10.0,18.0,8.5,1.0,82.0,10.0
3941.565970676249,60.0,0.0,17.0,10.0,18.0,8.5,1.0,82.0,10.0
3941.566570676249,60.0,0.0,17.0,10.0,18.0,8.5,1.0,82.0,10.0
3941.966570676249,60.0,0.0,17.0,10.0,18.0,8.5,1.0,82.0,10.0
3941.9671706762488,60.0,0.0,17.0,10.0,18.0,8.5,1.0,82.0,10.0
3942.367170676249,60.0,0.0,17.0,10.0,18.0,8.5,1.0,82.0,10.0
3942.3677706762487,60.0,0.0,17.0,10.0,18.0,8.5,1.0,82.0,10.0
3942.767770676249,60.0,0.0,17.0,10.0,18.0,8.5,1.0,82.0,10.0
3942.7683706762487,60.0,0.0,17.0,10.0,18.0,8.5,1.0,82.0,10.0
3943.1683706762487,60.0,0.0,17.0,10.0,18.0,8.5,1.0,82.0,10.0
3943.1689706762486,60.0,0.0,17.0,10.0,18.0,8.5,1.0,82.0,10.0
3943.5689706762487,60.0,0.0,17.0,10.0,18.0,8.5,1.0,82.0,10.0
3943.5695706762485,60.0,0.0,17.0,10.0,18.0,8.5,1.0,82.0,10.0
3943.9695706762486,60.0,0.0,17.0,10.0,18.0,8.5,1.0,82.0,10.0
3943.9701706762485,60.0,0.0,17.0,10.0,18.0,8.5,1.0,82.0,10.0
3944.3701706762486,60.0,0.0,17.0,10.0,18.0,8.5,1.0,82.0,10.0
3944.3707706762484,60.0,0.0,17.0,10.0,18.0,8.5,1.0,82.0,10.0
3944.7707706762485,60.0,0.0,17.0,10.0,18.0,8.5,1.0,82.0,10.0
3944.7713706762484,60.0,0.0,17.0,10.0,18.0,8.5,1.0,82.0,10.0
3945.1713706762484,60.0,0.0,17.0,10.0,18.0,8.5,1.0,82.0,10.0
3945.1719706762483,60.0,0.0,17.0,10.0,18.0,6.5,1.0,83.0,10.0
3945.5719706762484,60.0,0.0,17.0,10.0,18.0,6.5,1.0,83.0,10.0
3945.5725706762482,60.0,0.0,17.0,10.0,18.0,6.5,1.0,83.0,10.0
3945.9725706762483,60.0,0.0,17.0,10.0,18.0,6.5,1.0,83.0,10.0
3945.973170676248,60.0,0.0,17.0,10.0,18.0,6.5,1.0,83.0,10.0
3946.3731706762483,60.0,0.0,17.0,10.0,18.0,6.5,1.0,83.0,10.0
3946.373770676248,60.0,0.0,17.0,10.0,18.0,6.5,1.0,83.0,10.0
3946.773770676248,60.0,0.0,17.0,10.0,18.0,6.5,1.0,83.0,10.0
3946.774370676248,60.0,0.0,17.0,10.0,18.0,6.5,1.0,83.0,10.0
3947.174370676248,60.0,0.0,17.0,10.0,18.0,6.5,1.0,83.0,10.0
3947.174970676248,60.0,0.0,17.0,10.0,18.0,6.5,1.0,83.0,10.0
3947.574970676248,60.0,0.0,17.0,10.0,18.0,6.5,1.0,83.0,10.0
3947.575570676248,60.0,0.0,17.0,10.0,18.0,6.5,1.0,83.0,10.0
3947.975570676248,60.0,0.0,17.0,10.0,18.0,6.5,1.0,83.0,10.0
3947.976170676248,60.0,0.0,17.0,10.0,18.0,6.5,1.0,83.0,10.0
3948.376170676248,60.0,0.0,17.0,10.0,18.0,6.5,1.0,83.0,10.0
3948.376770676248,60.0,0.0,17.0,10.0,18.0,6.5,1.0,83.0,10.0
3948.776770676248,60.0,0.0,17.0,10.0,18.0,6.5,1.0,83.0,10.0
3948.7773706762478,60.0,0.0,17.0,10.0,18.0,6.5,1.0,83.0,10.0
3949.177370676248,60.0,0.0,17.0,10.0,18.0,6.5,1.0,83.0,10.0
3949.1779706762477,60.0,0.0,17.0,10.0,18.0,4.5,1.0,84.0,10.0
3949.577970676248,60.0,0.0,17.0,10.0,18.0,4.5,1.0,84.0,10.0
3949.5785706762476,60.0,0.0,17.0,10.0,18.0,4.5,1.0,84.0,10.0
3949.9785706762477,60.0,0.0,17.0,10.0,18.0,4.5,1.0,84.0,10.0
3949.9791706762476,70.0,0.0,17.0,10.0,18.0,4.5,1.0,84.0,10.0
3950.3791706762477,70.0,0.0,17.0,10.0,18.0,4.5,1.0,84.0,10.0
3950.3797706762475,70.0,0.0,17.0,10.0,18.0,4.5,1.0,84.0,10.0
3950.7797706762476,70.0,0.0,17.0,10.0,18.0,4.5,1.0,84.0,10.0
3950.7803706762475,70.0,0.0,17.0,10.0,18.0,4.5,1.0,84.0,10.0
3951.1803706762475,70.0,0.0,17.0,10.0,18.0,4.5,1.0,84.0,10.0
3951.1809706762474,70.0,0.0,17.0,10.0,18.0,4.5,1.0,84.0,10.0
3951.5809706762475,70.0,0.0,17.0,10.0,18.0,4.5,1.0,84.0,10.0
3951.5815706762473,60.0,0.0,17.0,10.0,18.0,4.5,1.0,84.0,10.0
3951.9815706762474,60.0,0.0,17.0,10.0,18.0,4.5,1.0,84.0,10.0
3951.9821706762473,60.0,0.0,17.0,10.0,18.0,4.5,1.0,84.0,10.0
3952.3821706762474,60.0,0.0,17.0,10.0,18.0,4.5,1.0,84.0,10.0
3952.382770676247,60.0,0.0,17.0,10.0,18.0,4.5,1.0,84.0,10.0
3952.7827706762473,60.0,0.0,17.0,10.0,18.0,4.5,1.0,84.0,10.0
3952.783370676247,70.0,0.0,17.0,10.0,18.0,4.5,1.0,84.0,10.0
3953.1833706762473,70.0,0.0,17.0,10.0,18.0,4.5,1.0,84.0,10.0
3953.183970676247,70.0,0.0,17.0,10.0,18.0,4.5,1.0,84.0,10.0
3953.583970676247,70.0,0.0,17.0,10.0,18.0,4.5,1.0,84.0,10.0
3953.584570676247,70.0,0.0,17.0,10.0,18.0,4.5,1.0,84.0,10.0
3953.984570676247,70.0,0.0,17.0,10.0,18.0,4.5,1.0,84.0,10.0
3953.985170676247,70.0,0.0,17.0,10.0,18.0,4.5,1.0,84.0,10.0
3954.385170676247,70.0,0.0,17.0,10.0,18.0,4.5,1.0,84.0,10.0
3954.385770676247,70.0,0.0,17.0,10.0,18.0,4.5,1.0,84.0,10.0
3954.785770676247,70.0,0.0,17.0,10.0,18.0,4.5,1.0,84.0,10.0
3954.786370676247,70.0,0.0,17.0,10.0,18.0,4.5,1.0,84.0,10.0
3955.186370676247,70.0,0.0,17.0,10.0,18.0,4.5,1.0,84.0,10.0
3955.186970676247,70.0,0.0,17.0,10.0,18.0,4.5,1.0,84.0,10.0
3955.586970676247,70.0,0.0,17.0,10.0,18.0,4.5,1.0,84.0,10.0
3955.5875706762467,70.0,0.0,17.0,10.0,18.0,4.5,1.0,84.0,10.0
3955.987570676247,70.0,0.0,17.0,10.0,18.0,4.5,1.0,84.0,10.0
3955.9881706762467,70.0,0.0,17.0,10.0,18.0,4.5,1.0,84.0,10.0
3956.388170676247,70.0,0.0,17.0,10.0,18.0,4.5,1.0,84.0,10.0
3956.3887706762466,70.0,0.0,17.0,10.0,18.0,4.5,1.0,84.0,10.0
3956.7887706762467,70.0,0.0,17.0,10.0,18.0,4.5,1.0,84.0,10.0
3956.7893706762466,70.0,0.0,17.0,10.0,18.0,4.5,1.0,84.0,10.0
3957.1893706762467,70.0,0.0,17.0,10.0,18.0,4.5,1.0,84.0,10.0
3957.1899706762465,70.0,0.0,17.0,10.0,18.0,4.5,1.0,84.0,10.0
3957.5899706762466,70.0,0.0,17.0,10.0,18.0,4.5,1.0,84.0,10.0
3957.5905706762464,70.0,0.0,17.0,10.0,18.0,4.5,1.0,84.0,10.0
3957.9905706762465,70.0,0.0,17.0,10.0,18.0,4.5,1.0,84.0,10.0
3957.9911706762464,70.0,0.0,17.0,10.0,18.0,4.5,1.0,84.0,10.0
3958.3911706762465,70.0,0.0,17.0,10.0,18.0,4.5,1.0,84.0,10.0
3958.3917706762463,70.0,0.0,17.0,10.0,18.0,4.5,1.0,84.0,10.0
3958.7917706762464,70.0,0.0,17.0,10.0,18.0,4.5,1.0,84.0,10.0
3958.7923706762463,70.0,0.0,17.0,10.0,18.0,4.5,1.0,84.0,10.0
3959.1923706762464,70.0,0.0,17.0,10.0,18.0,4.5,1.0,84.0,10.0
3959.192970676246,70.0,0.0,17.0,10.0,18.0,4.5,1.0,84.0,10.0
3959.5929706762463,70.0,0.0,17.0,10.0,18.0,4.5,1.0,84.0,10.0
3959.593570676246,70.0,0.0,17.0,10.0,18.0,4.5,1.0,84.0,10.0
3959.9935706762462,70.0,0.0,17.0,10.0,18.0,4.5,1.0,84.0,10.0
3959.994170676246,70.0,0.0,17.0,10.0,18.0,4.5,1.0,84.0,10.0
3960.394170676246,70.0,0.0,17.0,10.0,18.0,4.5,1.0,84.0,10.0
3960.394770676246,70.0,0.0,17.0,10.0,18.0,4.5,1.0,84.0,10.0
3960.794770676246,70.0,0.0,17.0,10.0,18.0,4.5,1.0,84.0,10.0
3960.795370676246,70.0,0.0,17.0,10.0,18.0,4.5,1.0,84.0,10.0
3961.195370676246,70.0,0.0,17.0,10.0,18.0,4.5,1.0,84.0,10.0
3961.195970676246,70.0,0.0,17.0,10.0,18.0,4.5,1.0,84.0,10.0
3961.595970676246,70.0,0.0,17.0,10.0,18.0,4.5,1.0,84.0,10.0
3961.596570676246,70.0,0.0,17.0,10.0,18.0,4.5,1.0,84.0,10.0
3961.996570676246,70.0,0.0,17.0,10.0,18.0,4.5,1.0,84.0,10.0
3961.997170676246,70.0,0.0,17.0,10.0,18.0,4.5,1.0,84.0,10.0
3962.397170676246,70.0,0.0,17.0,10.0,18.0,4.5,1.0,84.0,10.0
3962.3977706762457,60.0,0.0,17.0,10.0,18.0,4.5,1.0,84.0,10.0
3962.797770676246,60.0,0.0,17.0,10.0,18.0,4.5,1.0,84.0,10.0
3962.7983706762457,60.0,0.0,17.0,10.0,18.0,4.5,1.0,84.0,10.0
3963.1983706762458,60.0,0.0,17.0,10.0,18.0,4.5,1.0,84.0,10.0
3963.1989706762456,60.0,0.0,17.0,10.0,18.0,4.5,1.0,84.0,10.0
3963.5989706762457,60.0,0.0,17.0,10.0,18.0,4.5,1.0,84.0,10.0
3963.5995706762455,60.0,0.0,17.0,10.0,18.0,4.5,1.0,84.0,10.0
3963.9995706762456,60.0,0.0,17.0,10.0,18.0,4.5,1.0,84.0,10.0
3964.0001706762455,60.0,0.0,17.0,10.0,18.0,4.5,1.0,84.0,10.0
3964.4001706762456,60.0,0.0,17.0,10.0,18.0,4.5,1.0,84.0,10.0
3964.4007706762454,60.0,0.0,17.0,10.0,18.0,4.5,1.0,84.0,10.0
3964.8007706762455,60.0,0.0,17.0,10.0,18.0,4.5,1.0,84.0,10.0
3964.8013706762454,60.0,0.0,17.0,10.0,18.0,4.5,1.0,84.0,10.0
3965.2013706762455,60.0,0.0,17.0,10.0,18.0,4.5,1.0,84.0,10.0
3965.2019706762453,60.0,0.0,17.0,10.0,18.0,4.5,1.0,84.0,10.0
3965.6019706762454,60.0,0.0,17.0,10.0,18.0,4.5,1.0,84.0,10.0
3965.6025706762453,60.0,0.0,17.0,10.0,18.0,4.5,1.0,84.0,10.0
3966.0025706762453,60.0,0.0,17.0,10.0,18.0,4.5,1.0,84.0,10.0
3966.003170676245,60.0,0.0,17.0,10.0,18.0,4.5,1.0,84.0,10.0
3966.4031706762453,60.0,0.0,17.0,10.0,18.0,4.5,1.0,84.0,10.0
3966.403770676245,60.0,0.0,17.0,10.0,18.0,4.5,1.0,84.0,10.0
3966.803770676245,60.0,0.0,17.0,10.0,18.0,4.5,1.0,84.0,10.0
3966.804370676245,60.0,0.0,17.0,10.0,18.0,4.5,1.0,84.0,10.0
3967.204370676245,60.0,0.0,17.0,10.0,18.0,4.5,1.0,84.0,10.0
3967.204970676245,60.0,0.0,17.0,10.0,18.0,4.5,1.0,84.0,10.0
3967.604970676245,60.0,0.0,17.0,10.0,18.0,4.5,1.0,84.0,10.0
3967.605570676245,60.0,0.0,17.0,10.0,18.0,4.5,1.0,84.0,10.0
3968.005570676245,60.0,0.0,17.0,10.0,18.0,4.5,1.0,84.0,10.0
3968.006170676245,60.0,0.0,17.0,10.0,18.0,4.5,1.0,84.0,10.0
3968.406170676245,60.0,0.0,17.0,10.0,18.0,4.5,1.0,84.0,10.0
3968.406770676245,60.0,0.0,17.0,10.0,18.0,4.5,1.0,84.0,10.0
3968.806770676245,60.0,0.0,17.0,10.0,18.0,4.5,1.0,84.0,10.0
3968.807370676245,60.0,0.0,17.0,10.0,18.0,4.5,1.0,84.0,10.0
3969.207370676245,60.0,0.0,17.0,10.0,18.0,4.5,1.0,84.0,10.0
3969.2079706762447,60.0,0.0,17.0,10.0,18.0,4.5,1.0,84.0,10.0
3969.607970676245,60.0,0.0,17.0,10.0,18.0,4.5,1.0,84.0,10.0
3969.6085706762447,60.0,0.0,17.0,10.0,18.0,4.5,1.0,84.0,10.0
3970.0085706762447,60.0,0.0,17.0,10.0,18.0,4.5,1.0,84.0,10.0
3970.0091706762446,60.0,0.0,17.0,10.0,18.0,4.5,1.0,84.0,10.0
3970.4091706762447,60.0,0.0,17.0,10.0,18.0,4.5,1.0,84.0,10.0
3970.4097706762445,60.0,0.0,17.0,10.0,18.0,4.5,1.0,84.0,10.0
3970.8097706762446,60.0,0.0,17.0,10.0,18.0,4.5,1.0,84.0,10.0
3970.8103706762445,60.0,0.0,17.0,10.0,18.0,4.5,1.0,84.0,10.0
3971.2103706762446,60.0,0.0,17.0,10.0,18.0,4.5,1.0,84.0,10.0
3971.2109706762444,60.0,0.0,17.0,10.0,18.0,4.5,1.0,84.0,10.0
3971.6109706762445,60.0,0.0,17.0,10.0,18.0,4.5,1.0,84.0,10.0
3971.6115706762444,60.0,0.0,17.0,10.0,18.0,4.5,1.0,84.0,10.0
3972.0115706762444,60.0,0.0,17.0,10.0,18.0,4.5,1.0,84.0,10.0
3972.0121706762443,60.0,0.0,17.0,10.0,18.0,4.5,1.0,84.0,10.0
3972.4121706762444,60.0,0.0,17.0,10.0,18.0,4.5,1.0,84.0,10.0
3972.4127706762442,60.0,0.0,17.0,10.0,18.0,4.5,1.0,84.0,10.0
3972.8127706762443,60.0,0.0,17.0,10.0,18.0,4.5,1.0,84.0,10.0
3972.813370676244,60.0,0.0,17.0,10.0,18.0,4.5,1.0,84.0,10.0
3973.2133706762443,60.0,0.0,17.0,10.0,18.0,4.5,1.0,84.0,10.0
3973.213970676244,60.0,0.0,17.0,10.0,18.0,4.5,1.0,84.0,10.0
3973.613970676244,60.0,0.0,17.0,10.0,18.0,4.5,1.0,84.0,10.0
3973.614570676244,60.0,0.0,17.0,10.0,18.0,4.5,1.0,84.0,10.0
3974.014570676244,60.0,0.0,17.0,10.0,18.0,4.5,1.0,84.0,10.0
3974.015170676244,60.0,0.0,17.0,10.0,18.0,4.5,1.0,84.0,10.0
3974.415170676244,60.0,0.0,17.0,10.0,18.0,4.5,1.0,84.0,10.0
3974.415770676244,60.0,0.0,17.0,10.0,18.0,4.5,1.0,84.0,10.0
3974.815770676244,60.0,0.0,17.0,10.0,18.0,4.5,1.0,84.0,10.0
3974.816370676244,60.0,0.0,17.0,10.0,18.0,4.5,1.0,84.0,10.0
3975.216370676244,60.0,0.0,17.0,10.0,18.0,4.5,1.0,84.0,10.0
3975.216970676244,60.0,0.0,17.0,10.0,18.0,4.5,1.0,84.0,10.0
3975.616970676244,60.0,0.0,17.0,10.0,18.0,4.5,1.0,84.0,10.0
3975.6175706762438,60.0,0.0,17.0,10.0,18.0,4.5,1.0,84.0,10.0
3976.017570676244,60.0,0.0,17.0,10.0,18.0,4.5,1.0,84.0,10.0
3976.0181706762437,60.0,0.0,17.0,10.0,18.0,4.5,1.0,84.0,10.0
3976.418170676244,60.0,0.0,17.0,10.0,18.0,4.5,1.0,84.0,10.0
3976.4187706762436,60.0,0.0,17.0,10.0,18.0,4.5,1.0,84.0,10.0
3976.8187706762437,60.0,0.0,17.0,10.0,18.0,4.5,1.0,84.0,10.0
3976.8193706762436,60.0,0.0,17.0,10.0,18.0,4.5,1.0,84.0,10.0
3977.2193706762437,60.0,0.0,17.0,10.0,18.0,4.5,1.0,84.0,10.0
3977.2199706762435,60.0,0.0,17.0,10.0,18.0,4.5,1.0,84.0,10.0
3977.6199706762436,60.0,0.0,17.0,10.0,18.0,4.5,1.0,84.0,10.0
3977.6205706762435,60.0,0.0,17.0,10.0,18.0,4.5,1.0,84.0,10.0
3978.0205706762436,60.0,0.0,17.0,10.0,18.0,4.5,1.0,84.0,10.0
3978.0211706762434,60.0,0.0,17.0,10.0,18.0,4.5,1.0,84.0,10.0
3978.4211706762435,60.0,0.0,17.0,10.0,18.0,4.5,1.0,84.0,10.0
3978.4217706762433,60.0,0.0,17.0,10.0,18.0,4.5,1.0,84.0,10.0
3978.8217706762434,60.0,0.0,17.0,10.0,18.0,4.5,1.0,84.0,10.0
3978.8223706762433,60.0,0.0,17.0,10.0,18.0,4.5,1.0,84.0,10.0
3979.2223706762434,60.0,0.0,17.0,10.0,18.0,4.5,1.0,84.0,10.0
3979.222970676243,60.0,0.0,17.0,10.0,18.0,4.5,1.0,84.0,10.0
3979.6229706762433,60.0,0.0,17.0,10.0,18.0,4.5,1.0,84.0,10.0
3979.623570676243,60.0,0.0,17.0,10.0,18.0,4.5,1.0,84.0,10.0
3980.0235706762433,60.0,0.0,17.0,10.0,18.0,4.5,1.0,84.0,10.0
3980.024170676243,70.0,0.0,17.0,10.0,18.0,4.5,1.0,84.0,10.0
3980.424170676243,70.0,0.0,17.0,10.0,18.0,4.5,1.0,84.0,10.0
3980.424770676243,70.0,0.0,17.0,10.0,18.0,4.5,1.0,84.0,10.0
3980.824770676243,70.0,0.0,17.0,10.0,18.0,4.5,1.0,84.0,10.0
3980.825370676243,70.0,0.0,17.0,10.0,18.0,4.5,1.0,84.0,10.0
3981.225370676243,70.0,0.0,17.0,10.0,18.0,4.5,1.0,84.0,10.0
3981.225970676243,70.0,0.0,17.0,10.0,18.0,4.5,1.0,84.0,10.0
3981.625970676243,70.0,0.0,17.0,10.0,18.0,4.5,1.0,84.0,10.0
3981.626570676243,80.0,0.0,17.0,10.0,18.0,4.5,1.0,84.0,10.0
3982.026570676243,80.0,0.0,17.0,10.0,18.0,4.5,1.0,84.0,10.0
3982.027170676243,80.0,0.0,17.0,10.0,18.0,4.5,1.0,84.0,10.0
3982.427170676243,80.0,0.0,17.0,10.0,18.0,4.5,1.0,84.0,10.0
3982.4277706762427,80.0,0.0,17.0,10.0,18.0,4.5,1.0,84.0,10.0
3982.827770676243,80.0,0.0,17.0,10.0,18.0,4.5,1.0,84.0,10.0
3982.8283706762427,80.0,0.0,17.0,10.0,18.0,4.5,1.0,84.0,10.0
3983.228370676243,80.0,0.0,17.0,10.0,18.0,4.5,1.0,84.0,10.0
3983.2289706762426,80.0,0.0,17.0,10.0,18.0,4.5,1.0,84.0,10.0
3983.6289706762427,80.0,0.0,17.0,10.0,18.0,4.5,1.0,84.0,10.0
3983.6295706762426,80.0,0.0,17.0,10.0,18.0,4.5,1.0,84.0,10.0
3984.0295706762427,80.0,0.0,17.0,10.0,18.0,4.5,1.0,84.0,10.0
3984.0301706762425,80.0,0.0,17.0,10.0,18.0,4.5,1.0,84.0,10.0
3984.4301706762426,80.0,0.0,17.0,10.0,18.0,4.5,1.0,84.0,10.0
3984.4307706762424,80.0,0.0,17.0,10.0,18.0,4.5,1.0,84.0,10.0
3984.8307706762425,80.0,0.0,17.0,10.0,18.0,4.5,1.0,84.0,10.0
3984.8313706762424,80.0,0.0,17.0,10.0,18.0,4.5,1.0,84.0,10.0
3985.2313706762425,80.0,0.0,17.0,10.0,18.0,4.5,1.0,84.0,10.0
3985.2319706762423,80.0,0.0,17.0,10.0,18.0,4.5,1.0,84.0,10.0
3985.6319706762424,80.0,0.0,17.0,10.0,18.0,4.5,1.0,84.0,10.0
3985.6325706762423,80.0,0.0,17.0,10.0,18.0,4.5,1.0,84.0,10.0
3986.0325706762424,80.0,0.0,17.0,10.0,18.0,4.5,1.0,84.0,10.0
3986.033170676242,80.0,0.0,17.0,10.0,18.0,4.5,1.0,84.0,10.0
3986.4331706762423,80.0,0.0,17.0,10.0,18.0,4.5,1.0,84.0,10.0
3986.433770676242,80.0,0.0,17.0,10.0,18.0,4.5,1.0,84.0,10.0
3986.8337706762422,80.0,0.0,17.0,10.0,18.0,4.5,1.0,84.0,10.0
3986.834370676242,80.0,0.0,17.0,10.0,18.0,4.5,1.0,84.0,10.0
3987.234370676242,80.0,0.0,17.0,10.0,18.0,4.5,1.0,84.0,10.0
3987.234970676242,80.0,0.0,17.0,10.0,18.0,4.5,1.0,84.0,10.0
3987.634970676242,80.0,0.0,17.0,10.0,18.0,4.5,1.0,84.0,10.0
3987.635570676242,80.0,0.0,17.0,10.0,18.0,4.5,1.0,84.0,10.0
3988.035570676242,80.0,0.0,17.0,10.0,18.0,4.5,1.0,84.0,10.0
3988.036170676242,70.0,0.0,17.0,10.0,18.0,4.5,1.0,84.0,10.0
3988.436170676242,70.0,0.0,17.0,10.0,18.0,4.5,1.0,84.0,10.0
3988.436770676242,80.0,0.0,17.0,10.0,18.0,4.5,1.0,84.0,10.0
3988.836770676242,80.0,0.0,17.0,10.0,18.0,4.5,1.0,84.0,10.0
3988.837370676242,80.0,0.0,17.0,10.0,18.0,4.5,1.0,84.0,10.0
3989.237370676242,80.0,0.0,17.0,10.0,18.0,4.5,1.0,84.0,10.0
3989.2379706762417,80.0,0.0,17.0,10.0,18.0,4.5,1.0,84.0,10.0
3989.637970676242,80.0,0.0,17.0,10.0,18.0,4.5,1.0,84.0,10.0
3989.6385706762417,80.0,0.0,17.0,10.0,18.0,4.5,1.0,84.0,10.0
3990.0385706762418,80.0,0.0,17.0,10.0,18.0,4.5,1.0,84.0,10.0
3990.0391706762416,80.0,0.0,17.0,10.0,18.0,4.5,1.0,84.0,10.0
3990.4391706762417,80.0,0.0,17.0,10.0,18.0,4.5,1.0,84.0,10.0
3990.4397706762416,80.0,0.0,17.0,10.0,18.0,4.5,1.0,84.0,10.0
3990.8397706762416,80.0,0.0,17.0,10.0,18.0,4.5,1.0,84.0,10.0
3990.8403706762415,80.0,0.0,17.0,10.0,18.0,4.5,1.0,84.0,10.0
3991.2403706762416,80.0,0.0,17.0,10.0,18.0,4.5,1.0,84.0,10.0
3991.2409706762414,80.0,0.0,17.0,10.0,18.0,4.5,1.0,84.0,10.0
3991.6409706762415,80.0,0.0,17.0,10.0,18.0,4.5,1.0,84.0,10.0
3991.6415706762414,80.0,0.0,17.0,10.0,18.0,4.5,1.0,84.0,10.0
3992.0415706762415,80.0,0.0,17.0,10.0,18.0,4.5,1.0,84.0,10.0
3992.0421706762413,80.0,0.0,17.0,10.0,18.0,4.5,1.0,84.0,10.0
3992.4421706762414,80.0,0.0,17.0,10.0,18.0,4.5,1.0,84.0,10.0
3992.4427706762413,80.0,0.0,17.0,10.0,18.0,4.5,1.0,84.0,10.0
3992.8427706762413,80.0,0.0,17.0,10.0,18.0,4.5,1.0,84.0,10.0
3992.843370676241,80.0,0.0,17.0,10.0,18.0,4.5,1.0,84.0,10.0
3993.2433706762413,80.0,0.0,17.0,10.0,18.0,4.5,1.0,84.0,10.0
3993.243970676241,80.0,0.0,17.0,10.0,18.0,4.5,1.0,84.0,10.0
3993.643970676241,80.0,0.0,17.0,10.0,18.0,4.5,1.0,84.0,10.0
3993.644570676241,80.0,0.0,17.0,10.0,18.0,4.5,1.0,84.0,10.0
3994.044570676241,80.0,0.0,17.0,10.0,18.0,4.5,1.0,84.0,10.0
3994.045170676241,80.0,0.0,17.0,10.0,18.0,4.5,1.0,84.0,10.0
3994.445170676241,80.0,0.0,17.0,10.0,18.0,4.5,1.0,84.0,10.0
3994.445770676241,80.0,0.0,17.0,10.0,18.0,4.5,1.0,84.0,10.0
3994.845770676241,80.0,0.0,17.0,10.0,18.0,4.5,1.0,84.0,10.0
3994.846370676241,80.0,0.0,17.0,10.0,18.0,4.5,1.0,84.0,10.0
3995.246370676241,80.0,0.0,17.0,10.0,18.0,4.5,1.0,84.0,10.0
3995.246970676241,80.0,0.0,17.0,10.0,18.0,4.5,1.0,84.0,10.0
3995.646970676241,80.0,0.0,17.0,10.0,18.0,4.5,1.0,84.0,10.0
3995.647570676241,80.0,0.0,17.0,10.0,18.0,4.5,1.0,84.0,10.0
3996.047570676241,80.0,0.0,17.0,10.0,18.0,4.5,1.0,84.0,10.0
3996.0481706762407,80.0,0.0,17.0,10.0,18.0,4.5,1.0,84.0,10.0
3996.448170676241,80.0,0.0,17.0,10.0,18.0,4.5,1.0,84.0,10.0
3996.4487706762407,70.0,0.0,17.0,10.0,18.0,4.5,1.0,84.0,10.0
3996.8487706762407,70.0,0.0,17.0,10.0,18.0,4.5,1.0,84.0,10.0
3996.8493706762406,70.0,0.0,17.0,10.0,18.0,4.5,1.0,84.0,10.0
3997.2493706762407,70.0,0.0,17.0,10.0,18.0,4.5,1.0,84.0,10.0
3997.2499706762405,70.0,0.0,17.0,10.0,18.0,4.5,1.0,84.0,10.0
3997.6499706762406,70.0,0.0,17.0,10.0,18.0,4.5,1.0,84.0,10.0
3997.6505706762405,70.0,0.0,17.0,10.0,18.0,4.5,1.0,84.0,10.0
3998.0505706762406,70.0,0.0,17.0,10.0,18.0,4.5,1.0,84.0,10.0
3998.0511706762404,70.0,0.0,17.0,10.0,18.0,4.5,1.0,84.0,10.0
3998.4511706762405,70.0,0.0,17.0,10.0,18.0,4.5,1.0,84.0,10.0
3998.4517706762404,70.0,0.0,17.0,10.0,18.0,4.5,1.0,84.0,10.0
3998.8517706762404,70.0,0.0,17.0,10.0,18.0,4.5,1.0,84.0,10.0
3998.8523706762403,70.0,0.0,17.0,10.0,18.0,4.5,1.0,84.0,10.0
3999.2523706762404,70.0,0.0,17.0,10.0,18.0,4.5,1.0,84.0,10.0
3999.2529706762402,70.0,0.0,17.0,10.0,18.0,4.5,1.0,84.0,10.0
3999.6529706762403,70.0,0.0,17.0,10.0,18.0,4.5,1.0,84.0,10.0
3999.65357067624,70.0,0.0,17.0,10.0,18.0,4.5,1.0,84.0,10.0
4000.0535706762403,70.0,0.0,17.0,10.0,18.0,4.5,1.0,84.0,10.0
4000.05417067624,70.0,0.0,17.0,10.0,18.0,4.5,1.0,84.0,10.0
